run_id,strategy,season,plot_x,plot_y,grain_tha,pest_loss_tha,spray_count,resistant_fraction
none_0,none,1,0,0,2.3571146807175167,1.6504629192824831,0,0.0
none_0,none,1,1,0,2.2626344395768965,1.7449431604231034,0,0.0
none_0,none,1,2,0,2.292944572091289,1.7146330279087112,0,0.0
none_0,none,1,3,0,2.286685240444437,1.720892359555563,0,0.0
none_0,none,1,4,0,2.2691186697355916,1.738458930264409,0,0.0
none_0,none,1,5,0,2.292345761117914,1.7152318388820857,0,0.0
none_0,none,1,6,0,2.3070616411591383,1.7005159588408618,0,0.0
none_0,none,1,7,0,2.337030794623892,1.670546805376108,0,0.0
none_0,none,1,8,0,2.2531397372170794,1.754437862782921,0,0.0
none_0,none,1,9,0,2.383265399993369,1.6243122000066301,0,0.0
none_0,none,1,0,1,2.243382902101273,1.7641946978987282,0,0.0
none_0,none,1,1,1,2.1692624878565563,1.838315112143445,0,0.0
none_0,none,1,2,1,2.2047410013085216,1.8028365986914794,0,0.0
none_0,none,1,3,1,2.220657828969948,1.7869197710300533,0,0.0
none_0,none,1,4,1,2.21072827136356,1.7968493286364406,0,0.0
none_0,none,1,5,1,2.2216803994306606,1.78589720056934,0,0.0
none_0,none,1,6,1,2.242382725675089,1.7651948743249113,0,0.0
none_0,none,1,7,1,2.206476404075841,1.80110119592416,0,0.0
none_0,none,1,8,1,2.1954856493974986,1.8120919506025022,0,0.0
none_0,none,1,9,1,2.2315578661107454,1.7760197338892558,0,0.0
none_0,none,1,0,2,2.2828483867480562,1.7247292132519443,0,0.0
none_0,none,1,1,2,2.194178439146145,1.813399160853856,0,0.0
none_0,none,1,2,2,2.2265824205135814,1.7809951794864196,0,0.0
none_0,none,1,3,2,2.2415895345531034,1.765988065446897,0,0.0
none_0,none,1,4,2,2.2569093414043473,1.7506682585956534,0,0.0
none_0,none,1,5,2,2.244672426102363,1.7629051738976376,0,0.0
none_0,none,1,6,2,2.236614592167314,1.7709630078326868,0,0.0
none_0,none,1,7,2,2.2303098218466584,1.7772677781533421,0,0.0
none_0,none,1,8,2,2.207379665374437,1.8001979346255643,0,0.0
none_0,none,1,9,2,2.2551614563374027,1.752416143662598,0,0.0
none_0,none,1,0,3,2.3063100102551433,1.7012675897448568,0,0.0
none_0,none,1,1,3,2.243508707818606,1.764068892181395,0,0.0
none_0,none,1,2,3,2.26214499387547,1.7454326061245302,0,0.0
none_0,none,1,3,3,2.2525446110338776,1.7550329889661231,0,0.0
none_0,none,1,4,3,2.267492412810463,1.740085187189537,0,0.0
none_0,none,1,5,3,2.2305385458195572,1.7770390541804437,0,0.0
none_0,none,1,6,3,2.2406097591495366,1.766967840850464,0,0.0
none_0,none,1,7,3,2.224639437212768,1.782938162787233,0,0.0
none_0,none,1,8,3,2.2487253357496324,1.758852264250368,0,0.0
none_0,none,1,9,3,2.278909682298524,1.728667917701477,0,0.0
none_0,none,1,0,4,2.2836495621825157,1.7239280378174844,0,0.0
none_0,none,1,1,4,2.2523639370518818,1.7552136629481183,0,0.0
none_0,none,1,2,4,2.2382228471909404,1.7693547528090596,0,0.0
none_0,none,1,3,4,2.250234881225343,1.757342718774657,0,0.0
none_0,none,1,4,4,2.261740942329363,1.745836657670637,0,0.0
none_0,none,1,5,4,2.2563048799185874,1.7512727200814127,0,0.0
none_0,none,1,6,4,2.227542548843191,1.78003505115681,0,0.0
none_0,none,1,7,4,2.23885021830009,1.7687273816999107,0,0.0
none_0,none,1,8,4,2.2141710604252287,1.7934065395747718,0,0.0
none_0,none,1,9,4,2.292695913696335,1.7148816863036647,0,0.0
none_0,none,1,0,5,2.29040901350508,1.7171685864949198,0,0.0
none_0,none,1,1,5,2.2298414785977965,1.7777361214022043,0,0.0
none_0,none,1,2,5,2.2893524164178345,1.7182251835821654,0,0.0
none_0,none,1,3,5,2.251030116499053,1.7565474835009474,0,0.0
none_0,none,1,4,5,2.2587699842366353,1.7488076157633654,0,0.0
none_0,none,1,5,5,2.2623472887616787,1.7452303112383214,0,0.0
none_0,none,1,6,5,2.241373975002187,1.7662036249978132,0,0.0
none_0,none,1,7,5,2.26541903917742,1.74215856082258,0,0.0
none_0,none,1,8,5,2.2299286854189417,1.777648914581059,0,0.0
none_0,none,1,9,5,2.307988973907705,1.699588626092295,0,0.0
none_0,none,1,0,6,2.2953395198560016,1.7122380801439985,0,0.0
none_0,none,1,1,6,2.2341532748542434,1.7734243251457573,0,0.0
none_0,none,1,2,6,2.2571548035065634,1.750422796493437,0,0.0
none_0,none,1,3,6,2.2456173871402245,1.7619602128597764,0,0.0
none_0,none,1,4,6,2.241835377912524,1.7657422220874768,0,0.0
none_0,none,1,5,6,2.2318524348922075,1.7757251651077932,0,0.0
none_0,none,1,6,6,2.2923498128773008,1.715227787122699,0,0.0
none_0,none,1,7,6,2.2604209316107133,1.747156668389287,0,0.0
none_0,none,1,8,6,2.207865324639612,1.7997122753603887,0,0.0
none_0,none,1,9,6,2.254227404947424,1.753350195052577,0,0.0
none_0,none,1,0,7,2.2531769118720235,1.7544006881279774,0,0.0
none_0,none,1,1,7,2.20056721280289,1.8070103871971108,0,0.0
none_0,none,1,2,7,2.2393642887538525,1.7682133112461482,0,0.0
none_0,none,1,3,7,2.232240146550654,1.7753374534493471,0,0.0
none_0,none,1,4,7,2.2424015255473475,1.7651760744526532,0,0.0
none_0,none,1,5,7,2.2431831605148465,1.7643944394851545,0,0.0
none_0,none,1,6,7,2.2459905623643395,1.7615870376356608,0,0.0
none_0,none,1,7,7,2.2227912425342917,1.784786357465709,0,0.0
none_0,none,1,8,7,2.203474920649978,1.8041026793500228,0,0.0
none_0,none,1,9,7,2.293277728986831,1.7142998710131687,0,0.0
none_0,none,1,0,8,2.215197754121565,1.7923798458784361,0,0.0
none_0,none,1,1,8,2.177934193032947,1.8296434069670542,0,0.0
none_0,none,1,2,8,2.225126829754377,1.7824507702456236,0,0.0
none_0,none,1,3,8,2.2146601814268796,1.7929174185731214,0,0.0
none_0,none,1,4,8,2.212792167271437,1.7947854327285637,0,0.0
none_0,none,1,5,8,2.2160268618299535,1.791550738170047,0,0.0
none_0,none,1,6,8,2.195825271608275,1.811752328391726,0,0.0
none_0,none,1,7,8,2.2054550838128417,1.8021225161871592,0,0.0
none_0,none,1,8,8,2.203198494005052,1.8043791059949497,0,0.0
none_0,none,1,9,8,2.2751027820374192,1.732474817962581,0,0.0
none_0,none,1,0,9,2.349539555959402,1.6580380440405973,0,0.0
none_0,none,1,1,9,2.232774526592811,1.77480307340719,0,0.0
none_0,none,1,2,9,2.2571674961045325,1.7504101038954683,0,0.0
none_0,none,1,3,9,2.2817826215831816,1.725794978416819,0,0.0
none_0,none,1,4,9,2.282273362539309,1.7253042374606913,0,0.0
none_0,none,1,5,9,2.3008352376959342,1.7067423623040656,0,0.0
none_0,none,1,6,9,2.272338574920152,1.7352390250798488,0,0.0
none_0,none,1,7,9,2.2626322289150416,1.7449453710849592,0,0.0
none_0,none,1,8,9,2.2668713941991667,1.7407062058008336,0,0.0
none_0,none,1,9,9,2.4875015675843093,1.5200760324156897,0,0.0
none_2,none,1,0,0,2.3744168540799397,1.6331607459200592,0,0.0
none_2,none,1,1,0,2.262057029453595,1.7455205705464056,0,0.0
none_2,none,1,2,0,2.279526903953025,1.728050696046975,0,0.0
none_2,none,1,3,0,2.2689579685360957,1.7386196314639049,0,0.0
none_2,none,1,4,0,2.290986225537106,1.716591374462894,0,0.0
none_2,none,1,5,0,2.319960557263384,1.687617042736616,0,0.0
none_2,none,1,6,0,2.2880013915440607,1.7195762084559396,0,0.0
none_2,none,1,7,0,2.2880293959299003,1.7195482040701,0,0.0
none_2,none,1,8,0,2.257665337171763,1.7499122628282373,0,0.0
none_2,none,1,9,0,2.354628596699542,1.6529490033004575,0,0.0
none_2,none,1,0,1,2.2807297598509884,1.7268478401490117,0,0.0
none_2,none,1,1,1,2.198475221715807,1.8091023782841942,0,0.0
none_2,none,1,2,1,2.224063042641543,1.783514557358458,0,0.0
none_2,none,1,3,1,2.2276032340167444,1.7799743659832563,0,0.0
none_2,none,1,4,1,2.2258774086658173,1.7817001913341832,0,0.0
none_2,none,1,5,1,2.246821774617863,1.7607558253821376,0,0.0
none_2,none,1,6,1,2.1987531067134523,1.8088244932865485,0,0.0
none_2,none,1,7,1,2.2140995146772533,1.7934780853227477,0,0.0
none_2,none,1,8,1,2.183913136903021,1.82366446309698,0,0.0
none_2,none,1,9,1,2.242001291637478,1.765576308362523,0,0.0
none_2,none,1,0,2,2.2889337976175335,1.7186438023824666,0,0.0
none_2,none,1,1,2,2.1950558879048225,1.8125217120951786,0,0.0
none_2,none,1,2,2,2.2380236469364996,1.7695539530635012,0,0.0
none_2,none,1,3,2,2.2385832267362544,1.7689943732637456,0,0.0
none_2,none,1,4,2,2.251622025641391,1.7559555743586095,0,0.0
none_2,none,1,5,2,2.2391870058291734,1.7683905941708273,0,0.0
none_2,none,1,6,2,2.2510154324265383,1.7565621675734622,0,0.0
none_2,none,1,7,2,2.21640644831347,1.791171151686531,0,0.0
none_2,none,1,8,2,2.210584029481509,1.7969935705184916,0,0.0
none_2,none,1,9,2,2.2776566745270177,1.7299209254729824,0,0.0
none_2,none,1,0,3,2.2669887798414687,1.7405888201585311,0,0.0
none_2,none,1,1,3,2.2036651108624503,1.8039124891375509,0,0.0
none_2,none,1,2,3,2.2187037640766807,1.7888738359233203,0,0.0
none_2,none,1,3,3,2.22853656404346,1.7790410359565412,0,0.0
none_2,none,1,4,3,2.24996029926963,1.7576173007303706,0,0.0
none_2,none,1,5,3,2.2312765825114527,1.7763010174885485,0,0.0
none_2,none,1,6,3,2.2264997723035025,1.7810778276964983,0,0.0
none_2,none,1,7,3,2.2458333598204487,1.761744240179552,0,0.0
none_2,none,1,8,3,2.205616108248484,1.801961491751517,0,0.0
none_2,none,1,9,3,2.3283337816356497,1.6792438183643499,0,0.0
none_2,none,1,0,4,2.2903318872282434,1.7172457127717566,0,0.0
none_2,none,1,1,4,2.2240455757740416,1.7835320242259591,0,0.0
none_2,none,1,2,4,2.2286848650064464,1.7788927349935544,0,0.0
none_2,none,1,3,4,2.2182349964477557,1.7893426035522444,0,0.0
none_2,none,1,4,4,2.24735973143892,1.7602178685610803,0,0.0
none_2,none,1,5,4,2.2358405560374375,1.7717370439625633,0,0.0
none_2,none,1,6,4,2.2070773789693208,1.8005002210306802,0,0.0
none_2,none,1,7,4,2.2375711711171493,1.7700064288828516,0,0.0
none_2,none,1,8,4,2.224833927218971,1.782743672781029,0,0.0
none_2,none,1,9,4,2.3292843459861095,1.67829325401389,0,0.0
none_2,none,1,0,5,2.2997840217258214,1.7077935782741784,0,0.0
none_2,none,1,1,5,2.2330295292102487,1.7745480707897523,0,0.0
none_2,none,1,2,5,2.2103611455791197,1.7972164544208813,0,0.0
none_2,none,1,3,5,2.216549099743738,1.791028500256263,0,0.0
none_2,none,1,4,5,2.2194584892212434,1.7881191107787575,0,0.0
none_2,none,1,5,5,2.2174711145758987,1.7901064854241022,0,0.0
none_2,none,1,6,5,2.21440961251752,1.7931679874824806,0,0.0
none_2,none,1,7,5,2.2468563463497078,1.7607212536502928,0,0.0
none_2,none,1,8,5,2.1991643569284096,1.8084132430715911,0,0.0
none_2,none,1,9,5,2.3210165334425152,1.6865610665574848,0,0.0
none_2,none,1,0,6,2.265126020707588,1.7424515792924127,0,0.0
none_2,none,1,1,6,2.1905382585158404,1.8170393414841608,0,0.0
none_2,none,1,2,6,2.2212202410499176,1.7863573589500834,0,0.0
none_2,none,1,3,6,2.228003884244392,1.7795737157556086,0,0.0
none_2,none,1,4,6,2.2194776796873024,1.7880999203126984,0,0.0
none_2,none,1,5,6,2.2504638068844107,1.7571137931155902,0,0.0
none_2,none,1,6,6,2.2210980282456605,1.7864795717543402,0,0.0
none_2,none,1,7,6,2.2215697473343106,1.7860078526656904,0,0.0
none_2,none,1,8,6,2.2404255848574244,1.7671520151425764,0,0.0
none_2,none,1,9,6,2.2727149175284977,1.7348626824715023,0,0.0
none_2,none,1,0,7,2.278115426190837,1.729462173809163,0,0.0
none_2,none,1,1,7,2.1794612388211045,1.8281163611788964,0,0.0
none_2,none,1,2,7,2.2151544709537077,1.7924231290462935,0,0.0
none_2,none,1,3,7,2.238499637459682,1.7690779625403183,0,0.0
none_2,none,1,4,7,2.2636858271326763,1.7438917728673238,0,0.0
none_2,none,1,5,7,2.2505804090408454,1.7569971909591553,0,0.0
none_2,none,1,6,7,2.2102697871732015,1.7973078128267992,0,0.0
none_2,none,1,7,7,2.2636597256552733,1.7439178743447272,0,0.0
none_2,none,1,8,7,2.2116831368788317,1.7958944631211693,0,0.0
none_2,none,1,9,7,2.3008880051375,1.7066895948624996,0,0.0
none_2,none,1,0,8,2.239921769922558,1.7676558300774428,0,0.0
none_2,none,1,1,8,2.1972045444851727,1.810373055514829,0,0.0
none_2,none,1,2,8,2.222765393063811,1.7848122069361896,0,0.0
none_2,none,1,3,8,2.241907850885079,1.7656697491149218,0,0.0
none_2,none,1,4,8,2.2322807293475346,1.7752968706524659,0,0.0
none_2,none,1,5,8,2.226734936925231,1.7808426630747698,0,0.0
none_2,none,1,6,8,2.2082586161123676,1.7993189838876333,0,0.0
none_2,none,1,7,8,2.202500395875431,1.8050772041245702,0,0.0
none_2,none,1,8,8,2.1822658467841958,1.8253117532158052,0,0.0
none_2,none,1,9,8,2.2549910895250362,1.7525865104749645,0,0.0
none_2,none,1,0,9,2.366709381620945,1.6408682183790553,0,0.0
none_2,none,1,1,9,2.26792920048448,1.73964839951552,0,0.0
none_2,none,1,2,9,2.273130970264324,1.734446629735677,0,0.0
none_2,none,1,3,9,2.2788149927438948,1.728762607256105,0,0.0
none_2,none,1,4,9,2.3091315058656403,1.69844609413436,0,0.0
none_2,none,1,5,9,2.278748863015406,1.7288287369845947,0,0.0
none_2,none,1,6,9,2.2703783319039847,1.7371992680960153,0,0.0
none_2,none,1,7,9,2.2381342377783207,1.76944336222168,0,0.0
none_2,none,1,8,9,2.2389888619071114,1.7685887380928893,0,0.0
none_2,none,1,9,9,2.3627050838545096,1.644872516145491,0,0.0
none_1,none,1,0,0,2.386437300612777,1.621140299387223,0,0.0
none_1,none,1,1,0,2.23201291697326,1.7755646830267406,0,0.0
none_1,none,1,2,0,2.282198854039895,1.7253787459601053,0,0.0
none_1,none,1,3,0,2.268891232098146,1.738686367901855,0,0.0
none_1,none,1,4,0,2.2977861108590028,1.7097914891409969,0,0.0
none_1,none,1,5,0,2.2897615145841885,1.717816085415812,0,0.0
none_1,none,1,6,0,2.304447901648057,1.7031296983519435,0,0.0
none_1,none,1,7,0,2.2768246235455223,1.730752976454478,0,0.0
none_1,none,1,8,0,2.252530161849038,1.7550474381509629,0,0.0
none_1,none,1,9,0,2.357791146101776,1.6497864538982234,0,0.0
none_1,none,1,0,1,2.2389204886427767,1.7686571113572243,0,0.0
none_1,none,1,1,1,2.1917789257486984,1.8157986742513026,0,0.0
none_1,none,1,2,1,2.22815409267213,1.7794235073278708,0,0.0
none_1,none,1,3,1,2.2427195598574086,1.7648580401425924,0,0.0
none_1,none,1,4,1,2.2171430778000785,1.7904345221999218,0,0.0
none_1,none,1,5,1,2.2129343675348143,1.7946432324651866,0,0.0
none_1,none,1,6,1,2.2502387963729795,1.7573388036270212,0,0.0
none_1,none,1,7,1,2.2311314446317643,1.7764461553682365,0,0.0
none_1,none,1,8,1,2.2186187930052204,1.78895880699478,0,0.0
none_1,none,1,9,1,2.2771113417824997,1.7304662582175008,0,0.0
none_1,none,1,0,2,2.295723656025212,1.7118539439747884,0,0.0
none_1,none,1,1,2,2.2152913269452026,1.7922862730547982,0,0.0
none_1,none,1,2,2,2.230175471665912,1.7774021283340886,0,0.0
none_1,none,1,3,2,2.2483315474770458,1.7592460525229543,0,0.0
none_1,none,1,4,2,2.2307597890053157,1.776817810994685,0,0.0
none_1,none,1,5,2,2.2332242816649326,1.7743533183350684,0,0.0
none_1,none,1,6,2,2.278992695125908,1.7285849048740918,0,0.0
none_1,none,1,7,2,2.2741503505404377,1.7334272494595624,0,0.0
none_1,none,1,8,2,2.242804421469441,1.764773178530559,0,0.0
none_1,none,1,9,2,2.292632876900237,1.7149447230997625,0,0.0
none_1,none,1,0,3,2.295653320632599,1.7119242793674017,0,0.0
none_1,none,1,1,3,2.2275878748472433,1.7799897251527574,0,0.0
none_1,none,1,2,3,2.2179104221605788,1.789667177839422,0,0.0
none_1,none,1,3,3,2.2626353472110368,1.7449422527889638,0,0.0
none_1,none,1,4,3,2.2567586138865345,1.750818986113466,0,0.0
none_1,none,1,5,3,2.263478695645908,1.7440989043540918,0,0.0
none_1,none,1,6,3,2.2419854629737967,1.7655921370262035,0,0.0
none_1,none,1,7,3,2.2418000898969006,1.7657775101030995,0,0.0
none_1,none,1,8,3,2.2503266565927356,1.757250943407265,0,0.0
none_1,none,1,9,3,2.3001722677683096,1.70740533223169,0,0.0
none_1,none,1,0,4,2.273814355291089,1.7337632447089113,0,0.0
none_1,none,1,1,4,2.2167935672933146,1.7907840327066864,0,0.0
none_1,none,1,2,4,2.2442315020042645,1.763346097995736,0,0.0
none_1,none,1,3,4,2.2338954861227887,1.7736821138772119,0,0.0
none_1,none,1,4,4,2.262065761205807,1.7455118387941932,0,0.0
none_1,none,1,5,4,2.242283747585117,1.7652938524148838,0,0.0
none_1,none,1,6,4,2.236588071248225,1.7709895287517756,0,0.0
none_1,none,1,7,4,2.2441658651015697,1.7634117348984313,0,0.0
none_1,none,1,8,4,2.2011300595510894,1.8064475404489122,0,0.0
none_1,none,1,9,4,2.2635713527607604,1.7440062472392392,0,0.0
none_1,none,1,0,5,2.3003358973088814,1.7072417026911186,0,0.0
none_1,none,1,1,5,2.2069500309286947,1.8006275690713063,0,0.0
none_1,none,1,2,5,2.280925717984555,1.7266518820154455,0,0.0
none_1,none,1,3,5,2.2670276611441547,1.7405499388558456,0,0.0
none_1,none,1,4,5,2.245970910585936,1.7616066894140647,0,0.0
none_1,none,1,5,5,2.3096706475185194,1.697906952481481,0,0.0
none_1,none,1,6,5,2.244537527545179,1.7630400724548212,0,0.0
none_1,none,1,7,5,2.215555280796728,1.7920223192032732,0,0.0
none_1,none,1,8,5,2.196943161616585,1.8106344383834156,0,0.0
none_1,none,1,9,5,2.24865972043293,1.7589178795670701,0,0.0
none_1,none,1,0,6,2.285176543364339,1.722401056635661,0,0.0
none_1,none,1,1,6,2.220948037512756,1.7866295624872448,0,0.0
none_1,none,1,2,6,2.281191591635088,1.7263860083649123,0,0.0
none_1,none,1,3,6,2.287207244762469,1.7203703552375316,0,0.0
none_1,none,1,4,6,2.2997264404457285,1.7078511595542716,0,0.0
none_1,none,1,5,6,2.2596641599544403,1.74791344004556,0,0.0
none_1,none,1,6,6,2.2487454783510863,1.7588321216489144,0,0.0
none_1,none,1,7,6,2.224921080284834,1.7826565197151667,0,0.0
none_1,none,1,8,6,2.2208404330184344,1.7867371669815664,0,0.0
none_1,none,1,9,6,2.2513487464276434,1.7562288535723574,0,0.0
none_1,none,1,0,7,2.2705799813374146,1.7369976186625857,0,0.0
none_1,none,1,1,7,2.212594609040207,1.7949829909597939,0,0.0
none_1,none,1,2,7,2.2577820336621075,1.7497955663378932,0,0.0
none_1,none,1,3,7,2.2562408225204886,1.7513367774795117,0,0.0
none_1,none,1,4,7,2.2977916038795616,1.7097859961204385,0,0.0
none_1,none,1,5,7,2.247765290760976,1.7598123092390248,0,0.0
none_1,none,1,6,7,2.2224028051920057,1.785174794807995,0,0.0
none_1,none,1,7,7,2.236619531854076,1.7709580681459247,0,0.0
none_1,none,1,8,7,2.222438674797615,1.785138925202386,0,0.0
none_1,none,1,9,7,2.298089539070701,1.7094880609292993,0,0.0
none_1,none,1,0,8,2.255525436375887,1.7520521636241138,0,0.0
none_1,none,1,1,8,2.1776942856111137,1.8298833143888882,0,0.0
none_1,none,1,2,8,2.216738725615714,1.790838874384287,0,0.0
none_1,none,1,3,8,2.2072909184142664,1.8002866815857343,0,0.0
none_1,none,1,4,8,2.2403605613028525,1.7672170386971482,0,0.0
none_1,none,1,5,8,2.202100706647192,1.805476893352809,0,0.0
none_1,none,1,6,8,2.25491247434389,1.7526651256561103,0,0.0
none_1,none,1,7,8,2.2361204543772693,1.7714571456227315,0,0.0
none_1,none,1,8,8,2.201438253402649,1.8061393465973512,0,0.0
none_1,none,1,9,8,2.2810663058879923,1.726511294112008,0,0.0
none_1,none,1,0,9,2.3717426271738398,1.6358349728261596,0,0.0
none_1,none,1,1,9,2.251042391730394,1.7565352082696064,0,0.0
none_1,none,1,2,9,2.259414461082073,1.7481631389179277,0,0.0
none_1,none,1,3,9,2.247326709778836,1.7602508902211653,0,0.0
none_1,none,1,4,9,2.263970118884929,1.743607481115072,0,0.0
none_1,none,1,5,9,2.2780241855080483,1.7295534144919518,0,0.0
none_1,none,1,6,9,2.3272774238170952,1.6803001761829046,0,0.0
none_1,none,1,7,9,2.3320433575124686,1.6755342424875315,0,0.0
none_1,none,1,8,9,2.244628028093272,1.7629495719067285,0,0.0
none_1,none,1,9,9,2.3821260010393193,1.62545159896068,0,0.0
none_3,none,1,0,0,2.435494866959953,1.572082733040047,0,0.0
none_3,none,1,1,0,2.265703956241462,1.741873643758539,0,0.0
none_3,none,1,2,0,2.308656233710144,1.6989213662898563,0,0.0
none_3,none,1,3,0,2.299466896180562,1.708110703819438,0,0.0
none_3,none,1,4,0,2.2776255815482638,1.7299520184517356,0,0.0
none_3,none,1,5,0,2.254962127355121,1.7526154726448793,0,0.0
none_3,none,1,6,0,2.270118114953927,1.7374594850460738,0,0.0
none_3,none,1,7,0,2.230608854524089,1.776968745475912,0,0.0
none_3,none,1,8,0,2.2075431830834007,1.8000344169166007,0,0.0
none_3,none,1,9,0,2.3440470699783225,1.6635305300216772,0,0.0
none_3,none,1,0,1,2.2649044203205633,1.7426731796794372,0,0.0
none_3,none,1,1,1,2.209407804685955,1.798169795314046,0,0.0
none_3,none,1,2,1,2.217112267636098,1.790465332363903,0,0.0
none_3,none,1,3,1,2.2047618166756857,1.8028157833243155,0,0.0
none_3,none,1,4,1,2.2065270351228246,1.8010505648771757,0,0.0
none_3,none,1,5,1,2.1898931454069097,1.8176844545930915,0,0.0
none_3,none,1,6,1,2.1949511728470843,1.8126264271529169,0,0.0
none_3,none,1,7,1,2.1776869752759085,1.8298906247240927,0,0.0
none_3,none,1,8,1,2.174320416039275,1.8332571839607263,0,0.0
none_3,none,1,9,1,2.24822885078982,1.7593487492101807,0,0.0
none_3,none,1,0,2,2.27843100890497,1.7291465910950305,0,0.0
none_3,none,1,1,2,2.229813173598427,1.7777644264015744,0,0.0
none_3,none,1,2,2,2.235984525389043,1.7715930746109576,0,0.0
none_3,none,1,3,2,2.2266934632044943,1.7808841367955066,0,0.0
none_3,none,1,4,2,2.2336665400915385,1.7739110599084622,0,0.0
none_3,none,1,5,2,2.219372615009903,1.7882049849900974,0,0.0
none_3,none,1,6,2,2.229496672110921,1.7780809278890797,0,0.0
none_3,none,1,7,2,2.212240269461431,1.7953373305385703,0,0.0
none_3,none,1,8,2,2.1983115643569304,1.8092660356430708,0,0.0
none_3,none,1,9,2,2.239957210302224,1.767620389697777,0,0.0
none_3,none,1,0,3,2.328896901488859,1.6786806985111404,0,0.0
none_3,none,1,1,3,2.268318394497338,1.7392592055026623,0,0.0
none_3,none,1,2,3,2.254694535822218,1.7528830641777824,0,0.0
none_3,none,1,3,3,2.2414603106444955,1.7661172893555048,0,0.0
none_3,none,1,4,3,2.237187784094627,1.770389815905373,0,0.0
none_3,none,1,5,3,2.218175749942843,1.7894018500571576,0,0.0
none_3,none,1,6,3,2.2238318007630697,1.7837457992369312,0,0.0
none_3,none,1,7,3,2.2414831102801163,1.7660944897198843,0,0.0
none_3,none,1,8,3,2.2184678902972697,1.7891097097027313,0,0.0
none_3,none,1,9,3,2.302268022538225,1.7053095774617757,0,0.0
none_3,none,1,0,4,2.2972424555426327,1.7103351444573671,0,0.0
none_3,none,1,1,4,2.2393009452185315,1.7682766547814688,0,0.0
none_3,none,1,2,4,2.2476899632048295,1.759887636795171,0,0.0
none_3,none,1,3,4,2.2398543146830314,1.7677232853169693,0,0.0
none_3,none,1,4,4,2.2435446113635518,1.7640329886364488,0,0.0
none_3,none,1,5,4,2.243137012899473,1.764440587100528,0,0.0
none_3,none,1,6,4,2.2398500574510023,1.7677275425489982,0,0.0
none_3,none,1,7,4,2.253179581582041,1.7543980184179597,0,0.0
none_3,none,1,8,4,2.207636081861785,1.799941518138216,0,0.0
none_3,none,1,9,4,2.289284030656656,1.7182935693433439,0,0.0
none_3,none,1,0,5,2.297389981910296,1.7101876180897042,0,0.0
none_3,none,1,1,5,2.2092608787058303,1.7983167212941706,0,0.0
none_3,none,1,2,5,2.2100459064655307,1.7975316935344705,0,0.0
none_3,none,1,3,5,2.284977297810492,1.7226003021895084,0,0.0
none_3,none,1,4,5,2.229973787320077,1.7776038126799238,0,0.0
none_3,none,1,5,5,2.244252206723768,1.763325393276233,0,0.0
none_3,none,1,6,5,2.2662610515446078,1.741316548455392,0,0.0
none_3,none,1,7,5,2.2405137371111135,1.7670638628888873,0,0.0
none_3,none,1,8,5,2.1992703622586562,1.8083072377413445,0,0.0
none_3,none,1,9,5,2.2981578469939747,1.7094197530060251,0,0.0
none_3,none,1,0,6,2.2970897007327773,1.7104878992672232,0,0.0
none_3,none,1,1,6,2.216537021942946,1.791040578057055,0,0.0
none_3,none,1,2,6,2.2174946760970005,1.7900829239030005,0,0.0
none_3,none,1,3,6,2.247837515482472,1.7597400845175284,0,0.0
none_3,none,1,4,6,2.2327503095814896,1.7748272904185114,0,0.0
none_3,none,1,5,6,2.2314695221697503,1.7761080778302505,0,0.0
none_3,none,1,6,6,2.25156084057869,1.7560167594213105,0,0.0
none_3,none,1,7,6,2.252623031741859,1.7549545682581413,0,0.0
none_3,none,1,8,6,2.2200181493240554,1.7875594506759453,0,0.0
none_3,none,1,9,6,2.284865103120122,1.7227124968798777,0,0.0
none_3,none,1,0,7,2.302008137056007,1.7055694629439933,0,0.0
none_3,none,1,1,7,2.218185979672861,1.7893916203271394,0,0.0
none_3,none,1,2,7,2.23531283718845,1.7722647628115502,0,0.0
none_3,none,1,3,7,2.246454380174622,1.7611232198253786,0,0.0
none_3,none,1,4,7,2.228772709781837,1.7788048902181637,0,0.0
none_3,none,1,5,7,2.228880324707566,1.7786972752924348,0,0.0
none_3,none,1,6,7,2.2359995751884694,1.7715780248115318,0,0.0
none_3,none,1,7,7,2.2350400217555673,1.7725375782444333,0,0.0
none_3,none,1,8,7,2.2185041172228384,1.7890734827771626,0,0.0
none_3,none,1,9,7,2.26228142273093,1.74529617726907,0,0.0
none_3,none,1,0,8,2.226008371835177,1.7815692281648234,0,0.0
none_3,none,1,1,8,2.19581517994457,1.8117624200554314,0,0.0
none_3,none,1,2,8,2.215072783347632,1.7925048166523683,0,0.0
none_3,none,1,3,8,2.2328979126346704,1.77467968736533,0,0.0
none_3,none,1,4,8,2.2298291542130326,1.7777484457869681,0,0.0
none_3,none,1,5,8,2.224767350396131,1.7828102496038698,0,0.0
none_3,none,1,6,8,2.2301063163643087,1.7774712836356923,0,0.0
none_3,none,1,7,8,2.21480744876184,1.7927701512381606,0,0.0
none_3,none,1,8,8,2.198483964356279,1.8090936356437224,0,0.0
none_3,none,1,9,8,2.2436162025093087,1.763961397490692,0,0.0
none_3,none,1,0,9,2.330389594740367,1.6771880052596329,0,0.0
none_3,none,1,1,9,2.244389239696373,1.7631883603036271,0,0.0
none_3,none,1,2,9,2.280579075464295,1.726998524535705,0,0.0
none_3,none,1,3,9,2.2873194280483715,1.7202581719516286,0,0.0
none_3,none,1,4,9,2.3171295106010676,1.690448089398933,0,0.0
none_3,none,1,5,9,2.279531855831331,1.7280457441686696,0,0.0
none_3,none,1,6,9,2.282533150085099,1.725044449914901,0,0.0
none_3,none,1,7,9,2.2671740079696026,1.7404035920303977,0,0.0
none_3,none,1,8,9,2.223557874633974,1.784019725366027,0,0.0
none_3,none,1,9,9,2.3476492260468693,1.6599283739531303,0,0.0
none_0,none,2,0,0,2.392068329241036,1.6155092707589638,0,0.0
none_0,none,2,1,0,2.2444745521222296,1.7631030478777712,0,0.0
none_0,none,2,2,0,2.2547538318097025,1.7528237681902985,0,0.0
none_0,none,2,3,0,2.2487677748616286,1.7588098251383721,0,0.0
none_0,none,2,4,0,2.2608868018560457,1.7466907981439548,0,0.0
none_0,none,2,5,0,2.2728009865945666,1.7347766134054337,0,0.0
none_0,none,2,6,0,2.2766761127200055,1.7309014872799946,0,0.0
none_0,none,2,7,0,2.2806108816902255,1.726966718309775,0,0.0
none_0,none,2,8,0,2.2492699898145583,1.7583076101854425,0,0.0
none_0,none,2,9,0,2.4111066045354836,1.5964709954645155,0,0.0
none_0,none,2,0,1,2.254652616105632,1.752924983894369,0,0.0
none_0,none,2,1,1,2.1694966491782384,1.838080950821763,0,0.0
none_0,none,2,2,1,2.2202161293096636,1.7873614706903374,0,0.0
none_0,none,2,3,1,2.209059400119473,1.7985181998805282,0,0.0
none_0,none,2,4,1,2.214889033932964,1.7926885660670369,0,0.0
none_0,none,2,5,1,2.22679049076662,1.780787109233381,0,0.0
none_0,none,2,6,1,2.2316763776633026,1.7759012223366977,0,0.0
none_0,none,2,7,1,2.1991506789579573,1.8084269210420434,0,0.0
none_0,none,2,8,1,2.2086998342466084,1.7988777657533925,0,0.0
none_0,none,2,9,1,2.3189634616424644,1.688614138357536,0,0.0
none_0,none,2,0,2,2.2832874912259276,1.7242901087740725,0,0.0
none_0,none,2,1,2,2.2456167250151076,1.7619608749848934,0,0.0
none_0,none,2,2,2,2.22438442462137,1.7831931753786308,0,0.0
none_0,none,2,3,2,2.247733980330852,1.7598436196691483,0,0.0
none_0,none,2,4,2,2.246493484031353,1.761084115968648,0,0.0
none_0,none,2,5,2,2.23236978664146,1.7752078133585414,0,0.0
none_0,none,2,6,2,2.2150642633615214,1.7925133366384793,0,0.0
none_0,none,2,7,2,2.2400706332088776,1.7675069667911232,0,0.0
none_0,none,2,8,2,2.226439277707643,1.7811383222923578,0,0.0
none_0,none,2,9,2,2.2990856960637926,1.7084919039362079,0,0.0
none_0,none,2,0,3,2.288197430781368,1.7193801692186321,0,0.0
none_0,none,2,1,3,2.2164758732535357,1.7911017267464646,0,0.0
none_0,none,2,2,3,2.2827555866435327,1.7248220133564676,0,0.0
none_0,none,2,3,3,2.2584330740119465,1.7491445259880543,0,0.0
none_0,none,2,4,3,2.227895942657357,1.7796816573426435,0,0.0
none_0,none,2,5,3,2.2311891915336077,1.7763884084663928,0,0.0
none_0,none,2,6,3,2.2148718005095227,1.7927057994904783,0,0.0
none_0,none,2,7,3,2.2412168225353764,1.7663607774646246,0,0.0
none_0,none,2,8,3,2.238251340544499,1.769326259455502,0,0.0
none_0,none,2,9,3,2.301625960515585,1.7059516394844152,0,0.0
none_0,none,2,0,4,2.2677855302513277,1.7397920697486726,0,0.0
none_0,none,2,1,4,2.2081925566283176,1.7993850433716836,0,0.0
none_0,none,2,2,4,2.252509632272883,1.755067967727118,0,0.0
none_0,none,2,3,4,2.242676263181026,1.7649013368189739,0,0.0
none_0,none,2,4,4,2.2525503744726905,1.75502722552731,0,0.0
none_0,none,2,5,4,2.261624847320044,1.7459527526799565,0,0.0
none_0,none,2,6,4,2.231715050240953,1.7758625497590472,0,0.0
none_0,none,2,7,4,2.2428281212701857,1.7647494787298146,0,0.0
none_0,none,2,8,4,2.2524215131934824,1.7551560868065181,0,0.0
none_0,none,2,9,4,2.3026224237380895,1.7049551762619108,0,0.0
none_0,none,2,0,5,2.283377320010855,1.724200279989145,0,0.0
none_0,none,2,1,5,2.192369707426284,1.8152078925737172,0,0.0
none_0,none,2,2,5,2.2131250493997396,1.7944525506002615,0,0.0
none_0,none,2,3,5,2.2653102546689565,1.7422673453310438,0,0.0
none_0,none,2,4,5,2.266901490568147,1.7406761094318535,0,0.0
none_0,none,2,5,5,2.225065329032202,1.782512270967799,0,0.0
none_0,none,2,6,5,2.261567149385325,1.746010450614676,0,0.0
none_0,none,2,7,5,2.2482726675005043,1.7593049324994965,0,0.0
none_0,none,2,8,5,2.2014583665458907,1.8061192334541099,0,0.0
none_0,none,2,9,5,2.305819725144285,1.7017578748557154,0,0.0
none_0,none,2,0,6,2.2663426777745657,1.7412349222254349,0,0.0
none_0,none,2,1,6,2.21966006268355,1.7879175373164506,0,0.0
none_0,none,2,2,6,2.231587897161512,1.775989702838489,0,0.0
none_0,none,2,3,6,2.2295709406849022,1.7780066593150985,0,0.0
none_0,none,2,4,6,2.253107279408381,1.7544703205916197,0,0.0
none_0,none,2,5,6,2.2454980273501035,1.7620795726498966,0,0.0
none_0,none,2,6,6,2.240371264070099,1.7672063359299015,0,0.0
none_0,none,2,7,6,2.2710302272925897,1.73654737270741,0,0.0
none_0,none,2,8,6,2.210893364615157,1.7966842353848431,0,0.0
none_0,none,2,9,6,2.286267547799357,1.7213100522006428,0,0.0
none_0,none,2,0,7,2.2791679418015622,1.728409658198438,0,0.0
none_0,none,2,1,7,2.238863179946741,1.7687144200532599,0,0.0
none_0,none,2,2,7,2.216542813558735,1.7910347864412657,0,0.0
none_0,none,2,3,7,2.214693339626873,1.7928842603731274,0,0.0
none_0,none,2,4,7,2.2206479922324758,1.786929607767525,0,0.0
none_0,none,2,5,7,2.2246944079413002,1.7828831920587007,0,0.0
none_0,none,2,6,7,2.2723588857394943,1.7352187142605062,0,0.0
none_0,none,2,7,7,2.251633151269598,1.7559444487304023,0,0.0
none_0,none,2,8,7,2.217238644685645,1.790338955314356,0,0.0
none_0,none,2,9,7,2.268470318036908,1.7391072819630924,0,0.0
none_0,none,2,0,8,2.2538326272945084,1.7537449727054921,0,0.0
none_0,none,2,1,8,2.187157300489216,1.820420299510785,0,0.0
none_0,none,2,2,8,2.195713140044091,1.8118644599559102,0,0.0
none_0,none,2,3,8,2.18810992735355,1.8194676726464514,0,0.0
none_0,none,2,4,8,2.190593730815794,1.816983869184207,0,0.0
none_0,none,2,5,8,2.228332306848117,1.7792452931518832,0,0.0
none_0,none,2,6,8,2.2202018218098494,1.787375778190151,0,0.0
none_0,none,2,7,8,2.218988120747329,1.7885894792526715,0,0.0
none_0,none,2,8,8,2.1892920422835007,1.8182855577165002,0,0.0
none_0,none,2,9,8,2.286686363765125,1.7208912362348752,0,0.0
none_0,none,2,0,9,2.3762038778586585,1.6313737221413414,0,0.0
none_0,none,2,1,9,2.2379474449922188,1.769630155007782,0,0.0
none_0,none,2,2,9,2.2681189466730083,1.7394586533269927,0,0.0
none_0,none,2,3,9,2.245159895736985,1.7624177042630154,0,0.0
none_0,none,2,4,9,2.2884527062224076,1.7191248937775931,0,0.0
none_0,none,2,5,9,2.2743272825432403,1.7332503174567604,0,0.0
none_0,none,2,6,9,2.314207249640285,1.6933703503597155,0,0.0
none_0,none,2,7,9,2.2761967033489454,1.7313808966510547,0,0.0
none_0,none,2,8,9,2.2468123118099466,1.7607652881900537,0,0.0
none_0,none,2,9,9,2.429929945259895,1.5776476547401046,0,0.0
none_2,none,2,0,0,2.3353233427108537,1.6722542572891452,0,0.0
none_2,none,2,1,0,2.241362908877985,1.7662146911220158,0,0.0
none_2,none,2,2,0,2.2612239895510062,1.7463536104489945,0,0.0
none_2,none,2,3,0,2.255601377232616,1.7519762227673843,0,0.0
none_2,none,2,4,0,2.2736044897427066,1.7339731102572937,0,0.0
none_2,none,2,5,0,2.288051905514089,1.7195256944859116,0,0.0
none_2,none,2,6,0,2.2720905906232436,1.7354870093767567,0,0.0
none_2,none,2,7,0,2.2724530078702343,1.7351245921297664,0,0.0
none_2,none,2,8,0,2.250735326367047,1.7568422736329543,0,0.0
none_2,none,2,9,0,2.3738463762458624,1.6337312237541373,0,0.0
none_2,none,2,0,1,2.2483041829442234,1.7592734170557771,0,0.0
none_2,none,2,1,1,2.198933702907258,1.8086438970927432,0,0.0
none_2,none,2,2,1,2.2108583025822917,1.7967192974177093,0,0.0
none_2,none,2,3,1,2.2389601484944026,1.768617451505598,0,0.0
none_2,none,2,4,1,2.236610379179218,1.770967220820783,0,0.0
none_2,none,2,5,1,2.2186282262354236,1.7889493737645772,0,0.0
none_2,none,2,6,1,2.191099902183841,1.8164776978161603,0,0.0
none_2,none,2,7,1,2.1856338890817195,1.8219437109182817,0,0.0
none_2,none,2,8,1,2.1858272232208864,1.8217503767791146,0,0.0
none_2,none,2,9,1,2.265743320289674,1.7418342797103261,0,0.0
none_2,none,2,0,2,2.2885621696172787,1.7190154303827216,0,0.0
none_2,none,2,1,2,2.218740293400992,1.7888373065990089,0,0.0
none_2,none,2,2,2,2.248605893833998,1.758971706166003,0,0.0
none_2,none,2,3,2,2.256392126238164,1.7511854737618366,0,0.0
none_2,none,2,4,2,2.2614189308671655,1.746158669132835,0,0.0
none_2,none,2,5,2,2.250665547055236,1.7569120529447646,0,0.0
none_2,none,2,6,2,2.223104863146552,1.7844727368534488,0,0.0
none_2,none,2,7,2,2.224293244171795,1.7832843558282057,0,0.0
none_2,none,2,8,2,2.200063532907862,1.8075140670921392,0,0.0
none_2,none,2,9,2,2.2934132681772468,1.7141643318227537,0,0.0
none_2,none,2,0,3,2.2831385670422093,1.7244390329577912,0,0.0
none_2,none,2,1,3,2.2052994368347285,1.8022781631652722,0,0.0
none_2,none,2,2,3,2.230531602770837,1.7770459972291637,0,0.0
none_2,none,2,3,3,2.26284034418591,1.74473725581409,0,0.0
none_2,none,2,4,3,2.227920589286738,1.7796570107132628,0,0.0
none_2,none,2,5,3,2.2594910498525382,1.7480865501474625,0,0.0
none_2,none,2,6,3,2.2603313362231128,1.7472462637768877,0,0.0
none_2,none,2,7,3,2.2395632755808728,1.768014324419128,0,0.0
none_2,none,2,8,3,2.2060362162041334,1.8015413837958674,0,0.0
none_2,none,2,9,3,2.2859471949795003,1.7216304050205005,0,0.0
none_2,none,2,0,4,2.2947880065014346,1.7127895934985653,0,0.0
none_2,none,2,1,4,2.2247015466203814,1.7828760533796197,0,0.0
none_2,none,2,2,4,2.2620600783137257,1.7455175216862748,0,0.0
none_2,none,2,3,4,2.2519232637972797,1.7556543362027208,0,0.0
none_2,none,2,4,4,2.2162659913294718,1.791311608670529,0,0.0
none_2,none,2,5,4,2.221569321323197,1.7860082786768041,0,0.0
none_2,none,2,6,4,2.2398737333119327,1.7677038666880678,0,0.0
none_2,none,2,7,4,2.2136816936703543,1.7938959063296467,0,0.0
none_2,none,2,8,4,2.221347281356689,1.7862303186433115,0,0.0
none_2,none,2,9,4,2.269669080656728,1.7379085193432724,0,0.0
none_2,none,2,0,5,2.3128992164554836,1.694678383544517,0,0.0
none_2,none,2,1,5,2.2139729464133824,1.7936046535866186,0,0.0
none_2,none,2,2,5,2.265366928301009,1.7422106716989907,0,0.0
none_2,none,2,3,5,2.226603415012726,1.7809741849872749,0,0.0
none_2,none,2,4,5,2.202035151610017,1.8055424483899842,0,0.0
none_2,none,2,5,5,2.20919202209567,1.7983855779043307,0,0.0
none_2,none,2,6,5,2.2278767525967496,1.779700847403251,0,0.0
none_2,none,2,7,5,2.2450627044466898,1.762514895553311,0,0.0
none_2,none,2,8,5,2.2142015236943506,1.79337607630565,0,0.0
none_2,none,2,9,5,2.2773201338950595,1.7302574661049412,0,0.0
none_2,none,2,0,6,2.310219023788177,1.6973585762118233,0,0.0
none_2,none,2,1,6,2.2097766715990765,1.7978009284009238,0,0.0
none_2,none,2,2,6,2.2309070896540546,1.7766705103459455,0,0.0
none_2,none,2,3,6,2.2161621207292237,1.7914154792707768,0,0.0
none_2,none,2,4,6,2.234393089396282,1.773184510603719,0,0.0
none_2,none,2,5,6,2.240158682311614,1.7674189176883865,0,0.0
none_2,none,2,6,6,2.2138684696363233,1.7937091303636776,0,0.0
none_2,none,2,7,6,2.2406109182930822,1.7669666817069185,0,0.0
none_2,none,2,8,6,2.210339918102779,1.797237681897222,0,0.0
none_2,none,2,9,6,2.2640847470922525,1.7434928529077478,0,0.0
none_2,none,2,0,7,2.2568683772124296,1.7507092227875714,0,0.0
none_2,none,2,1,7,2.2026298595249436,1.8049477404750571,0,0.0
none_2,none,2,2,7,2.2364028190755505,1.7711747809244502,0,0.0
none_2,none,2,3,7,2.219504987535109,1.788072612464892,0,0.0
none_2,none,2,4,7,2.2559131216115444,1.7516644783884558,0,0.0
none_2,none,2,5,7,2.2656760268808074,1.7419015731191934,0,0.0
none_2,none,2,6,7,2.265083419633181,1.742494180366819,0,0.0
none_2,none,2,7,7,2.232857988210795,1.7747196117892055,0,0.0
none_2,none,2,8,7,2.2132513870953674,1.7943262129046338,0,0.0
none_2,none,2,9,7,2.2679361825810513,1.7396414174189487,0,0.0
none_2,none,2,0,8,2.280281853574029,1.7272957464259713,0,0.0
none_2,none,2,1,8,2.192373320066726,1.8152042799332753,0,0.0
none_2,none,2,2,8,2.2209061025568877,1.786671497443113,0,0.0
none_2,none,2,3,8,2.2219141658173776,1.7856634341826234,0,0.0
none_2,none,2,4,8,2.2150296167391534,1.7925479832608475,0,0.0
none_2,none,2,5,8,2.2338588438202485,1.7737187561797523,0,0.0
none_2,none,2,6,8,2.2419119625504176,1.7656656374495827,0,0.0
none_2,none,2,7,8,2.220113581923279,1.7874640180767216,0,0.0
none_2,none,2,8,8,2.2216425988153827,1.785935001184618,0,0.0
none_2,none,2,9,8,2.2566364608525475,1.750941139147453,0,0.0
none_2,none,2,0,9,2.4305510075955157,1.5770265924044835,0,0.0
none_2,none,2,1,9,2.286222754172395,1.7213548458276053,0,0.0
none_2,none,2,2,9,2.2730468722081807,1.73453072779182,0,0.0
none_2,none,2,3,9,2.2984640017515283,1.7091135982484715,0,0.0
none_2,none,2,4,9,2.2729137606676937,1.7346638393323064,0,0.0
none_2,none,2,5,9,2.2992108930412924,1.7083667069587076,0,0.0
none_2,none,2,6,9,2.297697272338193,1.7098803276618069,0,0.0
none_2,none,2,7,9,2.273070051206457,1.7345075487935435,0,0.0
none_2,none,2,8,9,2.2561155942217046,1.7514620057782964,0,0.0
none_2,none,2,9,9,2.4351163466817956,1.572461253318204,0,0.0
none_1,none,2,0,0,2.3762840384587953,1.6312935615412036,0,0.0
none_1,none,2,1,0,2.240637573569337,1.7669400264306634,0,0.0
none_1,none,2,2,0,2.2687580550442092,1.738819544955791,0,0.0
none_1,none,2,3,0,2.2701589159734836,1.737418684026517,0,0.0
none_1,none,2,4,0,2.2624788897979426,1.7450987102020583,0,0.0
none_1,none,2,5,0,2.2712983320751583,1.7362792679248424,0,0.0
none_1,none,2,6,0,2.268867408015457,1.7387101919845431,0,0.0
none_1,none,2,7,0,2.267341537113276,1.740236062886724,0,0.0
none_1,none,2,8,0,2.2350871648316293,1.7724904351683717,0,0.0
none_1,none,2,9,0,2.387973474532524,1.6196041254674756,0,0.0
none_1,none,2,0,1,2.2363623117948044,1.7712152882051964,0,0.0
none_1,none,2,1,1,2.175224969462264,1.8323526305377378,0,0.0
none_1,none,2,2,1,2.2014077676482966,1.8061698323517041,0,0.0
none_1,none,2,3,1,2.2228950138723387,1.7846825861276616,0,0.0
none_1,none,2,4,1,2.234630974336492,1.7729466256635087,0,0.0
none_1,none,2,5,1,2.212688648062994,1.7948889519370064,0,0.0
none_1,none,2,6,1,2.217143837613318,1.7904337623866833,0,0.0
none_1,none,2,7,1,2.198676785668444,1.808900814331557,0,0.0
none_1,none,2,8,1,2.205037567673147,1.8025400323268543,0,0.0
none_1,none,2,9,1,2.2654408225531304,1.7421367774468701,0,0.0
none_1,none,2,0,2,2.2785130054846165,1.7290645945153837,0,0.0
none_1,none,2,1,2,2.2330018177653375,1.7745757822346635,0,0.0
none_1,none,2,2,2,2.2221530585090155,1.7854245414909855,0,0.0
none_1,none,2,3,2,2.232571582266838,1.7750060177331628,0,0.0
none_1,none,2,4,2,2.2333683367135797,1.774209263286421,0,0.0
none_1,none,2,5,2,2.251954913731622,1.755622686268379,0,0.0
none_1,none,2,6,2,2.2509244655655403,1.7566531344344603,0,0.0
none_1,none,2,7,2,2.233114733895189,1.774462866104812,0,0.0
none_1,none,2,8,2,2.2377088250737667,1.7698687749262336,0,0.0
none_1,none,2,9,2,2.2887790351344903,1.7187985648655104,0,0.0
none_1,none,2,0,3,2.3042184590005483,1.7033591409994515,0,0.0
none_1,none,2,1,3,2.2062155605281117,1.801362039471889,0,0.0
none_1,none,2,2,3,2.246970913811352,1.7606066861886485,0,0.0
none_1,none,2,3,3,2.2251191883717687,1.782458411628232,0,0.0
none_1,none,2,4,3,2.2787173189860064,1.7288602810139935,0,0.0
none_1,none,2,5,3,2.249797096428612,1.757780503571389,0,0.0
none_1,none,2,6,3,2.2585778566245014,1.7489997433754993,0,0.0
none_1,none,2,7,3,2.262704427458133,1.7448731725418671,0,0.0
none_1,none,2,8,3,2.2174923477725863,1.790085252227415,0,0.0
none_1,none,2,9,3,2.2914943507537386,1.716083249246262,0,0.0
none_1,none,2,0,4,2.2550158193556316,1.7525617806443692,0,0.0
none_1,none,2,1,4,2.2085361318445305,1.7990414681554707,0,0.0
none_1,none,2,2,4,2.2470329921213446,1.7605446078786562,0,0.0
none_1,none,2,3,4,2.2427942128249096,1.764783387175091,0,0.0
none_1,none,2,4,4,2.260774271177002,1.7468033288229987,0,0.0
none_1,none,2,5,4,2.266486624404766,1.7410909755952344,0,0.0
none_1,none,2,6,4,2.2381300651133738,1.7694475348866272,0,0.0
none_1,none,2,7,4,2.2083258622752244,1.7992517377247765,0,0.0
none_1,none,2,8,4,2.21559487931051,1.791982720689491,0,0.0
none_1,none,2,9,4,2.289154334357353,1.7184232656426475,0,0.0
none_1,none,2,0,5,2.2776891459782336,1.7298884540217665,0,0.0
none_1,none,2,1,5,2.196605851865751,1.8109717481342498,0,0.0
none_1,none,2,2,5,2.2507295641041725,1.756848035895828,0,0.0
none_1,none,2,3,5,2.23287611121061,1.7747014887893904,0,0.0
none_1,none,2,4,5,2.2566912405966533,1.7508863594033477,0,0.0
none_1,none,2,5,5,2.2632193530821314,1.7443582469178691,0,0.0
none_1,none,2,6,5,2.2402835519119875,1.7672940480880133,0,0.0
none_1,none,2,7,5,2.2352569607692834,1.7723206392307176,0,0.0
none_1,none,2,8,5,2.2052432624008533,1.8023343375991479,0,0.0
none_1,none,2,9,5,2.2677188834635436,1.739858716536457,0,0.0
none_1,none,2,0,6,2.270598418762546,1.7369791812374542,0,0.0
none_1,none,2,1,6,2.219736937617149,1.7878406623828513,0,0.0
none_1,none,2,2,6,2.217835464887288,1.7897421351127125,0,0.0
none_1,none,2,3,6,2.2652510156178405,1.7423265843821603,0,0.0
none_1,none,2,4,6,2.242839501171711,1.76473809882829,0,0.0
none_1,none,2,5,6,2.251982424283078,1.7555951757169228,0,0.0
none_1,none,2,6,6,2.237276429728614,1.7703011702713867,0,0.0
none_1,none,2,7,6,2.2486642980708136,1.7589133019291872,0,0.0
none_1,none,2,8,6,2.203285433519404,1.8042921664805966,0,0.0
none_1,none,2,9,6,2.2869346531474504,1.7206429468525506,0,0.0
none_1,none,2,0,7,2.274658993917162,1.7329186060828385,0,0.0
none_1,none,2,1,7,2.2113565484940203,1.7962210515059807,0,0.0
none_1,none,2,2,7,2.2302086656183597,1.7773689343816406,0,0.0
none_1,none,2,3,7,2.2342308418429297,1.7733467581570708,0,0.0
none_1,none,2,4,7,2.2474082411695595,1.7601693588304412,0,0.0
none_1,none,2,5,7,2.2240318816478784,1.783545718352122,0,0.0
none_1,none,2,6,7,2.2521770152564313,1.755400584743569,0,0.0
none_1,none,2,7,7,2.2148862781515706,1.7926913218484308,0,0.0
none_1,none,2,8,7,2.203552542742676,1.8040250572573249,0,0.0
none_1,none,2,9,7,2.271317391153117,1.7362602088468837,0,0.0
none_1,none,2,0,8,2.238599240638732,1.768978359361269,0,0.0
none_1,none,2,1,8,2.1686111475721166,1.8389664524278846,0,0.0
none_1,none,2,2,8,2.211165238204541,1.79641236179546,0,0.0
none_1,none,2,3,8,2.243908902634494,1.763668697365507,0,0.0
none_1,none,2,4,8,2.2496921957918774,1.757885404208123,0,0.0
none_1,none,2,5,8,2.206753279557862,1.800824320442139,0,0.0
none_1,none,2,6,8,2.1966398061647623,1.8109377938352385,0,0.0
none_1,none,2,7,8,2.180261418460467,1.827316181539534,0,0.0
none_1,none,2,8,8,2.1898972720616947,1.817680327938306,0,0.0
none_1,none,2,9,8,2.2184549413132797,1.789122658686721,0,0.0
none_1,none,2,0,9,2.33340274228907,1.6741748577109306,0,0.0
none_1,none,2,1,9,2.2444236505107837,1.7631539494892172,0,0.0
none_1,none,2,2,9,2.3073563302283744,1.7002212697716261,0,0.0
none_1,none,2,3,9,2.2888226062885657,1.718754993711435,0,0.0
none_1,none,2,4,9,2.269266554388275,1.7383110456117257,0,0.0
none_1,none,2,5,9,2.2956436572533216,1.7119339427466784,0,0.0
none_1,none,2,6,9,2.2659815504559377,1.7415960495440626,0,0.0
none_1,none,2,7,9,2.2473817303324823,1.7601958696675184,0,0.0
none_1,none,2,8,9,2.2156275882967824,1.7919500117032183,0,0.0
none_1,none,2,9,9,2.3471775889830315,1.6604000110169679,0,0.0
none_3,none,2,0,0,2.3627052339868126,1.6448723660131872,0,0.0
none_3,none,2,1,0,2.2337821302555434,1.7737954697444573,0,0.0
none_3,none,2,2,0,2.2915925291670254,1.7159850708329745,0,0.0
none_3,none,2,3,0,2.318538335274796,1.689039264725204,0,0.0
none_3,none,2,4,0,2.2924405905822414,1.715137009417759,0,0.0
none_3,none,2,5,0,2.270941530908624,1.736636069091377,0,0.0
none_3,none,2,6,0,2.3096057109175865,1.6979718890824134,0,0.0
none_3,none,2,7,0,2.2943099052896407,1.7132676947103596,0,0.0
none_3,none,2,8,0,2.264217277446249,1.7433603225537517,0,0.0
none_3,none,2,9,0,2.4207183711639995,1.5868592288359995,0,0.0
none_3,none,2,0,1,2.218320339262869,1.7892572607371322,0,0.0
none_3,none,2,1,1,2.183089632082718,1.8244879679172834,0,0.0
none_3,none,2,2,1,2.2081353568507094,1.7994422431492918,0,0.0
none_3,none,2,3,1,2.203755780681303,1.803821819318698,0,0.0
none_3,none,2,4,1,2.2001710045092766,1.8074065954907246,0,0.0
none_3,none,2,5,1,2.212785456461892,1.7947921435381087,0,0.0
none_3,none,2,6,1,2.2251717216372207,1.78240587836278,0,0.0
none_3,none,2,7,1,2.2218332411237958,1.785744358876205,0,0.0
none_3,none,2,8,1,2.205664729407896,1.801912870592105,0,0.0
none_3,none,2,9,1,2.250951284575355,1.7566263154246458,0,0.0
none_3,none,2,0,2,2.2514922844894825,1.7560853155105185,0,0.0
none_3,none,2,1,2,2.1901970881504242,1.8173805118495767,0,0.0
none_3,none,2,2,2,2.2126520532705327,1.7949255467294682,0,0.0
none_3,none,2,3,2,2.2396541813493176,1.767923418650683,0,0.0
none_3,none,2,4,2,2.263129734754226,1.7444478652457742,0,0.0
none_3,none,2,5,2,2.2189958873376607,1.78858171266234,0,0.0
none_3,none,2,6,2,2.245102226315084,1.7624753736849166,0,0.0
none_3,none,2,7,2,2.229651585027207,1.7779260149727938,0,0.0
none_3,none,2,8,2,2.193702333656304,1.8138752663436972,0,0.0
none_3,none,2,9,2,2.2954267530244996,1.712150846975501,0,0.0
none_3,none,2,0,3,2.280847141101287,1.7267304588987136,0,0.0
none_3,none,2,1,3,2.191398468543605,1.8161791314563953,0,0.0
none_3,none,2,2,3,2.215809622237553,1.7917679777624473,0,0.0
none_3,none,2,3,3,2.2600628386824715,1.7475147613175293,0,0.0
none_3,none,2,4,3,2.2316940860313195,1.7758835139686815,0,0.0
none_3,none,2,5,3,2.2527964487989425,1.7547811512010585,0,0.0
none_3,none,2,6,3,2.254215470399894,1.7533621296001065,0,0.0
none_3,none,2,7,3,2.2445512062943687,1.7630263937056319,0,0.0
none_3,none,2,8,3,2.205076682631688,1.8025009173683129,0,0.0
none_3,none,2,9,3,2.2884001345397533,1.7191774654602463,0,0.0
none_3,none,2,0,4,2.276813296271537,1.7307643037284635,0,0.0
none_3,none,2,1,4,2.204631431469209,1.802946168530792,0,0.0
none_3,none,2,2,4,2.2241205435217815,1.7834570564782195,0,0.0
none_3,none,2,3,4,2.254597441773445,1.7529801582265552,0,0.0
none_3,none,2,4,4,2.2346046611002333,1.7729729388997675,0,0.0
none_3,none,2,5,4,2.2521275925991664,1.7554500074008343,0,0.0
none_3,none,2,6,4,2.2439874289433805,1.76359017105662,0,0.0
none_3,none,2,7,4,2.2422958168348006,1.7652817831651997,0,0.0
none_3,none,2,8,4,2.210779144467453,1.7967984555325478,0,0.0
none_3,none,2,9,4,2.264672331211743,1.7429052687882571,0,0.0
none_3,none,2,0,5,2.287938811476597,1.7196387885234032,0,0.0
none_3,none,2,1,5,2.230384232807835,1.7771933671921656,0,0.0
none_3,none,2,2,5,2.236273417182918,1.7713041828170826,0,0.0
none_3,none,2,3,5,2.2429206003984716,1.7646569996015284,0,0.0
none_3,none,2,4,5,2.2408140996863963,1.7667635003136044,0,0.0
none_3,none,2,5,5,2.254294629723327,1.753282970276673,0,0.0
none_3,none,2,6,5,2.2785984780229596,1.7289791219770405,0,0.0
none_3,none,2,7,5,2.2585255943154645,1.7490520056845362,0,0.0
none_3,none,2,8,5,2.2132289328946304,1.7943486671053703,0,0.0
none_3,none,2,9,5,2.290138966402164,1.7174386335978364,0,0.0
none_3,none,2,0,6,2.3444207204988543,1.6631568795011455,0,0.0
none_3,none,2,1,6,2.2303473248386854,1.7772302751613154,0,0.0
none_3,none,2,2,6,2.2368616054806583,1.7707159945193427,0,0.0
none_3,none,2,3,6,2.2249751844852272,1.7826024155147737,0,0.0
none_3,none,2,4,6,2.2370991029296925,1.7704784970703082,0,0.0
none_3,none,2,5,6,2.25481413662447,1.752763463375531,0,0.0
none_3,none,2,6,6,2.2530377730702056,1.754539826929795,0,0.0
none_3,none,2,7,6,2.2515167370592293,1.7560608629407717,0,0.0
none_3,none,2,8,6,2.22510259182735,1.7824750081726506,0,0.0
none_3,none,2,9,6,2.2894772664502443,1.718100333549756,0,0.0
none_3,none,2,0,7,2.2836212356045857,1.723956364395415,0,0.0
none_3,none,2,1,7,2.2135463880985675,1.7940312119014332,0,0.0
none_3,none,2,2,7,2.2378185881960153,1.7697590118039852,0,0.0
none_3,none,2,3,7,2.231838272030095,1.7757393279699059,0,0.0
none_3,none,2,4,7,2.235288353910453,1.7722892460895474,0,0.0
none_3,none,2,5,7,2.238902230342015,1.7686753696579853,0,0.0
none_3,none,2,6,7,2.2227536177325,1.784823982267501,0,0.0
none_3,none,2,7,7,2.211946463761434,1.7956311362385668,0,0.0
none_3,none,2,8,7,2.2118013445874403,1.7957762554125603,0,0.0
none_3,none,2,9,7,2.281698416859975,1.7258791831400258,0,0.0
none_3,none,2,0,8,2.2532314022590727,1.754346197740928,0,0.0
none_3,none,2,1,8,2.1894934524778566,1.8180841475221445,0,0.0
none_3,none,2,2,8,2.20557041065886,1.8020071893411413,0,0.0
none_3,none,2,3,8,2.226562639189683,1.7810149608103176,0,0.0
none_3,none,2,4,8,2.2228136774961262,1.7847639225038745,0,0.0
none_3,none,2,5,8,2.2053972705920204,1.8021803294079803,0,0.0
none_3,none,2,6,8,2.215034675776472,1.792542924223529,0,0.0
none_3,none,2,7,8,2.218553003600872,1.7890245963991287,0,0.0
none_3,none,2,8,8,2.2041172552240353,1.8034603447759654,0,0.0
none_3,none,2,9,8,2.2391332464536795,1.7684443535463212,0,0.0
none_3,none,2,0,9,2.4207799671621313,1.5867976328378668,0,0.0
none_3,none,2,1,9,2.2705804353875796,1.7369971646124205,0,0.0
none_3,none,2,2,9,2.274380551604585,1.733197048395415,0,0.0
none_3,none,2,3,9,2.2738134743074965,1.7337641256925036,0,0.0
none_3,none,2,4,9,2.2660074659743565,1.741570134025644,0,0.0
none_3,none,2,5,9,2.2661418781521223,1.7414357218478782,0,0.0
none_3,none,2,6,9,2.2732430427359054,1.7343345572640951,0,0.0
none_3,none,2,7,9,2.291845726381277,1.715731873618723,0,0.0
none_3,none,2,8,9,2.2533210317658967,1.7542565682341038,0,0.0
none_3,none,2,9,9,2.336293261471148,1.6712843385288516,0,0.0
none_0,none,3,0,0,2.3628927387846104,1.6446848612153893,0,0.0
none_0,none,3,1,0,2.2671760035816937,1.7404015964183068,0,0.0
none_0,none,3,2,0,2.304546387168779,1.703031212831221,0,0.0
none_0,none,3,3,0,2.3166691571394424,1.6909084428605574,0,0.0
none_0,none,3,4,0,2.284962139847372,1.7226154601526282,0,0.0
none_0,none,3,5,0,2.280772439142087,1.7268051608579131,0,0.0
none_0,none,3,6,0,2.2547418717921555,1.7528357282078448,0,0.0
none_0,none,3,7,0,2.2907744361966182,1.716803163803382,0,0.0
none_0,none,3,8,0,2.2713090208791225,1.7362685791208783,0,0.0
none_0,none,3,9,0,2.400811832393925,1.6067657676060736,0,0.0
none_0,none,3,0,1,2.2662585201454255,1.741319079854575,0,0.0
none_0,none,3,1,1,2.1887215589322233,1.8188560410677774,0,0.0
none_0,none,3,2,1,2.207571110187549,1.8000064898124517,0,0.0
none_0,none,3,3,1,2.2430071446965525,1.7645704553034478,0,0.0
none_0,none,3,4,1,2.224423417377441,1.7831541826225599,0,0.0
none_0,none,3,5,1,2.197817837912841,1.8097597620871597,0,0.0
none_0,none,3,6,1,2.2309270581954297,1.776650541804571,0,0.0
none_0,none,3,7,1,2.193556544063113,1.8140210559368881,0,0.0
none_0,none,3,8,1,2.2374948186667414,1.7700827813332591,0,0.0
none_0,none,3,9,1,2.298390013762464,1.709187586237536,0,0.0
none_0,none,3,0,2,2.2374944409508295,1.7700831590491712,0,0.0
none_0,none,3,1,2,2.2279432489689603,1.7796343510310404,0,0.0
none_0,none,3,2,2,2.233209648042529,1.7743679519574718,0,0.0
none_0,none,3,3,2,2.23461297535381,1.7729646246461908,0,0.0
none_0,none,3,4,2,2.22454788337479,1.7830297166252103,0,0.0
none_0,none,3,5,2,2.225983912249273,1.781593687750728,0,0.0
none_0,none,3,6,2,2.2409889877407863,1.7665886122592143,0,0.0
none_0,none,3,7,2,2.234762867638067,1.7728147323619339,0,0.0
none_0,none,3,8,2,2.238470761036569,1.7691068389634321,0,0.0
none_0,none,3,9,2,2.2790481694878824,1.7285294305121184,0,0.0
none_0,none,3,0,3,2.2492849279953173,1.7582926720046834,0,0.0
none_0,none,3,1,3,2.198014412989959,1.8095631870100426,0,0.0
none_0,none,3,2,3,2.2135414086053147,1.7940361913946863,0,0.0
none_0,none,3,3,3,2.2480413748860757,1.759536225113925,0,0.0
none_0,none,3,4,3,2.249487515771168,1.758090084228833,0,0.0
none_0,none,3,5,3,2.255831386666121,1.751746213333879,0,0.0
none_0,none,3,6,3,2.255620605034515,1.7519569949654854,0,0.0
none_0,none,3,7,3,2.2468051668528055,1.7607724331471946,0,0.0
none_0,none,3,8,3,2.216626220028789,1.7909513799712118,0,0.0
none_0,none,3,9,3,2.2863391645796356,1.7212384354203645,0,0.0
none_0,none,3,0,4,2.256283086087338,1.751294513912663,0,0.0
none_0,none,3,1,4,2.2037299173320215,1.8038476826679792,0,0.0
none_0,none,3,2,4,2.247443272273602,1.7601343277263986,0,0.0
none_0,none,3,3,4,2.2340242528565892,1.7735533471434115,0,0.0
none_0,none,3,4,4,2.237135683672305,1.7704419163276957,0,0.0
none_0,none,3,5,4,2.2500089649276287,1.757568635072372,0,0.0
none_0,none,3,6,4,2.2475862640102386,1.7599913359897619,0,0.0
none_0,none,3,7,4,2.247165017504354,1.7604125824956467,0,0.0
none_0,none,3,8,4,2.248882412414616,1.758695187585385,0,0.0
none_0,none,3,9,4,2.284110989439383,1.7234666105606173,0,0.0
none_0,none,3,0,5,2.290189458635359,1.7173881413646412,0,0.0
none_0,none,3,1,5,2.1888564165669617,1.8187211834330395,0,0.0
none_0,none,3,2,5,2.2130473674553133,1.7945302325446872,0,0.0
none_0,none,3,3,5,2.2426955483996736,1.764882051600327,0,0.0
none_0,none,3,4,5,2.229220027199872,1.7783575728001282,0,0.0
none_0,none,3,5,5,2.2179592849112413,1.7896183150887592,0,0.0
none_0,none,3,6,5,2.2131791817335333,1.794398418266467,0,0.0
none_0,none,3,7,5,2.268512903601928,1.7390646963980723,0,0.0
none_0,none,3,8,5,2.2614936824874206,1.74608391751258,0,0.0
none_0,none,3,9,5,2.2794576276583074,1.7281199723416925,0,0.0
none_0,none,3,0,6,2.2578957803702893,1.749681819629711,0,0.0
none_0,none,3,1,6,2.1904128433410612,1.81716475665894,0,0.0
none_0,none,3,2,6,2.2303130503839688,1.777264549616032,0,0.0
none_0,none,3,3,6,2.2486294457118543,1.7589481542881462,0,0.0
none_0,none,3,4,6,2.240344968183101,1.7672326318168996,0,0.0
none_0,none,3,5,6,2.226686988930427,1.7808906110695741,0,0.0
none_0,none,3,6,6,2.2474948223591897,1.760082777640811,0,0.0
none_0,none,3,7,6,2.279640531886917,1.7279370681130832,0,0.0
none_0,none,3,8,6,2.238640596875074,1.768937003124927,0,0.0
none_0,none,3,9,6,2.291127578746059,1.716450021253941,0,0.0
none_0,none,3,0,7,2.2788648320577267,1.7287127679422738,0,0.0
none_0,none,3,1,7,2.2015934653285947,1.8059841346714067,0,0.0
none_0,none,3,2,7,2.2398411502893167,1.7677364497106838,0,0.0
none_0,none,3,3,7,2.2708161060251566,1.7367614939748435,0,0.0
none_0,none,3,4,7,2.2210850635532995,1.7864925364467015,0,0.0
none_0,none,3,5,7,2.2284758033298893,1.7791017966701117,0,0.0
none_0,none,3,6,7,2.2348264576999033,1.772751142300097,0,0.0
none_0,none,3,7,7,2.2601151321099793,1.7474624678900212,0,0.0
none_0,none,3,8,7,2.234523128385207,1.7730544716147933,0,0.0
none_0,none,3,9,7,2.2855516507121543,1.7220259492878458,0,0.0
none_0,none,3,0,8,2.2477479536160923,1.7598296463839083,0,0.0
none_0,none,3,1,8,2.1820352088958317,1.8255423911041695,0,0.0
none_0,none,3,2,8,2.2099242798700836,1.7976533201299176,0,0.0
none_0,none,3,3,8,2.2346267815491054,1.772950818450895,0,0.0
none_0,none,3,4,8,2.22894525505107,1.7786323449489307,0,0.0
none_0,none,3,5,8,2.2081889489453093,1.7993886510546917,0,0.0
none_0,none,3,6,8,2.2173308831371275,1.7902467168628735,0,0.0
none_0,none,3,7,8,2.227976012950882,1.7796015870491186,0,0.0
none_0,none,3,8,8,2.213749485606086,1.7938281143939145,0,0.0
none_0,none,3,9,8,2.2383735408259127,1.7692040591740885,0,0.0
none_0,none,3,0,9,2.4278874412595055,1.5796901587404946,0,0.0
none_0,none,3,1,9,2.2543168667212914,1.7532607332787091,0,0.0
none_0,none,3,2,9,2.2492866893509897,1.758290910649011,0,0.0
none_0,none,3,3,9,2.299352426109039,1.7082251738909613,0,0.0
none_0,none,3,4,9,2.3105715247741347,1.6970060752258656,0,0.0
none_0,none,3,5,9,2.310028146412863,1.6975494535871374,0,0.0
none_0,none,3,6,9,2.330880642009527,1.6766969579904727,0,0.0
none_0,none,3,7,9,2.303390687400346,1.7041869125996543,0,0.0
none_0,none,3,8,9,2.249405879785077,1.7581717202149232,0,0.0
none_0,none,3,9,9,2.4010951748278657,1.606482425172134,0,0.0
none_2,none,3,0,0,2.357725357604399,1.6498522423956008,0,0.0
none_2,none,3,1,0,2.2218203843857194,1.7857572156142818,0,0.0
none_2,none,3,2,0,2.2659977412426797,1.741579858757321,0,0.0
none_2,none,3,3,0,2.2877165992709414,1.719861000729059,0,0.0
none_2,none,3,4,0,2.285642988877967,1.7219346111220342,0,0.0
none_2,none,3,5,0,2.2854948456696587,1.722082754330341,0,0.0
none_2,none,3,6,0,2.320547575616012,1.6870300243839875,0,0.0
none_2,none,3,7,0,2.3159696859852397,1.691607914014761,0,0.0
none_2,none,3,8,0,2.275521792589323,1.732055807410677,0,0.0
none_2,none,3,9,0,2.3568707917835034,1.6507068082164957,0,0.0
none_2,none,3,0,1,2.236793530552036,1.7707840694479648,0,0.0
none_2,none,3,1,1,2.201373401461663,1.806204198538338,0,0.0
none_2,none,3,2,1,2.2153757835449714,1.7922018164550293,0,0.0
none_2,none,3,3,1,2.2098878622307323,1.7976897377692689,0,0.0
none_2,none,3,4,1,2.2230779557184706,1.7844996442815297,0,0.0
none_2,none,3,5,1,2.2052005810554145,1.8023770189445862,0,0.0
none_2,none,3,6,1,2.2298158229965193,1.7777617770034815,0,0.0
none_2,none,3,7,1,2.2321617860376857,1.7754158139623146,0,0.0
none_2,none,3,8,1,2.2028553847713956,1.804722215228605,0,0.0
none_2,none,3,9,1,2.243268468405176,1.7643091315948243,0,0.0
none_2,none,3,0,2,2.2598825687051876,1.7476950312948132,0,0.0
none_2,none,3,1,2,2.2060567805349205,1.80152081946508,0,0.0
none_2,none,3,2,2,2.23088682754197,1.7766907724580303,0,0.0
none_2,none,3,3,2,2.2538973802574693,1.7536802197425314,0,0.0
none_2,none,3,4,2,2.2468434509127193,1.7607341490872819,0,0.0
none_2,none,3,5,2,2.2289517656610704,1.7786258343389303,0,0.0
none_2,none,3,6,2,2.2281658323184996,1.779411767681501,0,0.0
none_2,none,3,7,2,2.212862697645543,1.7947149023544575,0,0.0
none_2,none,3,8,2,2.2124401896639188,1.7951374103360822,0,0.0
none_2,none,3,9,2,2.2707659980195496,1.7368116019804511,0,0.0
none_2,none,3,0,3,2.287367027173395,1.720210572826606,0,0.0
none_2,none,3,1,3,2.2371406808690337,1.7704369191309668,0,0.0
none_2,none,3,2,3,2.2559885692981356,1.751589030701865,0,0.0
none_2,none,3,3,3,2.2419994668622376,1.765578133137763,0,0.0
none_2,none,3,4,3,2.226114748674797,1.7814628513252035,0,0.0
none_2,none,3,5,3,2.2242378716265585,1.783339728373442,0,0.0
none_2,none,3,6,3,2.2392934314093726,1.7682841685906276,0,0.0
none_2,none,3,7,3,2.218387425490296,1.789190174509704,0,0.0
none_2,none,3,8,3,2.213019606568666,1.794557993431335,0,0.0
none_2,none,3,9,3,2.2387904890724895,1.768787110927511,0,0.0
none_2,none,3,0,4,2.265766502020505,1.7418110979794954,0,0.0
none_2,none,3,1,4,2.2175296467494365,1.7900479532505642,0,0.0
none_2,none,3,2,4,2.2432587654238128,1.764318834576188,0,0.0
none_2,none,3,3,4,2.216921093686195,1.7906565063138058,0,0.0
none_2,none,3,4,4,2.239161373801418,1.7684162261985825,0,0.0
none_2,none,3,5,4,2.226100026975829,1.781477573024172,0,0.0
none_2,none,3,6,4,2.239469473729744,1.7681081262702565,0,0.0
none_2,none,3,7,4,2.236813253610893,1.7707643463891076,0,0.0
none_2,none,3,8,4,2.2018558746195227,1.805721725380478,0,0.0
none_2,none,3,9,4,2.2705227909947903,1.7370548090052105,0,0.0
none_2,none,3,0,5,2.2666510643957274,1.7409265356042734,0,0.0
none_2,none,3,1,5,2.2288121670678755,1.7787654329321252,0,0.0
none_2,none,3,2,5,2.236962348959188,1.7706152510408129,0,0.0
none_2,none,3,3,5,2.2453138484637694,1.7622637515362312,0,0.0
none_2,none,3,4,5,2.224617828318099,1.782959771681902,0,0.0
none_2,none,3,5,5,2.2397098978025527,1.7678677021974476,0,0.0
none_2,none,3,6,5,2.257661545343729,1.7499160546562718,0,0.0
none_2,none,3,7,5,2.2417002769245578,1.765877323075443,0,0.0
none_2,none,3,8,5,2.217799448212589,1.7897781517874116,0,0.0
none_2,none,3,9,5,2.2845588384181426,1.7230187615818577,0,0.0
none_2,none,3,0,6,2.2855039363014265,1.7220736636985743,0,0.0
none_2,none,3,1,6,2.2170385866342555,1.790539013365745,0,0.0
none_2,none,3,2,6,2.2412405840234286,1.766337015976572,0,0.0
none_2,none,3,3,6,2.240854886291596,1.7667227137084047,0,0.0
none_2,none,3,4,6,2.246208880506721,1.7613687194932794,0,0.0
none_2,none,3,5,6,2.213259255501026,1.7943183444989748,0,0.0
none_2,none,3,6,6,2.2181745626314915,1.7894030373685095,0,0.0
none_2,none,3,7,6,2.2316943733784043,1.7758832266215965,0,0.0
none_2,none,3,8,6,2.216277702318842,1.7912998976811585,0,0.0
none_2,none,3,9,6,2.2701577615909243,1.7374198384090764,0,0.0
none_2,none,3,0,7,2.256279669131542,1.7512979308684589,0,0.0
none_2,none,3,1,7,2.2070278767441525,1.8005497232558483,0,0.0
none_2,none,3,2,7,2.23464305105723,1.7729345489427706,0,0.0
none_2,none,3,3,7,2.244359356997587,1.7632182430024133,0,0.0
none_2,none,3,4,7,2.2282240179777366,1.7793535820222643,0,0.0
none_2,none,3,5,7,2.20864716590122,1.7989304340987808,0,0.0
none_2,none,3,6,7,2.2348210330285854,1.7727565669714154,0,0.0
none_2,none,3,7,7,2.241955339228708,1.7656222607712926,0,0.0
none_2,none,3,8,7,2.2464783109773556,1.7610992890226451,0,0.0
none_2,none,3,9,7,2.2976310582575348,1.709946541742465,0,0.0
none_2,none,3,0,8,2.2621570212594513,1.7454205787405495,0,0.0
none_2,none,3,1,8,2.190079925418598,1.817497674581403,0,0.0
none_2,none,3,2,8,2.239896007785756,1.7676815922142444,0,0.0
none_2,none,3,3,8,2.212372093818029,1.7952055061819718,0,0.0
none_2,none,3,4,8,2.2094430144944743,1.798134585505527,0,0.0
none_2,none,3,5,8,2.203464886316268,1.8041127136837336,0,0.0
none_2,none,3,6,8,2.2171735447610676,1.7904040552389326,0,0.0
none_2,none,3,7,8,2.2357472445695348,1.771830355430466,0,0.0
none_2,none,3,8,8,2.2237638302067175,1.7838137697932832,0,0.0
none_2,none,3,9,8,2.271055939895991,1.7365216601040099,0,0.0
none_2,none,3,0,9,2.3665483188290177,1.6410292811709817,0,0.0
none_2,none,3,1,9,2.248140785122512,1.7594368148774882,0,0.0
none_2,none,3,2,9,2.300050085906759,1.7075275140932409,0,0.0
none_2,none,3,3,9,2.269321506134943,1.7382560938650573,0,0.0
none_2,none,3,4,9,2.307541076656169,1.7000365233438313,0,0.0
none_2,none,3,5,9,2.2845477889865866,1.7230298110134137,0,0.0
none_2,none,3,6,9,2.2983075515464773,1.7092700484535233,0,0.0
none_2,none,3,7,9,2.285706845977445,1.7218707540225553,0,0.0
none_2,none,3,8,9,2.284884026253116,1.7226935737468845,0,0.0
none_2,none,3,9,9,2.3682133479004728,1.6393642520995273,0,0.0
none_1,none,3,0,0,2.3625148115473533,1.6450627884526454,0,0.0
none_1,none,3,1,0,2.2531653111370207,1.75441228886298,0,0.0
none_1,none,3,2,0,2.283598793014658,1.7239788069853423,0,0.0
none_1,none,3,3,0,2.3155306295979705,1.6920469704020296,0,0.0
none_1,none,3,4,0,2.3033921891819613,1.7041854108180388,0,0.0
none_1,none,3,5,0,2.3259623513102348,1.6816152486897646,0,0.0
none_1,none,3,6,0,2.3165425599594176,1.691035040040583,0,0.0
none_1,none,3,7,0,2.265218160639778,1.7423594393602226,0,0.0
none_1,none,3,8,0,2.2994503414394107,1.7081272585605896,0,0.0
none_1,none,3,9,0,2.3822610022334123,1.625316597766587,0,0.0
none_1,none,3,0,1,2.259668163094223,1.7479094369057777,0,0.0
none_1,none,3,1,1,2.174372697630262,1.8332049023697392,0,0.0
none_1,none,3,2,1,2.2024022748987617,1.8051753251012392,0,0.0
none_1,none,3,3,1,2.2215414024616815,1.7860361975383192,0,0.0
none_1,none,3,4,1,2.2207298696759707,1.78684773032403,0,0.0
none_1,none,3,5,1,2.227765732962698,1.7798118670373027,0,0.0
none_1,none,3,6,1,2.2184698719975935,1.7891077280024072,0,0.0
none_1,none,3,7,1,2.204681072229845,1.8028965277701559,0,0.0
none_1,none,3,8,1,2.2124240939089623,1.7951535060910389,0,0.0
none_1,none,3,9,1,2.275956165089311,1.7316214349106895,0,0.0
none_1,none,3,0,2,2.287221256074306,1.7203563439256946,0,0.0
none_1,none,3,1,2,2.2396809916608067,1.7678966083391938,0,0.0
none_1,none,3,2,2,2.2287764528527427,1.778801147147258,0,0.0
none_1,none,3,3,2,2.254121621045541,1.7534559789544595,0,0.0
none_1,none,3,4,2,2.2321051312065343,1.7754724687934664,0,0.0
none_1,none,3,5,2,2.238997704302594,1.7685798956974064,0,0.0
none_1,none,3,6,2,2.2169713884712112,1.7906062115287895,0,0.0
none_1,none,3,7,2,2.252219309915679,1.7553582900843214,0,0.0
none_1,none,3,8,2,2.234699136761778,1.7728784632382233,0,0.0
none_1,none,3,9,2,2.304513285272762,1.7030643147272384,0,0.0
none_1,none,3,0,3,2.291520699295055,1.7160569007049458,0,0.0
none_1,none,3,1,3,2.2073112814955085,1.800266318504493,0,0.0
none_1,none,3,2,3,2.224300561284932,1.7832770387150685,0,0.0
none_1,none,3,3,3,2.2590337269576217,1.7485438730423786,0,0.0
none_1,none,3,4,3,2.2695179149262223,1.7380596850737784,0,0.0
none_1,none,3,5,3,2.252574930911814,1.7550026690881868,0,0.0
none_1,none,3,6,3,2.2183211994803873,1.7892564005196132,0,0.0
none_1,none,3,7,3,2.239779917266753,1.7677976827332476,0,0.0
none_1,none,3,8,3,2.2084443703066112,1.7991332296933897,0,0.0
none_1,none,3,9,3,2.261249338691997,1.7463282613080033,0,0.0
none_1,none,3,0,4,2.2946500440970348,1.712927555902965,0,0.0
none_1,none,3,1,4,2.226823867566545,1.780753732433456,0,0.0
none_1,none,3,2,4,2.2472150705413503,1.7603625294586502,0,0.0
none_1,none,3,3,4,2.2421714347737303,1.7654061652262698,0,0.0
none_1,none,3,4,4,2.260536190011123,1.7470414099888778,0,0.0
none_1,none,3,5,4,2.2722121535473603,1.7353654464526402,0,0.0
none_1,none,3,6,4,2.238758125674966,1.7688194743250345,0,0.0
none_1,none,3,7,4,2.230606577367425,1.7769710226325757,0,0.0
none_1,none,3,8,4,2.2209021522310737,1.7866754477689273,0,0.0
none_1,none,3,9,4,2.283767119731075,1.7238104802689254,0,0.0
none_1,none,3,0,5,2.264323817387189,1.7432537826128114,0,0.0
none_1,none,3,1,5,2.1960808010715365,1.8114967989284645,0,0.0
none_1,none,3,2,5,2.2078051809579384,1.7997724190420623,0,0.0
none_1,none,3,3,5,2.2373347669715504,1.7702428330284503,0,0.0
none_1,none,3,4,5,2.2402773469049797,1.7673002530950208,0,0.0
none_1,none,3,5,5,2.27641324288144,1.7311643571185602,0,0.0
none_1,none,3,6,5,2.250139476642986,1.7574381233570144,0,0.0
none_1,none,3,7,5,2.2270355981340777,1.780542001865923,0,0.0
none_1,none,3,8,5,2.2202391731688484,1.7873384268311523,0,0.0
none_1,none,3,9,5,2.2886181694359284,1.7189594305640719,0,0.0
none_1,none,3,0,6,2.2445166658097584,1.7630609341902426,0,0.0
none_1,none,3,1,6,2.1936639025920535,1.8139136974079475,0,0.0
none_1,none,3,2,6,2.235497265439784,1.7720803345602167,0,0.0
none_1,none,3,3,6,2.263655895447607,1.7439217045523934,0,0.0
none_1,none,3,4,6,2.251603593861372,1.7559740061386289,0,0.0
none_1,none,3,5,6,2.2570811016932,1.7504964983068008,0,0.0
none_1,none,3,6,6,2.249865734231637,1.7577118657683632,0,0.0
none_1,none,3,7,6,2.2689351179767683,1.7386424820232318,0,0.0
none_1,none,3,8,6,2.207869514176745,1.7997080858232561,0,0.0
none_1,none,3,9,6,2.3092277674092467,1.6983498325907533,0,0.0
none_1,none,3,0,7,2.2590979243194367,1.7484796756805643,0,0.0
none_1,none,3,1,7,2.2126872808850253,1.7948903191149754,0,0.0
none_1,none,3,2,7,2.212356376756508,1.7952212232434925,0,0.0
none_1,none,3,3,7,2.2475008501977496,1.7600767498022507,0,0.0
none_1,none,3,4,7,2.251990724457184,1.7555868755428161,0,0.0
none_1,none,3,5,7,2.233951533433303,1.7736260665666979,0,0.0
none_1,none,3,6,7,2.2372265240643605,1.7703510759356405,0,0.0
none_1,none,3,7,7,2.224831209791232,1.7827463902087684,0,0.0
none_1,none,3,8,7,2.22103279337533,1.7865448066246705,0,0.0
none_1,none,3,9,7,2.2821592174403897,1.7254183825596103,0,0.0
none_1,none,3,0,8,2.227132303106957,1.7804452968930442,0,0.0
none_1,none,3,1,8,2.169531426969515,1.8380461730304865,0,0.0
none_1,none,3,2,8,2.2017999150167573,1.8057776849832439,0,0.0
none_1,none,3,3,8,2.2240605411682957,1.783517058831705,0,0.0
none_1,none,3,4,8,2.2163032658946307,1.7912743341053698,0,0.0
none_1,none,3,5,8,2.2073400304043025,1.800237569595699,0,0.0
none_1,none,3,6,8,2.234067138231191,1.77351046176881,0,0.0
none_1,none,3,7,8,2.195046503637784,1.8125310963622177,0,0.0
none_1,none,3,8,8,2.1959859390200287,1.8115916609799723,0,0.0
none_1,none,3,9,8,2.235242337586434,1.772335262413567,0,0.0
none_1,none,3,0,9,2.345067437978716,1.6625101620212837,0,0.0
none_1,none,3,1,9,2.220618367097311,1.7869592329026902,0,0.0
none_1,none,3,2,9,2.266919784953252,1.7406578150467489,0,0.0
none_1,none,3,3,9,2.260914118006947,1.746663481993054,0,0.0
none_1,none,3,4,9,2.287800402617339,1.7197771973826614,0,0.0
none_1,none,3,5,9,2.3000994644418298,1.707478135558171,0,0.0
none_1,none,3,6,9,2.2902965711404035,1.7172810288595963,0,0.0
none_1,none,3,7,9,2.2589880414215404,1.7485895585784605,0,0.0
none_1,none,3,8,9,2.213866145842179,1.7937114541578216,0,0.0
none_1,none,3,9,9,2.3443480970111974,1.6632295029888022,0,0.0
none_3,none,3,0,0,2.4023715010237208,1.6052060989762782,0,0.0
none_3,none,3,1,0,2.2507892671266854,1.7567883328733152,0,0.0
none_3,none,3,2,0,2.296061012284144,1.7115165877158567,0,0.0
none_3,none,3,3,0,2.277535172600456,1.7300424273995443,0,0.0
none_3,none,3,4,0,2.2567401863839,1.750837413616101,0,0.0
none_3,none,3,5,0,2.3069253914956915,1.7006522085043088,0,0.0
none_3,none,3,6,0,2.3008752102598913,1.7067023897401092,0,0.0
none_3,none,3,7,0,2.295234129714595,1.712343470285405,0,0.0
none_3,none,3,8,0,2.24149516043323,1.766082439566771,0,0.0
none_3,none,3,9,0,2.343221344533286,1.6643562554667133,0,0.0
none_3,none,3,0,1,2.287700435319853,1.7198771646801476,0,0.0
none_3,none,3,1,1,2.1962467049331282,1.811330895066873,0,0.0
none_3,none,3,2,1,2.217641402612762,1.7899361973872387,0,0.0
none_3,none,3,3,1,2.219764778938797,1.7878128210612036,0,0.0
none_3,none,3,4,1,2.226375297691804,1.7812023023081966,0,0.0
none_3,none,3,5,1,2.2127653716281563,1.7948122283718448,0,0.0
none_3,none,3,6,1,2.240682803889179,1.766894796110822,0,0.0
none_3,none,3,7,1,2.232236596418605,1.7753410035813957,0,0.0
none_3,none,3,8,1,2.193368163699748,1.814209436300253,0,0.0
none_3,none,3,9,1,2.2254008960147114,1.7821767039852896,0,0.0
none_3,none,3,0,2,2.298195453127461,1.7093821468725392,0,0.0
none_3,none,3,1,2,2.2248802625065847,1.7826973374934165,0,0.0
none_3,none,3,2,2,2.2501186855120956,1.7574589144879045,0,0.0
none_3,none,3,3,2,2.2218463997407305,1.7857312002592702,0,0.0
none_3,none,3,4,2,2.224188702512866,1.7833888974871346,0,0.0
none_3,none,3,5,2,2.2334469336895655,1.7741306663104355,0,0.0
none_3,none,3,6,2,2.2467858748795853,1.7607917251204148,0,0.0
none_3,none,3,7,2,2.237019835757733,1.7705577642422679,0,0.0
none_3,none,3,8,2,2.2343208556912786,1.7732567443087224,0,0.0
none_3,none,3,9,2,2.274036247841154,1.7335413521588465,0,0.0
none_3,none,3,0,3,2.277909376127181,1.729668223872819,0,0.0
none_3,none,3,1,3,2.219495635852933,1.788081964147067,0,0.0
none_3,none,3,2,3,2.242368321083665,1.7652092789163358,0,0.0
none_3,none,3,3,3,2.279660386328032,1.7279172136719678,0,0.0
none_3,none,3,4,3,2.270864169124155,1.7367134308758452,0,0.0
none_3,none,3,5,3,2.2282432875490787,1.7793343124509222,0,0.0
none_3,none,3,6,3,2.2520998743216096,1.755477725678391,0,0.0
none_3,none,3,7,3,2.230264656303414,1.7773129436965869,0,0.0
none_3,none,3,8,3,2.2087529958658787,1.7988246041341225,0,0.0
none_3,none,3,9,3,2.266410309852579,1.7411672901474209,0,0.0
none_3,none,3,0,4,2.282385465926923,1.7251921340730771,0,0.0
none_3,none,3,1,4,2.2050492853503427,1.802528314649658,0,0.0
none_3,none,3,2,4,2.2459859061285288,1.761591693871472,0,0.0
none_3,none,3,3,4,2.22262860119201,1.7849489988079912,0,0.0
none_3,none,3,4,4,2.216716227655225,1.7908613723447762,0,0.0
none_3,none,3,5,4,2.2207517346775734,1.7868258653224274,0,0.0
none_3,none,3,6,4,2.237220638157726,1.7703569618422745,0,0.0
none_3,none,3,7,4,2.2460701560673666,1.7615074439326335,0,0.0
none_3,none,3,8,4,2.2087278665580183,1.7988497334419828,0,0.0
none_3,none,3,9,4,2.2627747483138547,1.7448028516861454,0,0.0
none_3,none,3,0,5,2.284342488503254,1.7232351114967461,0,0.0
none_3,none,3,1,5,2.227419782906704,1.7801578170932968,0,0.0
none_3,none,3,2,5,2.2487467499699165,1.758830850030084,0,0.0
none_3,none,3,3,5,2.225090561863349,1.782487038136652,0,0.0
none_3,none,3,4,5,2.219918182338526,1.7876594176614748,0,0.0
none_3,none,3,5,5,2.211392492907961,1.79618510709204,0,0.0
none_3,none,3,6,5,2.2491579104719244,1.7584196895280764,0,0.0
none_3,none,3,7,5,2.22953571367422,1.7780418863257808,0,0.0
none_3,none,3,8,5,2.2201802985761097,1.7873973014238909,0,0.0
none_3,none,3,9,5,2.3041378291848793,1.703439770815121,0,0.0
none_3,none,3,0,6,2.283890416085514,1.7236871839144865,0,0.0
none_3,none,3,1,6,2.2082518506267523,1.7993257493732489,0,0.0
none_3,none,3,2,6,2.24697592258927,1.7606016774107303,0,0.0
none_3,none,3,3,6,2.243804966277907,1.763772633722094,0,0.0
none_3,none,3,4,6,2.2211904962433042,1.7863871037566963,0,0.0
none_3,none,3,5,6,2.212500122735225,1.795077477264776,0,0.0
none_3,none,3,6,6,2.2467064497582716,1.7608711502417294,0,0.0
none_3,none,3,7,6,2.244215563412509,1.7633620365874916,0,0.0
none_3,none,3,8,6,2.2522343194129557,1.7553432805870446,0,0.0
none_3,none,3,9,6,2.3153568204415,1.6922207795584996,0,0.0
none_3,none,3,0,7,2.2729744665292944,1.7346031334707066,0,0.0
none_3,none,3,1,7,2.1879401422495888,1.8196374577504122,0,0.0
none_3,none,3,2,7,2.224059622112661,1.78351797788734,0,0.0
none_3,none,3,3,7,2.2420209987968946,1.7655566012031059,0,0.0
none_3,none,3,4,7,2.2265913570532727,1.780986242946728,0,0.0
none_3,none,3,5,7,2.2216177583548378,1.7859598416451627,0,0.0
none_3,none,3,6,7,2.2238139710199114,1.7837636289800889,0,0.0
none_3,none,3,7,7,2.231392845271898,1.7761847547281029,0,0.0
none_3,none,3,8,7,2.2329695327241477,1.7746080672758533,0,0.0
none_3,none,3,9,7,2.281236851518734,1.7263407484812663,0,0.0
none_3,none,3,0,8,2.2795754896357834,1.7280021103642167,0,0.0
none_3,none,3,1,8,2.1985870605032756,1.8089905394967258,0,0.0
none_3,none,3,2,8,2.228853339343633,1.7787242606563678,0,0.0
none_3,none,3,3,8,2.2274909285372058,1.7800866714627952,0,0.0
none_3,none,3,4,8,2.214725039998253,1.7928525600017475,0,0.0
none_3,none,3,5,8,2.205868504097801,1.8017090959022002,0,0.0
none_3,none,3,6,8,2.2142162428984817,1.7933613571015192,0,0.0
none_3,none,3,7,8,2.1843886685972915,1.8231889314027094,0,0.0
none_3,none,3,8,8,2.189513497788131,1.8180641022118698,0,0.0
none_3,none,3,9,8,2.215683764970713,1.791893835029288,0,0.0
none_3,none,3,0,9,2.385684885074672,1.621892714925327,0,0.0
none_3,none,3,1,9,2.2578900206388326,1.749687579361168,0,0.0
none_3,none,3,2,9,2.2645480842283683,1.7430295157716325,0,0.0
none_3,none,3,3,9,2.3008961141931255,1.7066814858068748,0,0.0
none_3,none,3,4,9,2.3122289235478055,1.6953486764521948,0,0.0
none_3,none,3,5,9,2.2752899895430296,1.732287610456971,0,0.0
none_3,none,3,6,9,2.273325959582728,1.7342516404172725,0,0.0
none_3,none,3,7,9,2.2820847119895045,1.7254928880104956,0,0.0
none_3,none,3,8,9,2.222795403628925,1.7847821963710764,0,0.0
none_3,none,3,9,9,2.341387058463313,1.6661905415366869,0,0.0
none_4,none,1,0,0,2.363665805226326,1.6439117947736728,0,0.0
none_4,none,1,1,0,2.253129283271824,1.7544483167281768,0,0.0
none_4,none,1,2,0,2.2341921766169857,1.773385423383015,0,0.0
none_4,none,1,3,0,2.261514931818819,1.7460626681811813,0,0.0
none_4,none,1,4,0,2.2526808588343004,1.7548967411657,0,0.0
none_4,none,1,5,0,2.26552349783634,1.7420541021636606,0,0.0
none_4,none,1,6,0,2.297124843204417,1.710452756795583,0,0.0
none_4,none,1,7,0,2.274801895265578,1.732775704734422,0,0.0
none_4,none,1,8,0,2.2490720626523903,1.7585055373476097,0,0.0
none_4,none,1,9,0,2.361991764626117,1.6455858353738826,0,0.0
none_4,none,1,0,1,2.261488123310995,1.7460894766890056,0,0.0
none_4,none,1,1,1,2.1654638775008155,1.842113722499186,0,0.0
none_4,none,1,2,1,2.1925033308136537,1.8150742691863473,0,0.0
none_4,none,1,3,1,2.1904703858414734,1.8171072141585274,0,0.0
none_4,none,1,4,1,2.2006704374588764,1.8069071625411246,0,0.0
none_4,none,1,5,1,2.225557880728686,1.7820197192713148,0,0.0
none_4,none,1,6,1,2.1954843338204704,1.8120932661795306,0,0.0
none_4,none,1,7,1,2.227234235353839,1.7803433646461624,0,0.0
none_4,none,1,8,1,2.191593924645701,1.8159836753543002,0,0.0
none_4,none,1,9,1,2.2535492734852993,1.7540283265147008,0,0.0
none_4,none,1,0,2,2.2915753880382828,1.7160022119617175,0,0.0
none_4,none,1,1,2,2.212978160877612,1.7945994391223892,0,0.0
none_4,none,1,2,2,2.255686029451754,1.7518915705482467,0,0.0
none_4,none,1,3,2,2.21495610793869,1.7926214920613108,0,0.0
none_4,none,1,4,2,2.2360333193787443,1.7715442806212567,0,0.0
none_4,none,1,5,2,2.218079032475014,1.7894985675249866,0,0.0
none_4,none,1,6,2,2.250986909647151,1.7565906903528492,0,0.0
none_4,none,1,7,2,2.2490484919427765,1.7585291080572243,0,0.0
none_4,none,1,8,2,2.2486012292391373,1.7589763707608637,0,0.0
none_4,none,1,9,2,2.3187819334803574,1.6887956665196426,0,0.0
none_4,none,1,0,3,2.2709141180764947,1.7366634819235054,0,0.0
none_4,none,1,1,3,2.2565779935967583,1.7509996064032423,0,0.0
none_4,none,1,2,3,2.2629168136484457,1.7446607863515544,0,0.0
none_4,none,1,3,3,2.2582400929648596,1.7493375070351413,0,0.0
none_4,none,1,4,3,2.217600407246433,1.7899771927535677,0,0.0
none_4,none,1,5,3,2.2451361293585563,1.7624414706414442,0,0.0
none_4,none,1,6,3,2.2082338308457405,1.7993437691542604,0,0.0
none_4,none,1,7,3,2.2344954777007713,1.7730821222992292,0,0.0
none_4,none,1,8,3,2.2200712310562607,1.7875063689437398,0,0.0
none_4,none,1,9,3,2.313622445458073,1.6939551545419271,0,0.0
none_4,none,1,0,4,2.2884868740501223,1.719090725949878,0,0.0
none_4,none,1,1,4,2.24129798878876,1.7662796112112409,0,0.0
none_4,none,1,2,4,2.2531771481189806,1.7544004518810201,0,0.0
none_4,none,1,3,4,2.2645886165258595,1.7429889834741406,0,0.0
none_4,none,1,4,4,2.2299498619959355,1.777627738004065,0,0.0
none_4,none,1,5,4,2.2226223697790384,1.7849552302209624,0,0.0
none_4,none,1,6,4,2.2391344099432398,1.7684431900567605,0,0.0
none_4,none,1,7,4,2.2195312788040313,1.788046321195969,0,0.0
none_4,none,1,8,4,2.214648998022052,1.7929286019779485,0,0.0
none_4,none,1,9,4,2.2841050313971785,1.7234725686028218,0,0.0
none_4,none,1,0,5,2.311568672608844,1.6960089273911558,0,0.0
none_4,none,1,1,5,2.242770248960952,1.7648073510390487,0,0.0
none_4,none,1,2,5,2.2347903977163135,1.7727872022836872,0,0.0
none_4,none,1,3,5,2.241477350339024,1.7661002496609763,0,0.0
none_4,none,1,4,5,2.241278738846056,1.7662988611539445,0,0.0
none_4,none,1,5,5,2.242785977783147,1.7647916222168534,0,0.0
none_4,none,1,6,5,2.2406581344222802,1.76691946557772,0,0.0
none_4,none,1,7,5,2.253609298382492,1.7539683016175085,0,0.0
none_4,none,1,8,5,2.204469258185447,1.8031083418145546,0,0.0
none_4,none,1,9,5,2.263629435199707,1.7439481648002937,0,0.0
none_4,none,1,0,6,2.258834891635839,1.7487427083641611,0,0.0
none_4,none,1,1,6,2.2064528203469327,1.801124779653068,0,0.0
none_4,none,1,2,6,2.2148672176855944,1.7927103823144066,0,0.0
none_4,none,1,3,6,2.2399270490143004,1.7676505509857003,0,0.0
none_4,none,1,4,6,2.221576067334936,1.7860015326650647,0,0.0
none_4,none,1,5,6,2.2320266119397094,1.7755509880602913,0,0.0
none_4,none,1,6,6,2.2343833146412666,1.7731942853587337,0,0.0
none_4,none,1,7,6,2.2347104149354755,1.7728671850645252,0,0.0
none_4,none,1,8,6,2.2058910274680095,1.8016865725319915,0,0.0
none_4,none,1,9,6,2.292353909954369,1.7152236900456312,0,0.0
none_4,none,1,0,7,2.2377624013815294,1.7698151986184716,0,0.0
none_4,none,1,1,7,2.1879707473295382,1.819606852670463,0,0.0
none_4,none,1,2,7,2.2209293498841745,1.7866482501158263,0,0.0
none_4,none,1,3,7,2.2224599794934488,1.7851176205065522,0,0.0
none_4,none,1,4,7,2.230289597639737,1.7772880023602635,0,0.0
none_4,none,1,5,7,2.2222427931245536,1.785334806875447,0,0.0
none_4,none,1,6,7,2.2076862595588658,1.7998913404411352,0,0.0
none_4,none,1,7,7,2.222609681460592,1.7849679185394092,0,0.0
none_4,none,1,8,7,2.1956191292151823,1.8119584707848189,0,0.0
none_4,none,1,9,7,2.2809216798282193,1.7266559201717815,0,0.0
none_4,none,1,0,8,2.219185653316745,1.7883919466832554,0,0.0
none_4,none,1,1,8,2.1771545960088194,1.8304230039911822,0,0.0
none_4,none,1,2,8,2.2015639363732227,1.8060136636267783,0,0.0
none_4,none,1,3,8,2.194182596723815,1.8133950032761863,0,0.0
none_4,none,1,4,8,2.2166533989009727,1.7909242010990287,0,0.0
none_4,none,1,5,8,2.2121417901679705,1.7954358098320304,0,0.0
none_4,none,1,6,8,2.2077939003307883,1.799783699669212,0,0.0
none_4,none,1,7,8,2.2226729349218695,1.784904665078132,0,0.0
none_4,none,1,8,8,2.166137207221442,1.8414403927785594,0,0.0
none_4,none,1,9,8,2.224316313495289,1.7832612865047122,0,0.0
none_4,none,1,0,9,2.3333159472259304,1.6742616527740697,0,0.0
none_4,none,1,1,9,2.2395508343341968,1.768026765665804,0,0.0
none_4,none,1,2,9,2.2528018343580816,1.7547757656419194,0,0.0
none_4,none,1,3,9,2.2908250381224575,1.716752561877543,0,0.0
none_4,none,1,4,9,2.2738164808840664,1.7337611191159341,0,0.0
none_4,none,1,5,9,2.2686842964803398,1.7388933035196612,0,0.0
none_4,none,1,6,9,2.2748710780350594,1.7327065219649416,0,0.0
none_4,none,1,7,9,2.2452094067346358,1.7623681932653648,0,0.0
none_4,none,1,8,9,2.2278407871283386,1.779736812871662,0,0.0
none_4,none,1,9,9,2.3470447379489263,1.660532862051074,0,0.0
none_6,none,1,0,0,2.360418720910767,1.6471588790892322,0,0.0
none_6,none,1,1,0,2.248634287545226,1.758943312454775,0,0.0
none_6,none,1,2,0,2.27150645291883,1.7360711470811705,0,0.0
none_6,none,1,3,0,2.2706255489321867,1.7369520510678143,0,0.0
none_6,none,1,4,0,2.2586086611510687,1.7489689388489322,0,0.0
none_6,none,1,5,0,2.2809545646293627,1.7266230353706373,0,0.0
none_6,none,1,6,0,2.289585604715085,1.7179919952849154,0,0.0
none_6,none,1,7,0,2.2949414029094073,1.712636197090593,0,0.0
none_6,none,1,8,0,2.260089840534563,1.7474877594654377,0,0.0
none_6,none,1,9,0,2.380597566466085,1.6269800335339135,0,0.0
none_6,none,1,0,1,2.261021077863388,1.7465565221366124,0,0.0
none_6,none,1,1,1,2.1963015920045112,1.81127600799549,0,0.0
none_6,none,1,2,1,2.203641084137471,1.8039365158625302,0,0.0
none_6,none,1,3,1,2.2317190452634885,1.7758585547365122,0,0.0
none_6,none,1,4,1,2.2040094014249103,1.8035681985750902,0,0.0
none_6,none,1,5,1,2.207438714805939,1.8001388851940618,0,0.0
none_6,none,1,6,1,2.21027186165586,1.7973057383441409,0,0.0
none_6,none,1,7,1,2.2104266092241507,1.79715099077585,0,0.0
none_6,none,1,8,1,2.1759011574488993,1.8316764425511018,0,0.0
none_6,none,1,9,1,2.239489107603479,1.7680884923965214,0,0.0
none_6,none,1,0,2,2.2727139887222214,1.7348636112777789,0,0.0
none_6,none,1,1,2,2.220707407549731,1.7868701924502701,0,0.0
none_6,none,1,2,2,2.2547473972965975,1.7528302027034033,0,0.0
none_6,none,1,3,2,2.244584172083025,1.7629934279169757,0,0.0
none_6,none,1,4,2,2.229377490158178,1.7782001098418228,0,0.0
none_6,none,1,5,2,2.2176494540407097,1.7899281459592913,0,0.0
none_6,none,1,6,2,2.1988649933724624,1.8087126066275385,0,0.0
none_6,none,1,7,2,2.1966776745561543,1.8108999254438463,0,0.0
none_6,none,1,8,2,2.185163706623768,1.822413893376233,0,0.0
none_6,none,1,9,2,2.272724989849309,1.734852610150692,0,0.0
none_6,none,1,0,3,2.294019547684957,1.7135580523150438,0,0.0
none_6,none,1,1,3,2.213476767862366,1.7941008321376348,0,0.0
none_6,none,1,2,3,2.2465070202026927,1.7610705797973083,0,0.0
none_6,none,1,3,3,2.2293137336918,1.778263866308201,0,0.0
none_6,none,1,4,3,2.2456854609499173,1.761892139050083,0,0.0
none_6,none,1,5,3,2.2055563735997623,1.8020212264002384,0,0.0
none_6,none,1,6,3,2.211195845926866,1.796381754073135,0,0.0
none_6,none,1,7,3,2.2261191422174913,1.7814584577825094,0,0.0
none_6,none,1,8,3,2.1903102593109116,1.8172673406890891,0,0.0
none_6,none,1,9,3,2.275447217849091,1.7321303821509093,0,0.0
none_6,none,1,0,4,2.2539471224462866,1.753630477553714,0,0.0
none_6,none,1,1,4,2.235259631561165,1.772317968438836,0,0.0
none_6,none,1,2,4,2.231352150489309,1.7762254495106917,0,0.0
none_6,none,1,3,4,2.2372845977657705,1.7702930022342305,0,0.0
none_6,none,1,4,4,2.2259231375213138,1.781654462478687,0,0.0
none_6,none,1,5,4,2.231332056867718,1.7762455431322826,0,0.0
none_6,none,1,6,4,2.239780030759157,1.7677975692408439,0,0.0
none_6,none,1,7,4,2.228260097611608,1.7793175023883927,0,0.0
none_6,none,1,8,4,2.2066837570878843,1.8008938429121164,0,0.0
none_6,none,1,9,4,2.300724899748025,1.7068527002519756,0,0.0
none_6,none,1,0,5,2.285879674784184,1.721697925215816,0,0.0
none_6,none,1,1,5,2.2214998794651515,1.7860777205348493,0,0.0
none_6,none,1,2,5,2.2716260879942682,1.735951512005732,0,0.0
none_6,none,1,3,5,2.2559562962517923,1.751621303748208,0,0.0
none_6,none,1,4,5,2.224489810150881,1.7830877898491198,0,0.0
none_6,none,1,5,5,2.224627698230429,1.7829499017695714,0,0.0
none_6,none,1,6,5,2.2413397334581395,1.7662378665418612,0,0.0
none_6,none,1,7,5,2.2262944835431404,1.78128311645686,0,0.0
none_6,none,1,8,5,2.2042918404216323,1.8032857595783685,0,0.0
none_6,none,1,9,5,2.262663962639214,1.7449136373607865,0,0.0
none_6,none,1,0,6,2.276173243712693,1.731404356287307,0,0.0
none_6,none,1,1,6,2.2286572754578198,1.778920324542181,0,0.0
none_6,none,1,2,6,2.228768160871044,1.7788094391289564,0,0.0
none_6,none,1,3,6,2.257288808666867,1.7502887913331335,0,0.0
none_6,none,1,4,6,2.262498900836804,1.7450786991631964,0,0.0
none_6,none,1,5,6,2.211385168985688,1.7961924310143125,0,0.0
none_6,none,1,6,6,2.241761330471823,1.7658162695281778,0,0.0
none_6,none,1,7,6,2.252033780202501,1.7555438197974997,0,0.0
none_6,none,1,8,6,2.2143397700323244,1.7932378299676763,0,0.0
none_6,none,1,9,6,2.2537624834057404,1.7538151165942604,0,0.0
none_6,none,1,0,7,2.274588617187493,1.7329889828125071,0,0.0
none_6,none,1,1,7,2.2006373210426764,1.8069402789573243,0,0.0
none_6,none,1,2,7,2.2496397343712577,1.757937865628743,0,0.0
none_6,none,1,3,7,2.220267558430319,1.7873100415696814,0,0.0
none_6,none,1,4,7,2.24809814135816,1.7594794586418407,0,0.0
none_6,none,1,5,7,2.24991206446912,1.7576655355308808,0,0.0
none_6,none,1,6,7,2.2631253194240135,1.7444522805759866,0,0.0
none_6,none,1,7,7,2.2631711127071297,1.7444064872928704,0,0.0
none_6,none,1,8,7,2.234572595708936,1.773005004291065,0,0.0
none_6,none,1,9,7,2.2919855509796743,1.715592049020326,0,0.0
none_6,none,1,0,8,2.2461171024645465,1.7614604975354544,0,0.0
none_6,none,1,1,8,2.1967466348841933,1.8108309651158079,0,0.0
none_6,none,1,2,8,2.1926574715092673,1.8149201284907341,0,0.0
none_6,none,1,3,8,2.212037355486013,1.7955402445139879,0,0.0
none_6,none,1,4,8,2.212822105434625,1.7947554945653756,0,0.0
none_6,none,1,5,8,2.218893597756817,1.7886840022431838,0,0.0
none_6,none,1,6,8,2.2006235720975793,1.8069540279024219,0,0.0
none_6,none,1,7,8,2.2444984188839228,1.763079181116078,0,0.0
none_6,none,1,8,8,2.2134590222142267,1.794118577785774,0,0.0
none_6,none,1,9,8,2.2435869727935605,1.763990627206441,0,0.0
none_6,none,1,0,9,2.345029919134804,1.6625476808651953,0,0.0
none_6,none,1,1,9,2.277257008557189,1.7303205914428115,0,0.0
none_6,none,1,2,9,2.280459867247951,1.7271177327520493,0,0.0
none_6,none,1,3,9,2.3010216804568207,1.7065559195431794,0,0.0
none_6,none,1,4,9,2.27731838835096,1.7302592116490405,0,0.0
none_6,none,1,5,9,2.2793100653084912,1.7282675346915093,0,0.0
none_6,none,1,6,9,2.296909172169082,1.7106684278309183,0,0.0
none_6,none,1,7,9,2.2749338838948154,1.7326437161051853,0,0.0
none_6,none,1,8,9,2.2540656861993433,1.7535119138006579,0,0.0
none_6,none,1,9,9,2.3987571281701277,1.6088204718298713,0,0.0
none_5,none,1,0,0,2.379056000579486,1.6285215994205129,0,0.0
none_5,none,1,1,0,2.240845894424433,1.7667317055755676,0,0.0
none_5,none,1,2,0,2.280709791313649,1.7268678086863514,0,0.0
none_5,none,1,3,0,2.326398548868909,1.6811790511310907,0,0.0
none_5,none,1,4,0,2.268667224675948,1.738910375324053,0,0.0
none_5,none,1,5,0,2.2527832407291903,1.7547943592708106,0,0.0
none_5,none,1,6,0,2.2441024000898877,1.7634751999101133,0,0.0
none_5,none,1,7,0,2.2443802952635123,1.7631973047364886,0,0.0
none_5,none,1,8,0,2.249536568086819,1.758041031913182,0,0.0
none_5,none,1,9,0,2.4025610424124855,1.6050165575875135,0,0.0
none_5,none,1,0,1,2.2562127040535906,1.7513648959464099,0,0.0
none_5,none,1,1,1,2.1785261365554245,1.8290514634445765,0,0.0
none_5,none,1,2,1,2.1956630689390013,1.8119145310610003,0,0.0
none_5,none,1,3,1,2.2161168661661703,1.7914607338338306,0,0.0
none_5,none,1,4,1,2.2203541155214754,1.7872234844785255,0,0.0
none_5,none,1,5,1,2.2182052105776133,1.7893723894223879,0,0.0
none_5,none,1,6,1,2.1976312145179993,1.809946385482002,0,0.0
none_5,none,1,7,1,2.2204722098093197,1.7871053901906815,0,0.0
none_5,none,1,8,1,2.2117808566136805,1.7957967433863207,0,0.0
none_5,none,1,9,1,2.275326806876595,1.7322507931234057,0,0.0
none_5,none,1,0,2,2.2677423431976793,1.739835256802321,0,0.0
none_5,none,1,1,2,2.219841346377176,1.7877362536228247,0,0.0
none_5,none,1,2,2,2.2240057075456674,1.7835718924543336,0,0.0
none_5,none,1,3,2,2.2182205722281503,1.7893570277718505,0,0.0
none_5,none,1,4,2,2.2193525348489387,1.7882250651510618,0,0.0
none_5,none,1,5,2,2.210647137378284,1.7969304626217169,0,0.0
none_5,none,1,6,2,2.2407002133206912,1.7668773866793093,0,0.0
none_5,none,1,7,2,2.2533472634274965,1.7542303365725043,0,0.0
none_5,none,1,8,2,2.2075456465268504,1.8000319534731504,0,0.0
none_5,none,1,9,2,2.294187037111361,1.7133905628886388,0,0.0
none_5,none,1,0,3,2.3189959451636795,1.6885816548363204,0,0.0
none_5,none,1,1,3,2.2016287085944124,1.8059488914055886,0,0.0
none_5,none,1,2,3,2.23828228054643,1.7692953194535708,0,0.0
none_5,none,1,3,3,2.223132381437921,1.7844452185620794,0,0.0
none_5,none,1,4,3,2.213749999189245,1.7938276008107559,0,0.0
none_5,none,1,5,3,2.2294547041033246,1.7781228958966762,0,0.0
none_5,none,1,6,3,2.2154463666586883,1.7921312333413124,0,0.0
none_5,none,1,7,3,2.2328738082905097,1.7747037917094914,0,0.0
none_5,none,1,8,3,2.228252374000438,1.7793252259995627,0,0.0
none_5,none,1,9,3,2.285714280647419,1.721863319352581,0,0.0
none_5,none,1,0,4,2.271139362806942,1.7364382371930582,0,0.0
none_5,none,1,1,4,2.223841455910156,1.783736144089845,0,0.0
none_5,none,1,2,4,2.2197284419808,1.7878491580192009,0,0.0
none_5,none,1,3,4,2.2576188384730744,1.7499587615269263,0,0.0
none_5,none,1,4,4,2.217452046456814,1.7901255535431866,0,0.0
none_5,none,1,5,4,2.213453770299143,1.794123829700858,0,0.0
none_5,none,1,6,4,2.2292480236367704,1.7783295763632299,0,0.0
none_5,none,1,7,4,2.215426375310837,1.7921512246891638,0,0.0
none_5,none,1,8,4,2.2016923869516414,1.8058852130483598,0,0.0
none_5,none,1,9,4,2.281504646126941,1.72607295387306,0,0.0
none_5,none,1,0,5,2.255327394148498,1.7522502058515026,0,0.0
none_5,none,1,1,5,2.203096655664239,1.8044809443357617,0,0.0
none_5,none,1,2,5,2.2196828236629975,1.7878947763370032,0,0.0
none_5,none,1,3,5,2.2277143343816705,1.7798632656183302,0,0.0
none_5,none,1,4,5,2.247217779479066,1.7603598205209345,0,0.0
none_5,none,1,5,5,2.2421529212758373,1.7654246787241632,0,0.0
none_5,none,1,6,5,2.24781229739149,1.7597653026085107,0,0.0
none_5,none,1,7,5,2.2197957583574555,1.7877818416425453,0,0.0
none_5,none,1,8,5,2.198270999762276,1.8093066002377252,0,0.0
none_5,none,1,9,5,2.279980730225105,1.7275968697748958,0,0.0
none_5,none,1,0,6,2.243950063287617,1.7636275367123841,0,0.0
none_5,none,1,1,6,2.2134169495776805,1.7941606504223204,0,0.0
none_5,none,1,2,6,2.234775496071593,1.772802103928407,0,0.0
none_5,none,1,3,6,2.212039265140999,1.7955383348590024,0,0.0
none_5,none,1,4,6,2.2520989996502134,1.7554786003497875,0,0.0
none_5,none,1,5,6,2.2342499989408005,1.7733276010592003,0,0.0
none_5,none,1,6,6,2.265479197519201,1.7420984024807993,0,0.0
none_5,none,1,7,6,2.2501810850069184,1.7573965149930824,0,0.0
none_5,none,1,8,6,2.2002534180415387,1.8073241819584625,0,0.0
none_5,none,1,9,6,2.249903858945153,1.7576737410548477,0,0.0
none_5,none,1,0,7,2.265731606936927,1.7418459930630732,0,0.0
none_5,none,1,1,7,2.2155103934693883,1.7920672065306127,0,0.0
none_5,none,1,2,7,2.234464494759062,1.7731131052409388,0,0.0
none_5,none,1,3,7,2.229687898669881,1.7778897013301198,0,0.0
none_5,none,1,4,7,2.2113655129468364,1.7962120870531646,0,0.0
none_5,none,1,5,7,2.2561249510037547,1.7514526489962459,0,0.0
none_5,none,1,6,7,2.2571320572411295,1.750445542758871,0,0.0
none_5,none,1,7,7,2.225641971513375,1.7819356284866257,0,0.0
none_5,none,1,8,7,2.19503751067826,1.8125400893217412,0,0.0
none_5,none,1,9,7,2.2603115398142504,1.7472660601857504,0,0.0
none_5,none,1,0,8,2.2169861511258335,1.7905914488741674,0,0.0
none_5,none,1,1,8,2.167509604648339,1.8400679953516623,0,0.0
none_5,none,1,2,8,2.207071444208273,1.8005061557917281,0,0.0
none_5,none,1,3,8,2.195655601966116,1.811921998033885,0,0.0
none_5,none,1,4,8,2.1889369143105935,1.8186406856894075,0,0.0
none_5,none,1,5,8,2.1956329376400996,1.8119446623599011,0,0.0
none_5,none,1,6,8,2.204848065183689,1.8027295348163126,0,0.0
none_5,none,1,7,8,2.2134595572945672,1.7941180427054337,0,0.0
none_5,none,1,8,8,2.1911299688575148,1.816447631142486,0,0.0
none_5,none,1,9,8,2.2515073948282622,1.7560702051717385,0,0.0
none_5,none,1,0,9,2.3366512710129608,1.6709263289870386,0,0.0
none_5,none,1,1,9,2.2187310826307862,1.7888465173692145,0,0.0
none_5,none,1,2,9,2.2780308348182423,1.7295467651817584,0,0.0
none_5,none,1,3,9,2.2725363142888177,1.7350412857111825,0,0.0
none_5,none,1,4,9,2.2586176646123293,1.7489599353876712,0,0.0
none_5,none,1,5,9,2.2769562799467744,1.7306213200532259,0,0.0
none_5,none,1,6,9,2.2742699009665754,1.7333076990334255,0,0.0
none_5,none,1,7,9,2.313351907371598,1.6942256926284025,0,0.0
none_5,none,1,8,9,2.2457660333974774,1.761811566602523,0,0.0
none_5,none,1,9,9,2.3766143258398738,1.630963274160126,0,0.0
none_7,none,1,0,0,2.3817609638841155,1.6258166361158835,0,0.0
none_7,none,1,1,0,2.235328785753112,1.772248814246889,0,0.0
none_7,none,1,2,0,2.2795964342023463,1.7279811657976538,0,0.0
none_7,none,1,3,0,2.3089876466198236,1.6985899533801765,0,0.0
none_7,none,1,4,0,2.2920876060070565,1.715489993992944,0,0.0
none_7,none,1,5,0,2.318063838588215,1.6895137614117852,0,0.0
none_7,none,1,6,0,2.2796799705892274,1.727897629410773,0,0.0
none_7,none,1,7,0,2.297274232220352,1.7103033677796478,0,0.0
none_7,none,1,8,0,2.2376738003944894,1.7699037996055118,0,0.0
none_7,none,1,9,0,2.3791290900067854,1.6284485099932138,0,0.0
none_7,none,1,0,1,2.228725216278853,1.7788523837211478,0,0.0
none_7,none,1,1,1,2.1763715236920187,1.8312060763079825,0,0.0
none_7,none,1,2,1,2.2094580744814225,1.7981195255185787,0,0.0
none_7,none,1,3,1,2.20465761980926,1.8029199801907414,0,0.0
none_7,none,1,4,1,2.2067615708013104,1.8008160291986905,0,0.0
none_7,none,1,5,1,2.2116669719626842,1.795910628037317,0,0.0
none_7,none,1,6,1,2.2238352269523847,1.783742373047616,0,0.0
none_7,none,1,7,1,2.2218419887995755,1.7857356112004255,0,0.0
none_7,none,1,8,1,2.192864240099929,1.8147133599000722,0,0.0
none_7,none,1,9,1,2.2564551764924086,1.7511224235075917,0,0.0
none_7,none,1,0,2,2.2594372076612705,1.7481403923387302,0,0.0
none_7,none,1,1,2,2.1811697561902315,1.8264078438097695,0,0.0
none_7,none,1,2,2,2.224715743902074,1.7828618560979266,0,0.0
none_7,none,1,3,2,2.218255665498806,1.7893219345011944,0,0.0
none_7,none,1,4,2,2.228031808397137,1.779545791602864,0,0.0
none_7,none,1,5,2,2.248810975332869,1.7587666246671319,0,0.0
none_7,none,1,6,2,2.239210154870656,1.7683674451293445,0,0.0
none_7,none,1,7,2,2.25120870952087,1.7563688904791304,0,0.0
none_7,none,1,8,2,2.2236228632840174,1.7839547367159834,0,0.0
none_7,none,1,9,2,2.275782272135825,1.731795327864175,0,0.0
none_7,none,1,0,3,2.2590019598191553,1.7485756401808454,0,0.0
none_7,none,1,1,3,2.2167486865514423,1.7908289134485582,0,0.0
none_7,none,1,2,3,2.199106881841377,1.808470718158624,0,0.0
none_7,none,1,3,3,2.2396103633140956,1.767967236685905,0,0.0
none_7,none,1,4,3,2.2387297141104496,1.7688478858895502,0,0.0
none_7,none,1,5,3,2.2338764589659745,1.773701141034026,0,0.0
none_7,none,1,6,3,2.231290359310193,1.7762872406898076,0,0.0
none_7,none,1,7,3,2.242365302330174,1.7652122976698263,0,0.0
none_7,none,1,8,3,2.231520754926779,1.7760568450732215,0,0.0
none_7,none,1,9,3,2.373932316713422,1.633645283286578,0,0.0
none_7,none,1,0,4,2.280935454742752,1.7266421452572485,0,0.0
none_7,none,1,1,4,2.2208327552679346,1.7867448447320662,0,0.0
none_7,none,1,2,4,2.21399126307743,1.7935863369225709,0,0.0
none_7,none,1,3,4,2.236285258201691,1.7712923417983097,0,0.0
none_7,none,1,4,4,2.230330259797458,1.7772473402025426,0,0.0
none_7,none,1,5,4,2.229666599088945,1.777911000911056,0,0.0
none_7,none,1,6,4,2.232188223508461,1.7753893764915398,0,0.0
none_7,none,1,7,4,2.2722825861667135,1.735295013833287,0,0.0
none_7,none,1,8,4,2.254219735328454,1.7533578646715466,0,0.0
none_7,none,1,9,4,2.313052332883307,1.694525267116693,0,0.0
none_7,none,1,0,5,2.2612692051264904,1.74630839487351,0,0.0
none_7,none,1,1,5,2.200110635045436,1.8074669649545656,0,0.0
none_7,none,1,2,5,2.264261406335179,1.7433161936648214,0,0.0
none_7,none,1,3,5,2.232138772855198,1.7754388271448032,0,0.0
none_7,none,1,4,5,2.2261598182331155,1.7814177817668855,0,0.0
none_7,none,1,5,5,2.2359001099900815,1.7716774900099193,0,0.0
none_7,none,1,6,5,2.2399378552562226,1.7676397447437782,0,0.0
none_7,none,1,7,5,2.2539716094740947,1.7536059905259058,0,0.0
none_7,none,1,8,5,2.2280501934768275,1.7795274065231732,0,0.0
none_7,none,1,9,5,2.2913743844420638,1.716203215557936,0,0.0
none_7,none,1,0,6,2.255584922484714,1.7519926775152865,0,0.0
none_7,none,1,1,6,2.2307553222579997,1.7768222777420009,0,0.0
none_7,none,1,2,6,2.2273042203897164,1.7802733796102845,0,0.0
none_7,none,1,3,6,2.2576387721468536,1.7499388278531474,0,0.0
none_7,none,1,4,6,2.2596058433619883,1.7479717566380117,0,0.0
none_7,none,1,5,6,2.2429316662605916,1.764645933739409,0,0.0
none_7,none,1,6,6,2.2176106629743946,1.7899669370256064,0,0.0
none_7,none,1,7,6,2.2345966541067086,1.772980945893292,0,0.0
none_7,none,1,8,6,2.2305690963162865,1.7770085036837144,0,0.0
none_7,none,1,9,6,2.292223166944458,1.7153544330555424,0,0.0
none_7,none,1,0,7,2.2510455259752753,1.7565320740247257,0,0.0
none_7,none,1,1,7,2.193260544902039,1.814317055097962,0,0.0
none_7,none,1,2,7,2.2436975915963067,1.7638800084036939,0,0.0
none_7,none,1,3,7,2.25439061859037,1.7531869814096306,0,0.0
none_7,none,1,4,7,2.280832403560043,1.7267451964399576,0,0.0
none_7,none,1,5,7,2.252904483829708,1.7546731161702926,0,0.0
none_7,none,1,6,7,2.212014173821304,1.795563426178697,0,0.0
none_7,none,1,7,7,2.228114079809939,1.7794635201900622,0,0.0
none_7,none,1,8,7,2.2043334701472146,1.8032441298527864,0,0.0
none_7,none,1,9,7,2.2468100982538965,1.7607675017461042,0,0.0
none_7,none,1,0,8,2.2131677959159526,1.7944098040840488,0,0.0
none_7,none,1,1,8,2.176611243256186,1.8309663567438152,0,0.0
none_7,none,1,2,8,2.2224234928049422,1.7851541071950585,0,0.0
none_7,none,1,3,8,2.215358505040285,1.7922190949597159,0,0.0
none_7,none,1,4,8,2.254574322018708,1.7530032779812925,0,0.0
none_7,none,1,5,8,2.226828607935734,1.780748992064267,0,0.0
none_7,none,1,6,8,2.2012920850242836,1.8062855149757175,0,0.0
none_7,none,1,7,8,2.2276165346971677,1.7799610653028333,0,0.0
none_7,none,1,8,8,2.2072234532410215,1.8003541467589796,0,0.0
none_7,none,1,9,8,2.229403558712869,1.778174041287132,0,0.0
none_7,none,1,0,9,2.3406313073122447,1.6669462926877545,0,0.0
none_7,none,1,1,9,2.241746330578588,1.7658312694214124,0,0.0
none_7,none,1,2,9,2.299866471764275,1.7077111282357254,0,0.0
none_7,none,1,3,9,2.299648707929046,1.707928892070954,0,0.0
none_7,none,1,4,9,2.301912282213977,1.7056653177860235,0,0.0
none_7,none,1,5,9,2.3090413890492667,1.6985362109507331,0,0.0
none_7,none,1,6,9,2.2795978398327996,1.7279797601672011,0,0.0
none_7,none,1,7,9,2.2719807480358645,1.735596851964136,0,0.0
none_7,none,1,8,9,2.2482107843820702,1.7593668156179305,0,0.0
none_7,none,1,9,9,2.332980465651858,1.6745971343481418,0,0.0
none_4,none,2,0,0,2.378845573937356,1.628732026062643,0,0.0
none_4,none,2,1,0,2.280014026882384,1.7275635731176169,0,0.0
none_4,none,2,2,0,2.285437556891981,1.7221400431080198,0,0.0
none_4,none,2,3,0,2.279819927119497,1.7277576728805033,0,0.0
none_4,none,2,4,0,2.248124358959495,1.7594532410405057,0,0.0
none_4,none,2,5,0,2.270211008735732,1.7373665912642684,0,0.0
none_4,none,2,6,0,2.2872361186827725,1.7203414813172284,0,0.0
none_4,none,2,7,0,2.296370778730753,1.7112068212692473,0,0.0
none_4,none,2,8,0,2.246048945241052,1.7615286547589488,0,0.0
none_4,none,2,9,0,2.382604762246779,1.6249728377532204,0,0.0
none_4,none,2,0,1,2.28854109459526,1.7190365054047398,0,0.0
none_4,none,2,1,1,2.1954370833109293,1.8121405166890718,0,0.0
none_4,none,2,2,1,2.234273903335339,1.773303696664662,0,0.0
none_4,none,2,3,1,2.1873363925737066,1.8202412074262946,0,0.0
none_4,none,2,4,1,2.185293551000935,1.822284048999066,0,0.0
none_4,none,2,5,1,2.2189970112913753,1.7885805887086255,0,0.0
none_4,none,2,6,1,2.232158660933009,1.7754189390669917,0,0.0
none_4,none,2,7,1,2.215273958674638,1.7923036413253628,0,0.0
none_4,none,2,8,1,2.228803209956022,1.7787743900439785,0,0.0
none_4,none,2,9,1,2.2689963661806996,1.738581233819301,0,0.0
none_4,none,2,0,2,2.2907453489481995,1.716832251051801,0,0.0
none_4,none,2,1,2,2.2320849863692853,1.7754926136307154,0,0.0
none_4,none,2,2,2,2.242258875808178,1.7653187241918225,0,0.0
none_4,none,2,3,2,2.225473540370147,1.7821040596298539,0,0.0
none_4,none,2,4,2,2.2484362333426238,1.759141366657377,0,0.0
none_4,none,2,5,2,2.2581115631428723,1.7494660368571284,0,0.0
none_4,none,2,6,2,2.2460532955718224,1.761524304428178,0,0.0
none_4,none,2,7,2,2.2097753396515745,1.7978022603484265,0,0.0
none_4,none,2,8,2,2.206687911002341,1.8008896889976598,0,0.0
none_4,none,2,9,2,2.281052322733044,1.726525277266956,0,0.0
none_4,none,2,0,3,2.258694894328091,1.7488827056719098,0,0.0
none_4,none,2,1,3,2.203803888160229,1.803773711839772,0,0.0
none_4,none,2,2,3,2.2145945371143476,1.7929830628856527,0,0.0
none_4,none,2,3,3,2.231315529334196,1.7762620706658048,0,0.0
none_4,none,2,4,3,2.2342043341063778,1.773373265893623,0,0.0
none_4,none,2,5,3,2.255395195898231,1.7521824041017697,0,0.0
none_4,none,2,6,3,2.2401101612527476,1.7674674387472533,0,0.0
none_4,none,2,7,3,2.2231341009622465,1.7844434990377542,0,0.0
none_4,none,2,8,3,2.2108593127574725,1.7967182872425287,0,0.0
none_4,none,2,9,3,2.259227097080427,1.7483505029195734,0,0.0
none_4,none,2,0,4,2.2664149498428876,1.7411626501571131,0,0.0
none_4,none,2,1,4,2.2034880402339367,1.8040895597660644,0,0.0
none_4,none,2,2,4,2.233403927695002,1.7741736723049986,0,0.0
none_4,none,2,3,4,2.223628250701028,1.7839493492989726,0,0.0
none_4,none,2,4,4,2.232223213886694,1.7753543861133068,0,0.0
none_4,none,2,5,4,2.2213795387813535,1.7861980612186472,0,0.0
none_4,none,2,6,4,2.2212847435224226,1.7862928564775782,0,0.0
none_4,none,2,7,4,2.248087044312357,1.7594905556876432,0,0.0
none_4,none,2,8,4,2.2094749861062017,1.7981026138937992,0,0.0
none_4,none,2,9,4,2.3023295160910884,1.7052480839089115,0,0.0
none_4,none,2,0,5,2.295080589005167,1.7124970109948334,0,0.0
none_4,none,2,1,5,2.238293614720855,1.7692839852791458,0,0.0
none_4,none,2,2,5,2.212660410517042,1.7949171894829585,0,0.0
none_4,none,2,3,5,2.226045658372859,1.7815319416271418,0,0.0
none_4,none,2,4,5,2.225301486818523,1.7822761131814782,0,0.0
none_4,none,2,5,5,2.232634408811913,1.774943191188088,0,0.0
none_4,none,2,6,5,2.2250008762145717,1.782576723785429,0,0.0
none_4,none,2,7,5,2.202614951389668,1.804962648610333,0,0.0
none_4,none,2,8,5,2.214713042101375,1.7928645578986264,0,0.0
none_4,none,2,9,5,2.273967902157843,1.7336096978421571,0,0.0
none_4,none,2,0,6,2.284714999953951,1.72286260004605,0,0.0
none_4,none,2,1,6,2.2050982281558507,1.8024793718441503,0,0.0
none_4,none,2,2,6,2.2301141106757933,1.7774634893242078,0,0.0
none_4,none,2,3,6,2.2241380930621575,1.783439506937843,0,0.0
none_4,none,2,4,6,2.2583236531761988,1.7492539468238015,0,0.0
none_4,none,2,5,6,2.203847121152242,1.803730478847759,0,0.0
none_4,none,2,6,6,2.218735327989346,1.788842272010655,0,0.0
none_4,none,2,7,6,2.220638326287613,1.7869392737123877,0,0.0
none_4,none,2,8,6,2.1897441390550796,1.8178334609449212,0,0.0
none_4,none,2,9,6,2.268187026363248,1.739390573636752,0,0.0
none_4,none,2,0,7,2.2563014283452785,1.7512761716547223,0,0.0
none_4,none,2,1,7,2.214242143555697,1.7933354564443036,0,0.0
none_4,none,2,2,7,2.212634104919271,1.7949434950807297,0,0.0
none_4,none,2,3,7,2.229033357148335,1.7785442428516656,0,0.0
none_4,none,2,4,7,2.2323622596765382,1.7752153403234625,0,0.0
none_4,none,2,5,7,2.213327314843791,1.7942502851562097,0,0.0
none_4,none,2,6,7,2.2208517403900467,1.786725859609954,0,0.0
none_4,none,2,7,7,2.220679959354502,1.786897640645499,0,0.0
none_4,none,2,8,7,2.194572121787304,1.813005478212697,0,0.0
none_4,none,2,9,7,2.289633832317997,1.717943767682003,0,0.0
none_4,none,2,0,8,2.259200263519465,1.7483773364805353,0,0.0
none_4,none,2,1,8,2.191713842988372,1.8158637570116292,0,0.0
none_4,none,2,2,8,2.2013578017859894,1.8062197982140114,0,0.0
none_4,none,2,3,8,2.2035409134701096,1.8040366865298916,0,0.0
none_4,none,2,4,8,2.196009069619492,1.811568530380509,0,0.0
none_4,none,2,5,8,2.199052655826181,1.8085249441738203,0,0.0
none_4,none,2,6,8,2.234872874578839,1.7727047254211616,0,0.0
none_4,none,2,7,8,2.2049531620377447,1.8026244379622565,0,0.0
none_4,none,2,8,8,2.210721070364972,1.796856529635029,0,0.0
none_4,none,2,9,8,2.2597575488963164,1.747820051103684,0,0.0
none_4,none,2,0,9,2.361203783882326,1.6463738161176737,0,0.0
none_4,none,2,1,9,2.2537149718884986,1.7538626281115022,0,0.0
none_4,none,2,2,9,2.273598905575859,1.7339786944241409,0,0.0
none_4,none,2,3,9,2.2460526447970217,1.7615249552029786,0,0.0
none_4,none,2,4,9,2.229920913820904,1.7776566861790972,0,0.0
none_4,none,2,5,9,2.254991567819823,1.7525860321801776,0,0.0
none_4,none,2,6,9,2.2893531906551177,1.718224409344883,0,0.0
none_4,none,2,7,9,2.280011079534725,1.727566520465275,0,0.0
none_4,none,2,8,9,2.2573866088812093,1.7501909911187912,0,0.0
none_4,none,2,9,9,2.376032799432682,1.6315448005673172,0,0.0
none_6,none,2,0,0,2.4159180197627097,1.591659580237289,0,0.0
none_6,none,2,1,0,2.2841698034980196,1.7234077965019805,0,0.0
none_6,none,2,2,0,2.3058175956800717,1.7017600043199286,0,0.0
none_6,none,2,3,0,2.26018508207476,1.7473925179252405,0,0.0
none_6,none,2,4,0,2.2499767876187104,1.7576008123812898,0,0.0
none_6,none,2,5,0,2.285867005028793,1.721710594971207,0,0.0
none_6,none,2,6,0,2.2965770136551034,1.7110005863448965,0,0.0
none_6,none,2,7,0,2.2736671614780053,1.7339104385219954,0,0.0
none_6,none,2,8,0,2.2395077219439794,1.7680698780560207,0,0.0
none_6,none,2,9,0,2.3702832857992435,1.6372943142007563,0,0.0
none_6,none,2,0,1,2.286737263865675,1.7208403361343252,0,0.0
none_6,none,2,1,1,2.2180073340181727,1.7895702659818284,0,0.0
none_6,none,2,2,1,2.208195785155323,1.799381814844678,0,0.0
none_6,none,2,3,1,2.2261338732167575,1.7814437267832428,0,0.0
none_6,none,2,4,1,2.2032580467552503,1.804319553244751,0,0.0
none_6,none,2,5,1,2.2019059861449013,1.8056716138550997,0,0.0
none_6,none,2,6,1,2.1886315750925895,1.8189460249074114,0,0.0
none_6,none,2,7,1,2.1801663206278974,1.8274112793721033,0,0.0
none_6,none,2,8,1,2.1958333645037262,1.8117442354962747,0,0.0
none_6,none,2,9,1,2.2935480903052583,1.714029509694742,0,0.0
none_6,none,2,0,2,2.3295953895679156,1.6779822104320843,0,0.0
none_6,none,2,1,2,2.218525358213326,1.7890522417866745,0,0.0
none_6,none,2,2,2,2.206342453913309,1.8012351460866918,0,0.0
none_6,none,2,3,2,2.2131517664458857,1.7944258335541152,0,0.0
none_6,none,2,4,2,2.2260305749471487,1.781547025052852,0,0.0
none_6,none,2,5,2,2.203039352535756,1.8045382474642453,0,0.0
none_6,none,2,6,2,2.197709114787276,1.8098684852127247,0,0.0
none_6,none,2,7,2,2.2186133120157665,1.7889642879842345,0,0.0
none_6,none,2,8,2,2.2254441012425636,1.782133498757437,0,0.0
none_6,none,2,9,2,2.32181346043486,1.6857641395651393,0,0.0
none_6,none,2,0,3,2.2986068436174842,1.7089707563825156,0,0.0
none_6,none,2,1,3,2.205424216648947,1.8021533833510537,0,0.0
none_6,none,2,2,3,2.236000714473066,1.7715768855269352,0,0.0
none_6,none,2,3,3,2.251975153029165,1.7556024469708356,0,0.0
none_6,none,2,4,3,2.2198340276564066,1.7877435723435946,0,0.0
none_6,none,2,5,3,2.2066257077193785,1.8009518922806225,0,0.0
none_6,none,2,6,3,2.2075421879406183,1.8000354120593827,0,0.0
none_6,none,2,7,3,2.20851542729238,1.7990621727076213,0,0.0
none_6,none,2,8,3,2.2245186523525895,1.7830589476474112,0,0.0
none_6,none,2,9,3,2.2823980824160066,1.725179517583994,0,0.0
none_6,none,2,0,4,2.2672460530849614,1.7403315469150387,0,0.0
none_6,none,2,1,4,2.225142604818766,1.7824349951812346,0,0.0
none_6,none,2,2,4,2.2202706159683943,1.7873069840316063,0,0.0
none_6,none,2,3,4,2.216814884827893,1.7907627151721075,0,0.0
none_6,none,2,4,4,2.220180560946785,1.787397039053216,0,0.0
none_6,none,2,5,4,2.220615802991342,1.786961797008659,0,0.0
none_6,none,2,6,4,2.2483015791464678,1.759276020853533,0,0.0
none_6,none,2,7,4,2.222686848635654,1.7848907513643466,0,0.0
none_6,none,2,8,4,2.1928063158775424,1.814771284122459,0,0.0
none_6,none,2,9,4,2.245486447266125,1.7620911527338756,0,0.0
none_6,none,2,0,5,2.29124455683207,1.7163330431679304,0,0.0
none_6,none,2,1,5,2.2479876423020215,1.7595899576979792,0,0.0
none_6,none,2,2,5,2.2481109412653364,1.7594666587346643,0,0.0
none_6,none,2,3,5,2.230078090119357,1.7774995098806436,0,0.0
none_6,none,2,4,5,2.237536791433224,1.770040808566777,0,0.0
none_6,none,2,5,5,2.235701434205667,1.7718761657943336,0,0.0
none_6,none,2,6,5,2.2387222780913145,1.7688553219086856,0,0.0
none_6,none,2,7,5,2.22786542843138,1.7797121715686208,0,0.0
none_6,none,2,8,5,2.2045426914766746,1.8030349085233264,0,0.0
none_6,none,2,9,5,2.2456267119864286,1.7619508880135724,0,0.0
none_6,none,2,0,6,2.292526726843342,1.7150508731566583,0,0.0
none_6,none,2,1,6,2.22841820067706,1.7791593993229406,0,0.0
none_6,none,2,2,6,2.226958630272811,1.780618969727189,0,0.0
none_6,none,2,3,6,2.242473658013924,1.7651039419860763,0,0.0
none_6,none,2,4,6,2.2145672448038893,1.7930103551961114,0,0.0
none_6,none,2,5,6,2.240761556299041,1.766816043700959,0,0.0
none_6,none,2,6,6,2.236644477138425,1.770933122861576,0,0.0
none_6,none,2,7,6,2.258219319102856,1.7493582808971442,0,0.0
none_6,none,2,8,6,2.202079015376615,1.8054985846233857,0,0.0
none_6,none,2,9,6,2.2776964787297245,1.7298811212702756,0,0.0
none_6,none,2,0,7,2.2964612156457695,1.7111163843542303,0,0.0
none_6,none,2,1,7,2.208507897954799,1.7990697020452018,0,0.0
none_6,none,2,2,7,2.265331400396255,1.742246199603746,0,0.0
none_6,none,2,3,7,2.2506304549245635,1.7569471450754366,0,0.0
none_6,none,2,4,7,2.2244360888068626,1.7831415111931381,0,0.0
none_6,none,2,5,7,2.2133697008077293,1.7942078991922714,0,0.0
none_6,none,2,6,7,2.241526128783826,1.7660514712161746,0,0.0
none_6,none,2,7,7,2.2227209546643714,1.7848566453356294,0,0.0
none_6,none,2,8,7,2.2345753900636196,1.7730022099363811,0,0.0
none_6,none,2,9,7,2.273731602021263,1.733845997978738,0,0.0
none_6,none,2,0,8,2.2419672516898097,1.7656103483101913,0,0.0
none_6,none,2,1,8,2.1966279325931315,1.8109496674068695,0,0.0
none_6,none,2,2,8,2.229443165754456,1.778134434245545,0,0.0
none_6,none,2,3,8,2.2067908829912266,1.8007867170087746,0,0.0
none_6,none,2,4,8,2.211576994842662,1.796000605157339,0,0.0
none_6,none,2,5,8,2.2134513074231843,1.7941262925768164,0,0.0
none_6,none,2,6,8,2.1874721941788526,1.8201054058211485,0,0.0
none_6,none,2,7,8,2.2070640494163603,1.8005135505836407,0,0.0
none_6,none,2,8,8,2.1998789201831164,1.807698679816885,0,0.0
none_6,none,2,9,8,2.2823126633925446,1.7252649366074557,0,0.0
none_6,none,2,0,9,2.3422879787762487,1.6652896212237513,0,0.0
none_6,none,2,1,9,2.256299774719241,1.75127782528076,0,0.0
none_6,none,2,2,9,2.249260844460878,1.7583167555391226,0,0.0
none_6,none,2,3,9,2.2706730533062864,1.7369045466937139,0,0.0
none_6,none,2,4,9,2.280679657669849,1.7268979423301516,0,0.0
none_6,none,2,5,9,2.2773819133636914,1.7301956866363086,0,0.0
none_6,none,2,6,9,2.268518591005122,1.7390590089948783,0,0.0
none_6,none,2,7,9,2.284255364435792,1.7233222355642084,0,0.0
none_6,none,2,8,9,2.2447672332171447,1.7628103667828563,0,0.0
none_6,none,2,9,9,2.377265818112371,1.6303117818876276,0,0.0
none_5,none,2,0,0,2.3609484422609723,1.6466291577390277,0,0.0
none_5,none,2,1,0,2.2389389347152604,1.7686386652847403,0,0.0
none_5,none,2,2,0,2.2478554849808976,1.759722115019103,0,0.0
none_5,none,2,3,0,2.257974995779612,1.749602604220389,0,0.0
none_5,none,2,4,0,2.255417312391244,1.7521602876087568,0,0.0
none_5,none,2,5,0,2.281831856371368,1.7257457436286325,0,0.0
none_5,none,2,6,0,2.2607480436981398,1.746829556301861,0,0.0
none_5,none,2,7,0,2.26265161947558,1.7449259805244208,0,0.0
none_5,none,2,8,0,2.258731189315255,1.748846410684746,0,0.0
none_5,none,2,9,0,2.3426032182985734,1.6649743817014266,0,0.0
none_5,none,2,0,1,2.27212976766347,1.7354478323365297,0,0.0
none_5,none,2,1,1,2.190309648983615,1.8172679510163867,0,0.0
none_5,none,2,2,1,2.202949751935519,1.8046278480644822,0,0.0
none_5,none,2,3,1,2.190489884087413,1.817087715912588,0,0.0
none_5,none,2,4,1,2.1938894998603296,1.8136881001396716,0,0.0
none_5,none,2,5,1,2.2103203977340473,1.7972572022659532,0,0.0
none_5,none,2,6,1,2.2039492771467772,1.803628322853224,0,0.0
none_5,none,2,7,1,2.204911064157295,1.802666535842706,0,0.0
none_5,none,2,8,1,2.207518911103079,1.800058688896922,0,0.0
none_5,none,2,9,1,2.240343855384788,1.7672337446152129,0,0.0
none_5,none,2,0,2,2.2557624562488496,1.751815143751151,0,0.0
none_5,none,2,1,2,2.2016215056212034,1.8059560943787976,0,0.0
none_5,none,2,2,2,2.21140160238425,1.7961759976157512,0,0.0
none_5,none,2,3,2,2.2308018346438523,1.776775765356148,0,0.0
none_5,none,2,4,2,2.2150470044929182,1.7925305955070827,0,0.0
none_5,none,2,5,2,2.231741391617902,1.775836208382099,0,0.0
none_5,none,2,6,2,2.2426830951855194,1.7648945048144813,0,0.0
none_5,none,2,7,2,2.225553951906918,1.7820236480930824,0,0.0
none_5,none,2,8,2,2.213330748249909,1.7942468517500914,0,0.0
none_5,none,2,9,2,2.256494770536935,1.7510828294630654,0,0.0
none_5,none,2,0,3,2.266863935224453,1.740713664775548,0,0.0
none_5,none,2,1,3,2.187304408920814,1.8202731910791872,0,0.0
none_5,none,2,2,3,2.2313961598801417,1.776181440119859,0,0.0
none_5,none,2,3,3,2.210082246331342,1.797495353668659,0,0.0
none_5,none,2,4,3,2.2426825883883867,1.7648950116116138,0,0.0
none_5,none,2,5,3,2.228999400284949,1.7785781997150514,0,0.0
none_5,none,2,6,3,2.2347496954589534,1.7728279045410476,0,0.0
none_5,none,2,7,3,2.23509969038717,1.7724779096128305,0,0.0
none_5,none,2,8,3,2.198804107341415,1.8087734926585861,0,0.0
none_5,none,2,9,3,2.2559923883906676,1.7515852116093331,0,0.0
none_5,none,2,0,4,2.2715244309768274,1.7360531690231726,0,0.0
none_5,none,2,1,4,2.193702036293411,1.8138755637065902,0,0.0
none_5,none,2,2,4,2.2215959679822386,1.7859816320177617,0,0.0
none_5,none,2,3,4,2.261197706716423,1.7463798932835772,0,0.0
none_5,none,2,4,4,2.2207790848310776,1.7867985151689232,0,0.0
none_5,none,2,5,4,2.215143725463125,1.7924338745368755,0,0.0
none_5,none,2,6,4,2.2459824814365166,1.761595118563484,0,0.0
none_5,none,2,7,4,2.2624313672302105,1.74514623276979,0,0.0
none_5,none,2,8,4,2.218863236415805,1.7887143635841962,0,0.0
none_5,none,2,9,4,2.286747013224547,1.7208305867754536,0,0.0
none_5,none,2,0,5,2.2759048198115157,1.7316727801884846,0,0.0
none_5,none,2,1,5,2.202079749158483,1.8054978508415176,0,0.0
none_5,none,2,2,5,2.2216456230014665,1.7859319769985342,0,0.0
none_5,none,2,3,5,2.2275282961401364,1.7800493038598644,0,0.0
none_5,none,2,4,5,2.2417613914338386,1.7658162085661624,0,0.0
none_5,none,2,5,5,2.241943783515264,1.7656338164847367,0,0.0
none_5,none,2,6,5,2.274696822459209,1.7328807775407913,0,0.0
none_5,none,2,7,5,2.2161389579520137,1.7914386420479873,0,0.0
none_5,none,2,8,5,2.211870252983607,1.795707347016394,0,0.0
none_5,none,2,9,5,2.274089355061626,1.7334882449383744,0,0.0
none_5,none,2,0,6,2.2582864308617356,1.749291169138265,0,0.0
none_5,none,2,1,6,2.2042144338692315,1.8033631661307692,0,0.0
none_5,none,2,2,6,2.2417799487134826,1.765797651286518,0,0.0
none_5,none,2,3,6,2.265699475003074,1.7418781249969264,0,0.0
none_5,none,2,4,6,2.2444000376350934,1.763177562364907,0,0.0
none_5,none,2,5,6,2.2407983505950244,1.7667792494049765,0,0.0
none_5,none,2,6,6,2.232433564196887,1.7751440358031136,0,0.0
none_5,none,2,7,6,2.232648929255422,1.7749286707445782,0,0.0
none_5,none,2,8,6,2.202154273547097,1.8054233264529038,0,0.0
none_5,none,2,9,6,2.263978774583754,1.7435988254162467,0,0.0
none_5,none,2,0,7,2.28382713318077,1.72375046681923,0,0.0
none_5,none,2,1,7,2.202344357258428,1.8052332427415727,0,0.0
none_5,none,2,2,7,2.2497853605440685,1.7577922394559318,0,0.0
none_5,none,2,3,7,2.2425756256290685,1.7650019743709322,0,0.0
none_5,none,2,4,7,2.23502951002617,1.7725480899738306,0,0.0
none_5,none,2,5,7,2.233152759233688,1.7744248407663128,0,0.0
none_5,none,2,6,7,2.243855382301472,1.763722217698528,0,0.0
none_5,none,2,7,7,2.203054176542818,1.8045234234571828,0,0.0
none_5,none,2,8,7,2.205622501468191,1.80195509853181,0,0.0
none_5,none,2,9,7,2.2607546372925618,1.7468229627074388,0,0.0
none_5,none,2,0,8,2.248398705904945,1.7591788940950555,0,0.0
none_5,none,2,1,8,2.2236836624608975,1.7838939375391032,0,0.0
none_5,none,2,2,8,2.213962284537353,1.7936153154626473,0,0.0
none_5,none,2,3,8,2.209684178918072,1.797893421081929,0,0.0
none_5,none,2,4,8,2.213070812107634,1.7945067878923666,0,0.0
none_5,none,2,5,8,2.220901864041293,1.7866757359587073,0,0.0
none_5,none,2,6,8,2.2186312110656874,1.7889463889343136,0,0.0
none_5,none,2,7,8,2.2272901978599515,1.780287402140049,0,0.0
none_5,none,2,8,8,2.18795978906872,1.8196178109312815,0,0.0
none_5,none,2,9,8,2.268239597447932,1.7393380025520686,0,0.0
none_5,none,2,0,9,2.3891533812517647,1.618424218748234,0,0.0
none_5,none,2,1,9,2.2631881921376333,1.744389407862367,0,0.0
none_5,none,2,2,9,2.297052260673045,1.710525339326955,0,0.0
none_5,none,2,3,9,2.2827553037799815,1.7248222962200188,0,0.0
none_5,none,2,4,9,2.2982773617404932,1.709300238259507,0,0.0
none_5,none,2,5,9,2.349041434836698,1.6585361651633017,0,0.0
none_5,none,2,6,9,2.2985587449544433,1.7090188550455567,0,0.0
none_5,none,2,7,9,2.3353329392786684,1.672244660721332,0,0.0
none_5,none,2,8,9,2.2357430549775192,1.7718345450224815,0,0.0
none_5,none,2,9,9,2.3464258855285243,1.661151714471476,0,0.0
none_7,none,2,0,0,2.346949821408858,1.6606277785911414,0,0.0
none_7,none,2,1,0,2.2292907293922135,1.7782868706077872,0,0.0
none_7,none,2,2,0,2.299908825242529,1.7076687747574715,0,0.0
none_7,none,2,3,0,2.2906627060551616,1.7169148939448386,0,0.0
none_7,none,2,4,0,2.299840477458294,1.7077371225417062,0,0.0
none_7,none,2,5,0,2.3236060179487867,1.6839715820512122,0,0.0
none_7,none,2,6,0,2.3208124826743455,1.6867651173256548,0,0.0
none_7,none,2,7,0,2.2968391632237948,1.7107384367762055,0,0.0
none_7,none,2,8,0,2.2623410122721728,1.7452365877278282,0,0.0
none_7,none,2,9,0,2.4406752680276873,1.566902331972312,0,0.0
none_7,none,2,0,1,2.235249463841444,1.772328136158557,0,0.0
none_7,none,2,1,1,2.1746323189050956,1.8329452810949056,0,0.0
none_7,none,2,2,1,2.2000986940184983,1.8074789059815026,0,0.0
none_7,none,2,3,1,2.2155898291354648,1.791987770864536,0,0.0
none_7,none,2,4,1,2.2129062141835036,1.7946713858164973,0,0.0
none_7,none,2,5,1,2.213116903758735,1.7944606962412661,0,0.0
none_7,none,2,6,1,2.2245451612742166,1.783032438725784,0,0.0
none_7,none,2,7,1,2.234964415579227,1.7726131844207738,0,0.0
none_7,none,2,8,1,2.2363296638295744,1.7712479361704263,0,0.0
none_7,none,2,9,1,2.2392842626871867,1.768293337312814,0,0.0
none_7,none,2,0,2,2.265498949335443,1.742078650664557,0,0.0
none_7,none,2,1,2,2.207960975788349,1.7996166242116516,0,0.0
none_7,none,2,2,2,2.2389262141057222,1.7686513858942783,0,0.0
none_7,none,2,3,2,2.230504820300295,1.7770727796997061,0,0.0
none_7,none,2,4,2,2.2349568857335607,1.7726207142664396,0,0.0
none_7,none,2,5,2,2.2572300055671324,1.7503475944328681,0,0.0
none_7,none,2,6,2,2.224669414095593,1.7829081859044078,0,0.0
none_7,none,2,7,2,2.235477524481134,1.7721000755188667,0,0.0
none_7,none,2,8,2,2.205784469904141,1.80179313009586,0,0.0
none_7,none,2,9,2,2.2810873320994585,1.7264902679005423,0,0.0
none_7,none,2,0,3,2.288441645117517,1.7191359548824832,0,0.0
none_7,none,2,1,3,2.219247078703267,1.7883305212967333,0,0.0
none_7,none,2,2,3,2.228822719526438,1.7787548804735624,0,0.0
none_7,none,2,3,3,2.244178629977853,1.7633989700221477,0,0.0
none_7,none,2,4,3,2.2266897210221055,1.7808878789778952,0,0.0
none_7,none,2,5,3,2.263610662986945,1.7439669370130555,0,0.0
none_7,none,2,6,3,2.233413588592118,1.7741640114078825,0,0.0
none_7,none,2,7,3,2.2224420554978215,1.7851355445021793,0,0.0
none_7,none,2,8,3,2.1903219387864947,1.817255661213506,0,0.0
none_7,none,2,9,3,2.290807844306982,1.7167697556930182,0,0.0
none_7,none,2,0,4,2.304830805123697,1.7027467948763029,0,0.0
none_7,none,2,1,4,2.2246218274357896,1.7829557725642113,0,0.0
none_7,none,2,2,4,2.2678070539475517,1.7397705460524489,0,0.0
none_7,none,2,3,4,2.2398090300713314,1.7677685699286694,0,0.0
none_7,none,2,4,4,2.2112707899017874,1.7963068100982142,0,0.0
none_7,none,2,5,4,2.2169215660424344,1.7906560339575663,0,0.0
none_7,none,2,6,4,2.219816503798204,1.7877610962017971,0,0.0
none_7,none,2,7,4,2.206519124205069,1.8010584757949324,0,0.0
none_7,none,2,8,4,2.187499623392303,1.8200779766076978,0,0.0
none_7,none,2,9,4,2.2665654261739854,1.7410121738260151,0,0.0
none_7,none,2,0,5,2.265252063346363,1.7423255366536372,0,0.0
none_7,none,2,1,5,2.201567722374843,1.8060098776251585,0,0.0
none_7,none,2,2,5,2.2502541282204267,1.757323471779574,0,0.0
none_7,none,2,3,5,2.226704181009559,1.7808734189904416,0,0.0
none_7,none,2,4,5,2.212498559989045,1.795079040010956,0,0.0
none_7,none,2,5,5,2.218830433179814,1.7887471668201869,0,0.0
none_7,none,2,6,5,2.2345381962759716,1.7730394037240294,0,0.0
none_7,none,2,7,5,2.2471182136561523,1.7604593863438487,0,0.0
none_7,none,2,8,5,2.2105662228779517,1.797011377122049,0,0.0
none_7,none,2,9,5,2.2967117940324178,1.7108658059675819,0,0.0
none_7,none,2,0,6,2.2681999951095797,1.739377604890421,0,0.0
none_7,none,2,1,6,2.2094439882934847,1.7981336117065165,0,0.0
none_7,none,2,2,6,2.2392836149197386,1.7682939850802624,0,0.0
none_7,none,2,3,6,2.2337359246548467,1.7738416753451542,0,0.0
none_7,none,2,4,6,2.2353053534950185,1.7722722465049818,0,0.0
none_7,none,2,5,6,2.2496985987732687,1.757879001226732,0,0.0
none_7,none,2,6,6,2.2494806826493337,1.758096917350667,0,0.0
none_7,none,2,7,6,2.2299888182527887,1.7775887817472116,0,0.0
none_7,none,2,8,6,2.2267466099206707,1.78083099007933,0,0.0
none_7,none,2,9,6,2.3003005307557958,1.7072770692442043,0,0.0
none_7,none,2,0,7,2.25726675851573,1.7503108414842703,0,0.0
none_7,none,2,1,7,2.2175569367734513,1.7900206632265496,0,0.0
none_7,none,2,2,7,2.2199856183660036,1.7875919816339976,0,0.0
none_7,none,2,3,7,2.219600663837905,1.7879769361620956,0,0.0
none_7,none,2,4,7,2.2290657737863873,1.7785118262136133,0,0.0
none_7,none,2,5,7,2.2225019786054063,1.7850756213945949,0,0.0
none_7,none,2,6,7,2.2452202256569707,1.7623573743430296,0,0.0
none_7,none,2,7,7,2.217592029883796,1.789985570116204,0,0.0
none_7,none,2,8,7,2.209761317871245,1.7978162821287555,0,0.0
none_7,none,2,9,7,2.279324208202727,1.728253391797273,0,0.0
none_7,none,2,0,8,2.2564365838277456,1.7511410161722558,0,0.0
none_7,none,2,1,8,2.1892308938262834,1.8183467061737175,0,0.0
none_7,none,2,2,8,2.2027141388865896,1.8048634611134116,0,0.0
none_7,none,2,3,8,2.2363259204453754,1.7712516795546254,0,0.0
none_7,none,2,4,8,2.228291022421096,1.7792865775789046,0,0.0
none_7,none,2,5,8,2.2451296597387302,1.76244794026127,0,0.0
none_7,none,2,6,8,2.235521430931069,1.7720561690689318,0,0.0
none_7,none,2,7,8,2.195614606638329,1.8119629933616728,0,0.0
none_7,none,2,8,8,2.1873538086899744,1.8202237913100268,0,0.0
none_7,none,2,9,8,2.2487155914612456,1.7588620085387552,0,0.0
none_7,none,2,0,9,2.3807486206916555,1.6268289793083432,0,0.0
none_7,none,2,1,9,2.236365304057467,1.7712122959425345,0,0.0
none_7,none,2,2,9,2.288642906991944,1.7189346930080565,0,0.0
none_7,none,2,3,9,2.300723450933865,1.7068541490661355,0,0.0
none_7,none,2,4,9,2.3114355668730826,1.696142033126918,0,0.0
none_7,none,2,5,9,2.342406005981486,1.6651715940185137,0,0.0
none_7,none,2,6,9,2.3272693099779636,1.680308290022036,0,0.0
none_7,none,2,7,9,2.2622639499564916,1.7453136500435087,0,0.0
none_7,none,2,8,9,2.2383109799561285,1.7692666200438725,0,0.0
none_7,none,2,9,9,2.357052152846862,1.6505254471531374,0,0.0
none_4,none,3,0,0,2.3557395161815147,1.6518380838184845,0,0.0
none_4,none,3,1,0,2.262171807837619,1.745405792162382,0,0.0
none_4,none,3,2,0,2.2733381298740167,1.7342394701259836,0,0.0
none_4,none,3,3,0,2.26080697554401,1.7467706244559906,0,0.0
none_4,none,3,4,0,2.3044945668392094,1.703083033160791,0,0.0
none_4,none,3,5,0,2.268722699848836,1.7388549001511642,0,0.0
none_4,none,3,6,0,2.296418222765276,1.7111593772347238,0,0.0
none_4,none,3,7,0,2.288995725860811,1.7185818741391894,0,0.0
none_4,none,3,8,0,2.245996378721995,1.7615812212780058,0,0.0
none_4,none,3,9,0,2.3748231484490447,1.6327544515509542,0,0.0
none_4,none,3,0,1,2.251004801001206,1.7565727989987945,0,0.0
none_4,none,3,1,1,2.192819323769434,1.814758276230567,0,0.0
none_4,none,3,2,1,2.1869245417348813,1.8206530582651201,0,0.0
none_4,none,3,3,1,2.2152035577404927,1.7923740422595082,0,0.0
none_4,none,3,4,1,2.217110657028637,1.7904669429713636,0,0.0
none_4,none,3,5,1,2.222942250683714,1.7846353493162872,0,0.0
none_4,none,3,6,1,2.2697413330869525,1.7378362669130485,0,0.0
none_4,none,3,7,1,2.2244907830279756,1.7830868169720253,0,0.0
none_4,none,3,8,1,2.19165602656507,1.815921573434931,0,0.0
none_4,none,3,9,1,2.2361111463151424,1.7714664536848583,0,0.0
none_4,none,3,0,2,2.26372969780009,1.7438479021999103,0,0.0
none_4,none,3,1,2,2.216670564296952,1.7909070357030483,0,0.0
none_4,none,3,2,2,2.216054219660053,1.791523380339948,0,0.0
none_4,none,3,3,2,2.239638718896226,1.7679388811037748,0,0.0
none_4,none,3,4,2,2.2433859009864294,1.7641916990135715,0,0.0
none_4,none,3,5,2,2.2595492172755565,1.7480283827244438,0,0.0
none_4,none,3,6,2,2.2375958852407054,1.7699817147592956,0,0.0
none_4,none,3,7,2,2.2436165029863635,1.7639610970136368,0,0.0
none_4,none,3,8,2,2.1976267524124338,1.8099508475875667,0,0.0
none_4,none,3,9,2,2.2552982311732404,1.7522793688267606,0,0.0
none_4,none,3,0,3,2.290399048300691,1.7171785516993094,0,0.0
none_4,none,3,1,3,2.242023297442716,1.7655543025572846,0,0.0
none_4,none,3,2,3,2.2638051937902324,1.7437724062097684,0,0.0
none_4,none,3,3,3,2.2392589994091328,1.7683186005908675,0,0.0
none_4,none,3,4,3,2.2547720256428883,1.7528055743571118,0,0.0
none_4,none,3,5,3,2.225002106052421,1.7825754939475797,0,0.0
none_4,none,3,6,3,2.2612884067867802,1.74628919321322,0,0.0
none_4,none,3,7,3,2.2259594232066404,1.7816181767933603,0,0.0
none_4,none,3,8,3,2.2090108410219425,1.7985667589780583,0,0.0
none_4,none,3,9,3,2.2571041756614796,1.7504734243385212,0,0.0
none_4,none,3,0,4,2.295467863265854,1.712109736734146,0,0.0
none_4,none,3,1,4,2.218014806211101,1.7895627937888996,0,0.0
none_4,none,3,2,4,2.2314332079882404,1.7761443920117603,0,0.0
none_4,none,3,3,4,2.23313533770544,1.774442262294561,0,0.0
none_4,none,3,4,4,2.2236388373760683,1.783938762623932,0,0.0
none_4,none,3,5,4,2.2655353138119696,1.7420422861880307,0,0.0
none_4,none,3,6,4,2.2356281440332455,1.7719494559667555,0,0.0
none_4,none,3,7,4,2.2415650855609752,1.7660125144390253,0,0.0
none_4,none,3,8,4,2.2239602517629433,1.7836173482370579,0,0.0
none_4,none,3,9,4,2.2951971757103933,1.7123804242896075,0,0.0
none_4,none,3,0,5,2.2638128586606663,1.7437647413393336,0,0.0
none_4,none,3,1,5,2.218243812854456,1.789333787145545,0,0.0
none_4,none,3,2,5,2.2554599680205434,1.7521176319794571,0,0.0
none_4,none,3,3,5,2.247286275907178,1.7602913240928229,0,0.0
none_4,none,3,4,5,2.257380243962199,1.7501973560378015,0,0.0
none_4,none,3,5,5,2.244751747075785,1.7628258529242156,0,0.0
none_4,none,3,6,5,2.2131819150288377,1.794395684971163,0,0.0
none_4,none,3,7,5,2.248284891290688,1.7592927087093129,0,0.0
none_4,none,3,8,5,2.208640548735156,1.7989370512648453,0,0.0
none_4,none,3,9,5,2.304497191120371,1.7030804088796287,0,0.0
none_4,none,3,0,6,2.297815442779802,1.7097621572201975,0,0.0
none_4,none,3,1,6,2.2164407085657367,1.7911368914342642,0,0.0
none_4,none,3,2,6,2.2237650226838364,1.7838125773161644,0,0.0
none_4,none,3,3,6,2.287376106082177,1.7202014939178236,0,0.0
none_4,none,3,4,6,2.243563605539163,1.764013994460838,0,0.0
none_4,none,3,5,6,2.2464416057805905,1.7611359942194103,0,0.0
none_4,none,3,6,6,2.2299871809763245,1.7775904190236762,0,0.0
none_4,none,3,7,6,2.2415178189954177,1.7660597810045833,0,0.0
none_4,none,3,8,6,2.224681417810049,1.7828961821899514,0,0.0
none_4,none,3,9,6,2.2869480274306215,1.720629572569379,0,0.0
none_4,none,3,0,7,2.292064546242318,1.7155130537576821,0,0.0
none_4,none,3,1,7,2.255482633837651,1.7520949661623497,0,0.0
none_4,none,3,2,7,2.2579026845894425,1.7496749154105582,0,0.0
none_4,none,3,3,7,2.246957757804477,1.7606198421955237,0,0.0
none_4,none,3,4,7,2.2759552937697896,1.731622306230211,0,0.0
none_4,none,3,5,7,2.2619713036149482,1.7456062963850527,0,0.0
none_4,none,3,6,7,2.2306614553716626,1.776916144628338,0,0.0
none_4,none,3,7,7,2.233210274882756,1.7743673251172447,0,0.0
none_4,none,3,8,7,2.2377514135533247,1.7698261864466762,0,0.0
none_4,none,3,9,7,2.3118332393036143,1.6957443606963856,0,0.0
none_4,none,3,0,8,2.254396881051188,1.753180718948813,0,0.0
none_4,none,3,1,8,2.2053429316928272,1.8022346683071737,0,0.0
none_4,none,3,2,8,2.2333116633183767,1.7742659366816242,0,0.0
none_4,none,3,3,8,2.2366477579658226,1.7709298420341781,0,0.0
none_4,none,3,4,8,2.224230529161774,1.783347070838227,0,0.0
none_4,none,3,5,8,2.2154602996115265,1.7921173003884743,0,0.0
none_4,none,3,6,8,2.2141718492924465,1.793405750707554,0,0.0
none_4,none,3,7,8,2.221784381662422,1.785793218337579,0,0.0
none_4,none,3,8,8,2.194986376521083,1.812591223478918,0,0.0
none_4,none,3,9,8,2.2603441898333485,1.7472334101666522,0,0.0
none_4,none,3,0,9,2.3946835499203365,1.6128940500796634,0,0.0
none_4,none,3,1,9,2.23109002373784,1.7764875762621604,0,0.0
none_4,none,3,2,9,2.2895772593558155,1.7180003406441853,0,0.0
none_4,none,3,3,9,2.2878139414142953,1.719763658585705,0,0.0
none_4,none,3,4,9,2.2809253392332933,1.7266522607667072,0,0.0
none_4,none,3,5,9,2.307425658423265,1.7001519415767345,0,0.0
none_4,none,3,6,9,2.277104800418502,1.7304727995814984,0,0.0
none_4,none,3,7,9,2.2927915100317366,1.7147860899682632,0,0.0
none_4,none,3,8,9,2.262753319271107,1.744824280728894,0,0.0
none_4,none,3,9,9,2.4140846456817493,1.5934929543182492,0,0.0
none_6,none,3,0,0,2.4120863912349453,1.5954912087650537,0,0.0
none_6,none,3,1,0,2.2553478058188876,1.7522297941811127,0,0.0
none_6,none,3,2,0,2.2695313840550115,1.7380462159449892,0,0.0
none_6,none,3,3,0,2.3007002617633523,1.7068773382366484,0,0.0
none_6,none,3,4,0,2.2691558323711654,1.7384217676288347,0,0.0
none_6,none,3,5,0,2.2752171017771867,1.7323604982228131,0,0.0
none_6,none,3,6,0,2.277956535598537,1.7296210644014633,0,0.0
none_6,none,3,7,0,2.2364180562603937,1.771159543739607,0,0.0
none_6,none,3,8,0,2.24214476977764,1.7654328302223607,0,0.0
none_6,none,3,9,0,2.347128521740892,1.6604490782591086,0,0.0
none_6,none,3,0,1,2.2508776454708372,1.756699954529163,0,0.0
none_6,none,3,1,1,2.1903783362853697,1.8171992637146313,0,0.0
none_6,none,3,2,1,2.2275029011471585,1.7800746988528422,0,0.0
none_6,none,3,3,1,2.203839756771671,1.8037378432283302,0,0.0
none_6,none,3,4,1,2.2067963639142416,1.8007812360857594,0,0.0
none_6,none,3,5,1,2.183257520466195,1.8243200795338064,0,0.0
none_6,none,3,6,1,2.1963170262571867,1.8112605737428142,0,0.0
none_6,none,3,7,1,2.2244209405437174,1.7831566594562833,0,0.0
none_6,none,3,8,1,2.183177483209356,1.824400116790645,0,0.0
none_6,none,3,9,1,2.239088288715743,1.7684893112842577,0,0.0
none_6,none,3,0,2,2.2936971064228504,1.7138804935771499,0,0.0
none_6,none,3,1,2,2.234372967038288,1.7732046329617126,0,0.0
none_6,none,3,2,2,2.234330546844152,1.7732470531558489,0,0.0
none_6,none,3,3,2,2.234653890839601,1.7729237091603998,0,0.0
none_6,none,3,4,2,2.216177949880391,1.79139965011961,0,0.0
none_6,none,3,5,2,2.2431769089212126,1.7644006910787877,0,0.0
none_6,none,3,6,2,2.217143696837559,1.790433903162442,0,0.0
none_6,none,3,7,2,2.2215680960118553,1.7860095039881452,0,0.0
none_6,none,3,8,2,2.20401912120571,1.8035584787942913,0,0.0
none_6,none,3,9,2,2.284683179960214,1.7228944200397862,0,0.0
none_6,none,3,0,3,2.3177086038501877,1.6898689961498128,0,0.0
none_6,none,3,1,3,2.2431719741832747,1.764405625816726,0,0.0
none_6,none,3,2,3,2.2507944820756776,1.7567831179243232,0,0.0
none_6,none,3,3,3,2.235399093831881,1.7721785061681194,0,0.0
none_6,none,3,4,3,2.232272359781425,1.7753052402185754,0,0.0
none_6,none,3,5,3,2.2115450250565263,1.7960325749434751,0,0.0
none_6,none,3,6,3,2.2197260335894056,1.787851566410595,0,0.0
none_6,none,3,7,3,2.2498201150244874,1.7577574849755133,0,0.0
none_6,none,3,8,3,2.219009311987008,1.7885682880129927,0,0.0
none_6,none,3,9,3,2.2861208213931827,1.7214567786068173,0,0.0
none_6,none,3,0,4,2.307738127644753,1.6998394723552468,0,0.0
none_6,none,3,1,4,2.2042123324326255,1.8033652675673757,0,0.0
none_6,none,3,2,4,2.2784368011405913,1.7291407988594085,0,0.0
none_6,none,3,3,4,2.2502845885748624,1.7572930114251382,0,0.0
none_6,none,3,4,4,2.22671702468713,1.7808605753128708,0,0.0
none_6,none,3,5,4,2.2270057202192435,1.7805718797807575,0,0.0
none_6,none,3,6,4,2.234788197464516,1.7727894025354851,0,0.0
none_6,none,3,7,4,2.240065859610057,1.7675117403899439,0,0.0
none_6,none,3,8,4,2.2103840409343953,1.7971935590656054,0,0.0
none_6,none,3,9,4,2.3106680819949275,1.696909518005073,0,0.0
none_6,none,3,0,5,2.29412921758261,1.7134483824173905,0,0.0
none_6,none,3,1,5,2.219141487939092,1.7884361120609082,0,0.0
none_6,none,3,2,5,2.2309676390796973,1.7766099609203034,0,0.0
none_6,none,3,3,5,2.276649281858822,1.7309283181411783,0,0.0
none_6,none,3,4,5,2.219373947534516,1.7882036524654852,0,0.0
none_6,none,3,5,5,2.2282292370995793,1.7793483629004214,0,0.0
none_6,none,3,6,5,2.2315235519053904,1.7760540480946105,0,0.0
none_6,none,3,7,5,2.2196201039199916,1.7879574960800089,0,0.0
none_6,none,3,8,5,2.215213891791039,1.7923637082089616,0,0.0
none_6,none,3,9,5,2.2872343004338487,1.7203432995661518,0,0.0
none_6,none,3,0,6,2.276062182811791,1.7315154171882094,0,0.0
none_6,none,3,1,6,2.20923349386384,1.798344106136161,0,0.0
none_6,none,3,2,6,2.2412957367561366,1.7662818632438637,0,0.0
none_6,none,3,3,6,2.2671983008006786,1.7403792991993217,0,0.0
none_6,none,3,4,6,2.2299732409356956,1.7776043590643047,0,0.0
none_6,none,3,5,6,2.2243398292406,1.7832377707594012,0,0.0
none_6,none,3,6,6,2.227641531413634,1.7799360685863668,0,0.0
none_6,none,3,7,6,2.22255137742103,1.7850262225789706,0,0.0
none_6,none,3,8,6,2.215003465161185,1.7925741348388158,0,0.0
none_6,none,3,9,6,2.3158898015927303,1.6916877984072696,0,0.0
none_6,none,3,0,7,2.261948433370746,1.7456291666292547,0,0.0
none_6,none,3,1,7,2.2036272264745795,1.8039503735254219,0,0.0
none_6,none,3,2,7,2.2274231845666272,1.7801544154333735,0,0.0
none_6,none,3,3,7,2.2590184627311705,1.7485591372688298,0,0.0
none_6,none,3,4,7,2.2344825599518603,1.7730950400481404,0,0.0
none_6,none,3,5,7,2.2252718447026107,1.7823057552973895,0,0.0
none_6,none,3,6,7,2.2521895194754755,1.7553880805245248,0,0.0
none_6,none,3,7,7,2.230811452673092,1.7767661473269083,0,0.0
none_6,none,3,8,7,2.1969601869640445,1.8106174130359565,0,0.0
none_6,none,3,9,7,2.2871904901126525,1.7203871098873478,0,0.0
none_6,none,3,0,8,2.2609269260806877,1.746650673919313,0,0.0
none_6,none,3,1,8,2.1874057592335108,1.8201718407664904,0,0.0
none_6,none,3,2,8,2.221285324246963,1.7862922757530373,0,0.0
none_6,none,3,3,8,2.2263989920816454,1.7811786079183554,0,0.0
none_6,none,3,4,8,2.205924373332935,1.801653226667066,0,0.0
none_6,none,3,5,8,2.202090002626903,1.8054875973730982,0,0.0
none_6,none,3,6,8,2.205707350143242,1.801870249856759,0,0.0
none_6,none,3,7,8,2.195797654628134,1.811779945371867,0,0.0
none_6,none,3,8,8,2.194031843557581,1.8135457564424198,0,0.0
none_6,none,3,9,8,2.2739924270750422,1.7335851729249583,0,0.0
none_6,none,3,0,9,2.36847632818393,1.6391012718160696,0,0.0
none_6,none,3,1,9,2.249444694010071,1.7581329059899296,0,0.0
none_6,none,3,2,9,2.2685702200458335,1.739007379954167,0,0.0
none_6,none,3,3,9,2.289863323100015,1.7177142768999847,0,0.0
none_6,none,3,4,9,2.255001045258284,1.752576554741717,0,0.0
none_6,none,3,5,9,2.2709288205498654,1.7366487794501355,0,0.0
none_6,none,3,6,9,2.2556314781099918,1.7519461218900088,0,0.0
none_6,none,3,7,9,2.2719599103086474,1.7356176896913527,0,0.0
none_6,none,3,8,9,2.2616396201494626,1.745937979850538,0,0.0
none_6,none,3,9,9,2.363863800357363,1.643713799642637,0,0.0
none_5,none,3,0,0,2.370857780516158,1.636719819483842,0,0.0
none_5,none,3,1,0,2.2344719757774785,1.7731056242225223,0,0.0
none_5,none,3,2,0,2.2727869510741847,1.7347906489258154,0,0.0
none_5,none,3,3,0,2.3368168277777,1.6707607722222997,0,0.0
none_5,none,3,4,0,2.292721116124264,1.7148564838757359,0,0.0
none_5,none,3,5,0,2.3206794743763046,1.6868981256236957,0,0.0
none_5,none,3,6,0,2.261276197357337,1.7463014026426638,0,0.0
none_5,none,3,7,0,2.251455346729117,1.7561222532708833,0,0.0
none_5,none,3,8,0,2.258078708988526,1.7494988910114748,0,0.0
none_5,none,3,9,0,2.3640560029303517,1.6435215970696475,0,0.0
none_5,none,3,0,1,2.2266973537211645,1.7808802462788362,0,0.0
none_5,none,3,1,1,2.173305927380042,1.8342716726199593,0,0.0
none_5,none,3,2,1,2.21184687289371,1.7957307271062908,0,0.0
none_5,none,3,3,1,2.225855983121665,1.7817216168783356,0,0.0
none_5,none,3,4,1,2.25709352910799,1.75048407089201,0,0.0
none_5,none,3,5,1,2.2031490417417583,1.8044285582582424,0,0.0
none_5,none,3,6,1,2.2067152661482647,1.8008623338517362,0,0.0
none_5,none,3,7,1,2.2148823996531695,1.7926952003468313,0,0.0
none_5,none,3,8,1,2.200954681948341,1.8066229180516602,0,0.0
none_5,none,3,9,1,2.2618666437909947,1.7457109562090056,0,0.0
none_5,none,3,0,2,2.2527779203748213,1.754799679625179,0,0.0
none_5,none,3,1,2,2.2107304191588044,1.7968471808411963,0,0.0
none_5,none,3,2,2,2.2202376885620465,1.787339911437954,0,0.0
none_5,none,3,3,2,2.2607257897434874,1.7468518102565127,0,0.0
none_5,none,3,4,2,2.2572746119954332,1.7503029880045673,0,0.0
none_5,none,3,5,2,2.2396705347333214,1.7679070652666795,0,0.0
none_5,none,3,6,2,2.2139018289689494,1.7936757710310514,0,0.0
none_5,none,3,7,2,2.2340193417411163,1.7735582582588847,0,0.0
none_5,none,3,8,2,2.2100136037052973,1.7975639962947039,0,0.0
none_5,none,3,9,2,2.2530057002074564,1.754571899792544,0,0.0
none_5,none,3,0,3,2.244517147636647,1.763060452363354,0,0.0
none_5,none,3,1,3,2.221111350473615,1.7864662495263854,0,0.0
none_5,none,3,2,3,2.220341988622944,1.7872356113770573,0,0.0
none_5,none,3,3,3,2.212099843805168,1.7954777561948327,0,0.0
none_5,none,3,4,3,2.2719287067676324,1.735648893232368,0,0.0
none_5,none,3,5,3,2.236621747607825,1.7709558523921753,0,0.0
none_5,none,3,6,3,2.2525849488678236,1.7549926511321767,0,0.0
none_5,none,3,7,3,2.255595269268011,1.7519823307319893,0,0.0
none_5,none,3,8,3,2.2078261236929033,1.7997514763070979,0,0.0
none_5,none,3,9,3,2.2785440441352898,1.7290335558647107,0,0.0
none_5,none,3,0,4,2.2576374554532412,1.7499401445467593,0,0.0
none_5,none,3,1,4,2.2185569573007538,1.7890206426992468,0,0.0
none_5,none,3,2,4,2.24717448777623,1.7604031122237707,0,0.0
none_5,none,3,3,4,2.238279340298565,1.7692982597014355,0,0.0
none_5,none,3,4,4,2.240947642425084,1.7666299575749165,0,0.0
none_5,none,3,5,4,2.2328160618145567,1.7747615381854442,0,0.0
none_5,none,3,6,4,2.231044221925641,1.7765333780743597,0,0.0
none_5,none,3,7,4,2.2193086746626327,1.7882689253373676,0,0.0
none_5,none,3,8,4,2.234044510751612,1.7735330892483885,0,0.0
none_5,none,3,9,4,2.2992261671061938,1.7083514328938068,0,0.0
none_5,none,3,0,5,2.2826723806157387,1.7249052193842616,0,0.0
none_5,none,3,1,5,2.20840331485942,1.799174285140581,0,0.0
none_5,none,3,2,5,2.2579298872562203,1.7496477127437806,0,0.0
none_5,none,3,3,5,2.264875491227959,1.7427021087720413,0,0.0
none_5,none,3,4,5,2.2611927799496145,1.7463848200503858,0,0.0
none_5,none,3,5,5,2.248489577091985,1.7590880229080157,0,0.0
none_5,none,3,6,5,2.2369036892846688,1.7706739107153322,0,0.0
none_5,none,3,7,5,2.2221494182463584,1.7854281817536426,0,0.0
none_5,none,3,8,5,2.2029073619597486,1.804670238040252,0,0.0
none_5,none,3,9,5,2.249419283814274,1.7581583161857264,0,0.0
none_5,none,3,0,6,2.2806316303767007,1.7269459696232994,0,0.0
none_5,none,3,1,6,2.2173445212141805,1.7902330787858198,0,0.0
none_5,none,3,2,6,2.238556562865315,1.769021037134686,0,0.0
none_5,none,3,3,6,2.20973918836434,1.797838411635661,0,0.0
none_5,none,3,4,6,2.2339757514643317,1.773601848535669,0,0.0
none_5,none,3,5,6,2.2826921592669684,1.7248854407330318,0,0.0
none_5,none,3,6,6,2.247723622641273,1.759853977358728,0,0.0
none_5,none,3,7,6,2.2307516691344413,1.7768259308655594,0,0.0
none_5,none,3,8,6,2.227191371865168,1.780386228134833,0,0.0
none_5,none,3,9,6,2.257885566028756,1.749692033971245,0,0.0
none_5,none,3,0,7,2.2772849210177375,1.7302926789822628,0,0.0
none_5,none,3,1,7,2.1949370844066785,1.8126405155933225,0,0.0
none_5,none,3,2,7,2.210481436479785,1.797096163520216,0,0.0
none_5,none,3,3,7,2.205166997960336,1.802410602039665,0,0.0
none_5,none,3,4,7,2.228492083247515,1.7790855167524857,0,0.0
none_5,none,3,5,7,2.2533668943998255,1.7542107056001752,0,0.0
none_5,none,3,6,7,2.256835394338606,1.7507422056613948,0,0.0
none_5,none,3,7,7,2.20570476843425,1.8018728315657513,0,0.0
none_5,none,3,8,7,2.195085686329946,1.8124919136700552,0,0.0
none_5,none,3,9,7,2.29669531663119,1.71088228336881,0,0.0
none_5,none,3,0,8,2.259335240293427,1.7482423597065735,0,0.0
none_5,none,3,1,8,2.212029087494315,1.7955485125056854,0,0.0
none_5,none,3,2,8,2.1826979692217696,1.8248796307782318,0,0.0
none_5,none,3,3,8,2.2062293524553263,1.8013482475446747,0,0.0
none_5,none,3,4,8,2.1927692282562337,1.8148083717437673,0,0.0
none_5,none,3,5,8,2.229869511482816,1.7777080885171848,0,0.0
none_5,none,3,6,8,2.203234155386121,1.8043434446138802,0,0.0
none_5,none,3,7,8,2.1897951194588603,1.8177824805411404,0,0.0
none_5,none,3,8,8,2.1727592329340477,1.8348183670659532,0,0.0
none_5,none,3,9,8,2.2419753453340796,1.7656022546659214,0,0.0
none_5,none,3,0,9,2.439367120409953,1.5682104795900456,0,0.0
none_5,none,3,1,9,2.272368678365773,1.7352089216342268,0,0.0
none_5,none,3,2,9,2.2948040296593284,1.7127735703406717,0,0.0
none_5,none,3,3,9,2.273571419590328,1.7340061804096727,0,0.0
none_5,none,3,4,9,2.2748826739254335,1.732694926074567,0,0.0
none_5,none,3,5,9,2.286497243662439,1.7210803563375612,0,0.0
none_5,none,3,6,9,2.2757886305482975,1.7317889694517028,0,0.0
none_5,none,3,7,9,2.2699427507641894,1.7376348492358114,0,0.0
none_5,none,3,8,9,2.2446844788103415,1.7628931211896592,0,0.0
none_5,none,3,9,9,2.387112312741013,1.6204652872589862,0,0.0
none_7,none,3,0,0,2.349986286963774,1.6575913130362245,0,0.0
none_7,none,3,1,0,2.248438517571626,1.7591390824283746,0,0.0
none_7,none,3,2,0,2.2873635714522367,1.7202140285477643,0,0.0
none_7,none,3,3,0,2.3152902855679454,1.6922873144320547,0,0.0
none_7,none,3,4,0,2.2933179048811683,1.7142596951188318,0,0.0
none_7,none,3,5,0,2.289535545915679,1.718042054084321,0,0.0
none_7,none,3,6,0,2.3088657296921618,1.698711870307838,0,0.0
none_7,none,3,7,0,2.291813120375062,1.7157644796249383,0,0.0
none_7,none,3,8,0,2.257750953202319,1.7498266467976813,0,0.0
none_7,none,3,9,0,2.3135337850293354,1.694043814970664,0,0.0
none_7,none,3,0,1,2.2361480330962102,1.7714295669037907,0,0.0
none_7,none,3,1,1,2.190015247089374,1.8175623529106266,0,0.0
none_7,none,3,2,1,2.219298518191846,1.7882790818081546,0,0.0
none_7,none,3,3,1,2.2293596395350295,1.7782179604649715,0,0.0
none_7,none,3,4,1,2.221356270344711,1.7862213296552898,0,0.0
none_7,none,3,5,1,2.227737192520673,1.779840407479328,0,0.0
none_7,none,3,6,1,2.241960141950369,1.7656174580496315,0,0.0
none_7,none,3,7,1,2.203347275133917,1.8042303248660845,0,0.0
none_7,none,3,8,1,2.1694788741421216,1.8380987258578796,0,0.0
none_7,none,3,9,1,2.263001295278947,1.7445763047210534,0,0.0
none_7,none,3,0,2,2.269881137493532,1.7376964625064688,0,0.0
none_7,none,3,1,2,2.2051963409314297,1.8023812590685715,0,0.0
none_7,none,3,2,2,2.2301576101675162,1.7774199898324845,0,0.0
none_7,none,3,3,2,2.251876074806102,1.755701525193899,0,0.0
none_7,none,3,4,2,2.2716098030234755,1.7359677969765253,0,0.0
none_7,none,3,5,2,2.22813438422147,1.779443215778531,0,0.0
none_7,none,3,6,2,2.226981179409737,1.7805964205902638,0,0.0
none_7,none,3,7,2,2.201046613825053,1.806530986174948,0,0.0
none_7,none,3,8,2,2.201246959402653,1.8063306405973485,0,0.0
none_7,none,3,9,2,2.298792944543953,1.7087846554560475,0,0.0
none_7,none,3,0,3,2.3126281528252597,1.6949494471747404,0,0.0
none_7,none,3,1,3,2.228160747047838,1.7794168529521626,0,0.0
none_7,none,3,2,3,2.258393438925798,1.7491841610742025,0,0.0
none_7,none,3,3,3,2.217138396103103,1.7904392038968973,0,0.0
none_7,none,3,4,3,2.2604420944354393,1.7471355055645614,0,0.0
none_7,none,3,5,3,2.2264278206242962,1.7811497793757045,0,0.0
none_7,none,3,6,3,2.2096261265826267,1.797951473417374,0,0.0
none_7,none,3,7,3,2.2127651185137363,1.794812481486264,0,0.0
none_7,none,3,8,3,2.1857275292740788,1.8218500707259222,0,0.0
none_7,none,3,9,3,2.2874463560304075,1.7201312439695933,0,0.0
none_7,none,3,0,4,2.3406494575176477,1.6669281424823523,0,0.0
none_7,none,3,1,4,2.225202481419297,1.7823751185807042,0,0.0
none_7,none,3,2,4,2.216474705173259,1.7911028948267418,0,0.0
none_7,none,3,3,4,2.268251457147944,1.7393261428520563,0,0.0
none_7,none,3,4,4,2.2337872293986956,1.7737903706013052,0,0.0
none_7,none,3,5,4,2.2386735377420695,1.768904062257931,0,0.0
none_7,none,3,6,4,2.21058957695543,1.7969880230445712,0,0.0
none_7,none,3,7,4,2.2339577489174145,1.773619851082586,0,0.0
none_7,none,3,8,4,2.195641995655241,1.8119356043447605,0,0.0
none_7,none,3,9,4,2.268919557082902,1.7386580429170984,0,0.0
none_7,none,3,0,5,2.319375106263791,1.688202493736209,0,0.0
none_7,none,3,1,5,2.265894825563969,1.7416827744360317,0,0.0
none_7,none,3,2,5,2.2205775504965235,1.7870000495034775,0,0.0
none_7,none,3,3,5,2.2382243679182525,1.769353232081748,0,0.0
none_7,none,3,4,5,2.22683068574027,1.780746914259731,0,0.0
none_7,none,3,5,5,2.210124954640902,1.7974526453590993,0,0.0
none_7,none,3,6,5,2.244704961665583,1.7628726383344173,0,0.0
none_7,none,3,7,5,2.2390096768126067,1.7685679231873943,0,0.0
none_7,none,3,8,5,2.222074760895461,1.7855028391045398,0,0.0
none_7,none,3,9,5,2.264240146406757,1.7433374535932438,0,0.0
none_7,none,3,0,6,2.306019436495903,1.7015581635040968,0,0.0
none_7,none,3,1,6,2.2276146223693876,1.7799629776306136,0,0.0
none_7,none,3,2,6,2.231407609925724,1.7761699900742767,0,0.0
none_7,none,3,3,6,2.2256818093835045,1.7818957906164963,0,0.0
none_7,none,3,4,6,2.2188368346940783,1.7887407653059229,0,0.0
none_7,none,3,5,6,2.2392492938062056,1.768328306193795,0,0.0
none_7,none,3,6,6,2.248086147599134,1.7594914524008665,0,0.0
none_7,none,3,7,6,2.258633729406304,1.7489438705936966,0,0.0
none_7,none,3,8,6,2.210272877092085,1.797304722907916,0,0.0
none_7,none,3,9,6,2.262231350442255,1.7453462495577454,0,0.0
none_7,none,3,0,7,2.291612766439193,1.7159648335608069,0,0.0
none_7,none,3,1,7,2.209251615000295,1.798325984999705,0,0.0
none_7,none,3,2,7,2.264007221775123,1.7435703782248773,0,0.0
none_7,none,3,3,7,2.248655065284219,1.758922534715781,0,0.0
none_7,none,3,4,7,2.2166516859660796,1.7909259140339209,0,0.0
none_7,none,3,5,7,2.2219570359243064,1.7856205640756944,0,0.0
none_7,none,3,6,7,2.2141236090472614,1.7934539909527394,0,0.0
none_7,none,3,7,7,2.2186239601821023,1.7889536398178991,0,0.0
none_7,none,3,8,7,2.2073417978018175,1.8002358021981832,0,0.0
none_7,none,3,9,7,2.2680389517738626,1.7395386482261381,0,0.0
none_7,none,3,0,8,2.2350611238942744,1.7725164761057264,0,0.0
none_7,none,3,1,8,2.192959526996734,1.8146180730032675,0,0.0
none_7,none,3,2,8,2.212010350468298,1.795567249531703,0,0.0
none_7,none,3,3,8,2.212486627395439,1.7950909726045623,0,0.0
none_7,none,3,4,8,2.2038383191540603,1.803739280845941,0,0.0
none_7,none,3,5,8,2.2030205813125487,1.8045570186874522,0,0.0
none_7,none,3,6,8,2.218863627162168,1.7887139728378332,0,0.0
none_7,none,3,7,8,2.200590204901372,1.8069873950986295,0,0.0
none_7,none,3,8,8,2.202391869142931,1.80518573085707,0,0.0
none_7,none,3,9,8,2.271044629618809,1.7365329703811907,0,0.0
none_7,none,3,0,9,2.385594099681577,1.6219835003184222,0,0.0
none_7,none,3,1,9,2.2470269190771393,1.7605506809228615,0,0.0
none_7,none,3,2,9,2.2873280729880747,1.7202495270119251,0,0.0
none_7,none,3,3,9,2.2564037352797035,1.7511738647202975,0,0.0
none_7,none,3,4,9,2.2638537688509133,1.743723831149087,0,0.0
none_7,none,3,5,9,2.2818288516747844,1.725748748325216,0,0.0
none_7,none,3,6,9,2.309932360955997,1.697645239044003,0,0.0
none_7,none,3,7,9,2.280137294547293,1.727440305452707,0,0.0
none_7,none,3,8,9,2.28856905169196,1.7190085483080402,0,0.0
none_7,none,3,9,9,2.4405860702371447,1.5669915297628538,0,0.0
none_10,none,1,0,0,2.34296077684855,1.6646168231514495,0,0.0
none_10,none,1,1,0,2.2492350825426093,1.7583425174573915,0,0.0
none_10,none,1,2,0,2.286073737530131,1.7215038624698693,0,0.0
none_10,none,1,3,0,2.293214465715294,1.714363134284706,0,0.0
none_10,none,1,4,0,2.2607268230199504,1.7468507769800499,0,0.0
none_10,none,1,5,0,2.292960409530342,1.7146171904696583,0,0.0
none_10,none,1,6,0,2.2593694584493864,1.748208141550614,0,0.0
none_10,none,1,7,0,2.2486528950165456,1.7589247049834549,0,0.0
none_10,none,1,8,0,2.2338705961875287,1.7737070038124723,0,0.0
none_10,none,1,9,0,2.328591994035713,1.6789856059642867,0,0.0
none_10,none,1,0,1,2.276774680262045,1.730802919737956,0,0.0
none_10,none,1,1,1,2.192070436874824,1.815507163125177,0,0.0
none_10,none,1,2,1,2.218257060034829,1.7893205399651717,0,0.0
none_10,none,1,3,1,2.2140876737627204,1.7934899262372803,0,0.0
none_10,none,1,4,1,2.218231339742549,1.789346260257452,0,0.0
none_10,none,1,5,1,2.2219171401933413,1.7856604598066597,0,0.0
none_10,none,1,6,1,2.1966334059406387,1.810944194059362,0,0.0
none_10,none,1,7,1,2.1944032508913294,1.8131743491086718,0,0.0
none_10,none,1,8,1,2.178786507382698,1.8287910926173032,0,0.0
none_10,none,1,9,1,2.2243713409109604,1.7832062590890405,0,0.0
none_10,none,1,0,2,2.285189527627309,1.7223880723726914,0,0.0
none_10,none,1,1,2,2.22756480835258,1.7800127916474207,0,0.0
none_10,none,1,2,2,2.232640338094494,1.7749372619055066,0,0.0
none_10,none,1,3,2,2.240363920369932,1.7672136796300684,0,0.0
none_10,none,1,4,2,2.2479481620137203,1.7596294379862798,0,0.0
none_10,none,1,5,2,2.2291039088393676,1.7784736911606331,0,0.0
none_10,none,1,6,2,2.2222210316906366,1.7853565683093637,0,0.0
none_10,none,1,7,2,2.208504683905527,1.7990729160944738,0,0.0
none_10,none,1,8,2,2.198508266328974,1.809069333671027,0,0.0
none_10,none,1,9,2,2.264217305034934,1.7433602949650664,0,0.0
none_10,none,1,0,3,2.2904737245594706,1.7171038754405303,0,0.0
none_10,none,1,1,3,2.217874598203342,1.789703001796659,0,0.0
none_10,none,1,2,3,2.22306323512878,1.784514364871221,0,0.0
none_10,none,1,3,3,2.2343563437191714,1.7732212562808287,0,0.0
none_10,none,1,4,3,2.2577110527695585,1.7498665472304415,0,0.0
none_10,none,1,5,3,2.2235405405311606,1.7840370594688402,0,0.0
none_10,none,1,6,3,2.2425001404433598,1.7650774595566407,0,0.0
none_10,none,1,7,3,2.2536774090026555,1.753900190997345,0,0.0
none_10,none,1,8,3,2.2009654035251365,1.8066121964748647,0,0.0
none_10,none,1,9,3,2.283136571707265,1.7244410282927356,0,0.0
none_10,none,1,0,4,2.25960745058402,1.74797014941598,0,0.0
none_10,none,1,1,4,2.195471470081992,1.812106129918009,0,0.0
none_10,none,1,2,4,2.234755242188839,1.772822357811162,0,0.0
none_10,none,1,3,4,2.2554441394461073,1.7521334605538936,0,0.0
none_10,none,1,4,4,2.2625101865448403,1.7450674134551603,0,0.0
none_10,none,1,5,4,2.2587175301772398,1.748860069822761,0,0.0
none_10,none,1,6,4,2.2470621672179276,1.7605154327820731,0,0.0
none_10,none,1,7,4,2.2301896170450566,1.7773879829549444,0,0.0
none_10,none,1,8,4,2.214799299157279,1.7927783008427218,0,0.0
none_10,none,1,9,4,2.2835345682749058,1.7240430317250937,0,0.0
none_10,none,1,0,5,2.2839397283283835,1.7236378716716172,0,0.0
none_10,none,1,1,5,2.213353884944666,1.7942237150553346,0,0.0
none_10,none,1,2,5,2.2348493307273927,1.772728269272608,0,0.0
none_10,none,1,3,5,2.2467517280163856,1.7608258719836156,0,0.0
none_10,none,1,4,5,2.2918195264665675,1.7157580735334328,0,0.0
none_10,none,1,5,5,2.2647956105480507,1.7427819894519496,0,0.0
none_10,none,1,6,5,2.2446514251871252,1.7629261748128755,0,0.0
none_10,none,1,7,5,2.241799692117121,1.7657779078828797,0,0.0
none_10,none,1,8,5,2.2098955196011163,1.7976820803988849,0,0.0
none_10,none,1,9,5,2.2819810601939863,1.7255965398060145,0,0.0
none_10,none,1,0,6,2.330046051655255,1.6775315483447455,0,0.0
none_10,none,1,1,6,2.23067502067813,1.7769025793218705,0,0.0
none_10,none,1,2,6,2.2425280778266794,1.765049522173321,0,0.0
none_10,none,1,3,6,2.2665029917787294,1.7410746082212705,0,0.0
none_10,none,1,4,6,2.2706505323265977,1.736927067673402,0,0.0
none_10,none,1,5,6,2.2165516024243943,1.7910259975756067,0,0.0
none_10,none,1,6,6,2.225593870076248,1.781983729923753,0,0.0
none_10,none,1,7,6,2.213793405650834,1.7937841943491668,0,0.0
none_10,none,1,8,6,2.227717502090244,1.7798600979097563,0,0.0
none_10,none,1,9,6,2.2669213851248298,1.740656214875171,0,0.0
none_10,none,1,0,7,2.282669008985365,1.7249085910146358,0,0.0
none_10,none,1,1,7,2.209199319274437,1.7983782807255633,0,0.0
none_10,none,1,2,7,2.2628532107193062,1.744724389280694,0,0.0
none_10,none,1,3,7,2.2413661799959708,1.76621142000403,0,0.0
none_10,none,1,4,7,2.2565531205007603,1.7510244794992402,0,0.0
none_10,none,1,5,7,2.2634645376622857,1.7441130623377148,0,0.0
none_10,none,1,6,7,2.217581541003683,1.7899960589963175,0,0.0
none_10,none,1,7,7,2.28056968910352,1.7270079108964804,0,0.0
none_10,none,1,8,7,2.204012082071243,1.8035655179287577,0,0.0
none_10,none,1,9,7,2.265657279854799,1.7419203201452018,0,0.0
none_10,none,1,0,8,2.2659901496707575,1.741587450329243,0,0.0
none_10,none,1,1,8,2.2130932729361614,1.7944843270638393,0,0.0
none_10,none,1,2,8,2.2322492143753774,1.7753283856246234,0,0.0
none_10,none,1,3,8,2.254249288027672,1.7533283119723286,0,0.0
none_10,none,1,4,8,2.2025920945306945,1.8049855054693067,0,0.0
none_10,none,1,5,8,2.220801934645242,1.786775665354759,0,0.0
none_10,none,1,6,8,2.2275017975589897,1.780075802441011,0,0.0
none_10,none,1,7,8,2.2334904522850882,1.7740871477149125,0,0.0
none_10,none,1,8,8,2.2015258484655846,1.8060517515344165,0,0.0
none_10,none,1,9,8,2.2372896396504984,1.7702879603495023,0,0.0
none_10,none,1,0,9,2.387404953842841,1.6201726461571593,0,0.0
none_10,none,1,1,9,2.2495018983910713,1.7580757016089297,0,0.0
none_10,none,1,2,9,2.2804743596750674,1.727103240324933,0,0.0
none_10,none,1,3,9,2.3116740280560797,1.69590357194392,0,0.0
none_10,none,1,4,9,2.3035396121309577,1.7040379878690421,0,0.0
none_10,none,1,5,9,2.3103027970051957,1.6972748029948042,0,0.0
none_10,none,1,6,9,2.299219683316136,1.7083579166838643,0,0.0
none_10,none,1,7,9,2.294137418603757,1.713440181396243,0,0.0
none_10,none,1,8,9,2.272300656631215,1.7352769433687858,0,0.0
none_10,none,1,9,9,2.3538442465018146,1.6537333534981853,0,0.0
none_9,none,1,0,0,2.3435752917373747,1.6640023082626252,0,0.0
none_9,none,1,1,0,2.2387354008665774,1.7688421991334233,0,0.0
none_9,none,1,2,0,2.270273443158774,1.7373041568412269,0,0.0
none_9,none,1,3,0,2.2702873167360234,1.7372902832639774,0,0.0
none_9,none,1,4,0,2.288506801544528,1.7190707984554727,0,0.0
none_9,none,1,5,0,2.282604818845761,1.7249727811542395,0,0.0
none_9,none,1,6,0,2.3365388356913983,1.6710387643086022,0,0.0
none_9,none,1,7,0,2.306403673196912,1.7011739268030885,0,0.0
none_9,none,1,8,0,2.2872577242200465,1.7203198757799536,0,0.0
none_9,none,1,9,0,2.3544800950220104,1.6530975049779881,0,0.0
none_9,none,1,0,1,2.2567932345337294,1.7507843654662711,0,0.0
none_9,none,1,1,1,2.185584641869294,1.8219929581307066,0,0.0
none_9,none,1,2,1,2.2238571977264376,1.783720402273563,0,0.0
none_9,none,1,3,1,2.206831273921037,1.800746326078964,0,0.0
none_9,none,1,4,1,2.1906672602537625,1.8169103397462387,0,0.0
none_9,none,1,5,1,2.2181032965672776,1.789474303432723,0,0.0
none_9,none,1,6,1,2.2175849688974423,1.789992631102559,0,0.0
none_9,none,1,7,1,2.227243311278441,1.7803342887215599,0,0.0
none_9,none,1,8,1,2.1897981324139146,1.8177794675860868,0,0.0
none_9,none,1,9,1,2.2446497977953532,1.7629278022046477,0,0.0
none_9,none,1,0,2,2.2633527378858584,1.7442248621141416,0,0.0
none_9,none,1,1,2,2.2247873987437496,1.782790201256251,0,0.0
none_9,none,1,2,2,2.2404875252230467,1.7670900747769533,0,0.0
none_9,none,1,3,2,2.221581774541588,1.785995825458413,0,0.0
none_9,none,1,4,2,2.223204951830342,1.784372648169659,0,0.0
none_9,none,1,5,2,2.2264027263057633,1.7811748736942374,0,0.0
none_9,none,1,6,2,2.2497808300171314,1.7577967699828692,0,0.0
none_9,none,1,7,2,2.2275460592577385,1.7800315407422622,0,0.0
none_9,none,1,8,2,2.2002534712696957,1.8073241287303052,0,0.0
none_9,none,1,9,2,2.295832398663407,1.7117452013365932,0,0.0
none_9,none,1,0,3,2.2887533354459983,1.7188242645540013,0,0.0
none_9,none,1,1,3,2.2488988925249633,1.7586787074750376,0,0.0
none_9,none,1,2,3,2.247567591183679,1.7600100088163213,0,0.0
none_9,none,1,3,3,2.252523260034757,1.7550543399652432,0,0.0
none_9,none,1,4,3,2.2244588461810717,1.783118753818929,0,0.0
none_9,none,1,5,3,2.2384838405557943,1.769093759444206,0,0.0
none_9,none,1,6,3,2.235361132712587,1.7722164672874134,0,0.0
none_9,none,1,7,3,2.2287791108641124,1.7787984891358886,0,0.0
none_9,none,1,8,3,2.218774412712382,1.7888031872876187,0,0.0
none_9,none,1,9,3,2.289929887978392,1.717647712021608,0,0.0
none_9,none,1,0,4,2.328438801227507,1.6791387987724935,0,0.0
none_9,none,1,1,4,2.2294737005536733,1.7781038994463276,0,0.0
none_9,none,1,2,4,2.2730837851609205,1.7344938148390798,0,0.0
none_9,none,1,3,4,2.2466818369424444,1.7608957630575566,0,0.0
none_9,none,1,4,4,2.2473659506549435,1.760211649345057,0,0.0
none_9,none,1,5,4,2.2521780934541304,1.7553995065458696,0,0.0
none_9,none,1,6,4,2.2380516164049,1.7695259835951003,0,0.0
none_9,none,1,7,4,2.2417246382460823,1.7658529617539183,0,0.0
none_9,none,1,8,4,2.2015169111257324,1.8060606888742683,0,0.0
none_9,none,1,9,4,2.2923916570384937,1.7151859429615066,0,0.0
none_9,none,1,0,5,2.2831192872153823,1.7244583127846178,0,0.0
none_9,none,1,1,5,2.208088354738755,1.7994892452612459,0,0.0
none_9,none,1,2,5,2.241098188157255,1.7664794118427458,0,0.0
none_9,none,1,3,5,2.2372674049202352,1.7703101950797655,0,0.0
none_9,none,1,4,5,2.225545654780499,1.7820319452195015,0,0.0
none_9,none,1,5,5,2.2469490814743045,1.7606285185256962,0,0.0
none_9,none,1,6,5,2.268526470286839,1.7390511297131612,0,0.0
none_9,none,1,7,5,2.247644747435127,1.759932852564874,0,0.0
none_9,none,1,8,5,2.2161384359836447,1.791439164016356,0,0.0
none_9,none,1,9,5,2.2709525194014253,1.7366250805985755,0,0.0
none_9,none,1,0,6,2.2740265905209704,1.7335510094790294,0,0.0
none_9,none,1,1,6,2.1991588811480187,1.8084187188519827,0,0.0
none_9,none,1,2,6,2.2151590685960403,1.7924185314039611,0,0.0
none_9,none,1,3,6,2.2568482184498038,1.750729381550197,0,0.0
none_9,none,1,4,6,2.233382233553955,1.7741953664460457,0,0.0
none_9,none,1,5,6,2.2277766039146307,1.77980099608537,0,0.0
none_9,none,1,6,6,2.229525849292204,1.7780517507077966,0,0.0
none_9,none,1,7,6,2.2654677357865194,1.742109864213481,0,0.0
none_9,none,1,8,6,2.244395306604385,1.7631822933956156,0,0.0
none_9,none,1,9,6,2.2863257937325345,1.7212518062674664,0,0.0
none_9,none,1,0,7,2.299218888563727,1.7083587114362733,0,0.0
none_9,none,1,1,7,2.2329951148202607,1.7745824851797403,0,0.0
none_9,none,1,2,7,2.227677811244093,1.7798997887559076,0,0.0
none_9,none,1,3,7,2.2553959212415,1.7521816787585007,0,0.0
none_9,none,1,4,7,2.2902997332950044,1.717277866704996,0,0.0
none_9,none,1,5,7,2.2471540847589018,1.7604235152410987,0,0.0
none_9,none,1,6,7,2.2477996172942567,1.759777982705744,0,0.0
none_9,none,1,7,7,2.2243438549459382,1.783233745054063,0,0.0
none_9,none,1,8,7,2.2355116618925663,1.7720659381074344,0,0.0
none_9,none,1,9,7,2.2754406400187865,1.7321369599812144,0,0.0
none_9,none,1,0,8,2.2731686744762314,1.734408925523769,0,0.0
none_9,none,1,1,8,2.19584462046941,1.811732979530591,0,0.0
none_9,none,1,2,8,2.211024441274618,1.796553158725383,0,0.0
none_9,none,1,3,8,2.228515217101956,1.7790623828980447,0,0.0
none_9,none,1,4,8,2.2131612138727172,1.7944163861272835,0,0.0
none_9,none,1,5,8,2.236663513200846,1.7709140867991549,0,0.0
none_9,none,1,6,8,2.2243803753403,1.7831972246597005,0,0.0
none_9,none,1,7,8,2.205535054853168,1.8020425451468334,0,0.0
none_9,none,1,8,8,2.1980313059310546,1.8095462940689462,0,0.0
none_9,none,1,9,8,2.2518308332237273,1.7557467667762736,0,0.0
none_9,none,1,0,9,2.370998270441635,1.636579329558364,0,0.0
none_9,none,1,1,9,2.2504423096827337,1.757135290317267,0,0.0
none_9,none,1,2,9,2.2955047169496443,1.7120728830503558,0,0.0
none_9,none,1,3,9,2.294492782827546,1.713084817172454,0,0.0
none_9,none,1,4,9,2.2838347233566667,1.7237428766433334,0,0.0
none_9,none,1,5,9,2.2655795216652765,1.7419980783347244,0,0.0
none_9,none,1,6,9,2.2958921856838415,1.7116854143161586,0,0.0
none_9,none,1,7,9,2.280700348680197,1.7268772513198034,0,0.0
none_9,none,1,8,9,2.2503674239354696,1.7572101760645313,0,0.0
none_9,none,1,9,9,2.3449212237392594,1.6626563762607405,0,0.0
none_11,none,1,0,0,2.408927377493701,1.5986502225062977,0,0.0
none_11,none,1,1,0,2.2333565050997604,1.77422109490024,0,0.0
none_11,none,1,2,0,2.2903160700259355,1.717261529974065,0,0.0
none_11,none,1,3,0,2.2647175776273607,1.7428600223726398,0,0.0
none_11,none,1,4,0,2.2991329441029276,1.7084446558970723,0,0.0
none_11,none,1,5,0,2.277031276965463,1.730546323034537,0,0.0
none_11,none,1,6,0,2.266937089787752,1.7406405102122489,0,0.0
none_11,none,1,7,0,2.2630474906699294,1.7445301093300716,0,0.0
none_11,none,1,8,0,2.2478990630163613,1.7596785369836396,0,0.0
none_11,none,1,9,0,2.361167773869655,1.6464098261303444,0,0.0
none_11,none,1,0,1,2.257999023902018,1.749578576097983,0,0.0
none_11,none,1,1,1,2.2086685665491697,1.7989090334508315,0,0.0
none_11,none,1,2,1,2.2131321681114824,1.7944454318885183,0,0.0
none_11,none,1,3,1,2.2405420102265263,1.7670355897734744,0,0.0
none_11,none,1,4,1,2.1995583902052336,1.8080192097947674,0,0.0
none_11,none,1,5,1,2.2263261975710065,1.7812514024289945,0,0.0
none_11,none,1,6,1,2.199332827564079,1.8082447724359219,0,0.0
none_11,none,1,7,1,2.1958505390066407,1.8117270609933604,0,0.0
none_11,none,1,8,1,2.192607042603246,1.814970557396755,0,0.0
none_11,none,1,9,1,2.243496632815093,1.7640809671849076,0,0.0
none_11,none,1,0,2,2.2893508617830953,1.7182267382169047,0,0.0
none_11,none,1,1,2,2.212042997131707,1.795534602868294,0,0.0
none_11,none,1,2,2,2.2507291690469846,1.7568484309530163,0,0.0
none_11,none,1,3,2,2.2390151556252285,1.7685624443747716,0,0.0
none_11,none,1,4,2,2.2564325251963866,1.7511450748036144,0,0.0
none_11,none,1,5,2,2.2014641234575585,1.8061134765424427,0,0.0
none_11,none,1,6,2,2.2133863329343586,1.7941912670656424,0,0.0
none_11,none,1,7,2,2.219948437336431,1.7876291626635696,0,0.0
none_11,none,1,8,2,2.2028748907108637,1.8047027092891375,0,0.0
none_11,none,1,9,2,2.2633592679927435,1.7442183320072573,0,0.0
none_11,none,1,0,3,2.319187848439886,1.688389751560114,0,0.0
none_11,none,1,1,3,2.2240145578651305,1.78356304213487,0,0.0
none_11,none,1,2,3,2.2587582061831823,1.7488193938168182,0,0.0
none_11,none,1,3,3,2.2514081692403356,1.7561694307596654,0,0.0
none_11,none,1,4,3,2.2177981427812066,1.789779457218794,0,0.0
none_11,none,1,5,3,2.2349642964741143,1.7726133035258864,0,0.0
none_11,none,1,6,3,2.2265021178551483,1.7810754821448527,0,0.0
none_11,none,1,7,3,2.229802462592829,1.7777751374071715,0,0.0
none_11,none,1,8,3,2.210311530770723,1.7972660692292781,0,0.0
none_11,none,1,9,3,2.2855907369154993,1.721986863084501,0,0.0
none_11,none,1,0,4,2.285308559736486,1.7222690402635141,0,0.0
none_11,none,1,1,4,2.246518584843361,1.7610590151566397,0,0.0
none_11,none,1,2,4,2.2493700828309806,1.75820751716902,0,0.0
none_11,none,1,3,4,2.212507781905984,1.7950698180940168,0,0.0
none_11,none,1,4,4,2.247811485063657,1.7597661149363433,0,0.0
none_11,none,1,5,4,2.2653185807108422,1.7422590192891576,0,0.0
none_11,none,1,6,4,2.2165410399100685,1.7910365600899325,0,0.0
none_11,none,1,7,4,2.232751546285063,1.774826053714938,0,0.0
none_11,none,1,8,4,2.2216616867346124,1.7859159132653883,0,0.0
none_11,none,1,9,4,2.3113534642870173,1.696224135712983,0,0.0
none_11,none,1,0,5,2.310817205781936,1.6967603942180638,0,0.0
none_11,none,1,1,5,2.2178409116872064,1.789736688312794,0,0.0
none_11,none,1,2,5,2.218654688705428,1.7889229112945726,0,0.0
none_11,none,1,3,5,2.2446298802692044,1.7629477197307966,0,0.0
none_11,none,1,4,5,2.2225526983408153,1.7850249016591857,0,0.0
none_11,none,1,5,5,2.25196411296492,1.7556134870350804,0,0.0
none_11,none,1,6,5,2.249478417174284,1.758099182825717,0,0.0
none_11,none,1,7,5,2.226393958834549,1.7811836411654522,0,0.0
none_11,none,1,8,5,2.2046210908283372,1.802956509171664,0,0.0
none_11,none,1,9,5,2.282677351784138,1.7249002482158622,0,0.0
none_11,none,1,0,6,2.261116821857174,1.7464607781428263,0,0.0
none_11,none,1,1,6,2.219864370991901,1.7877132290080997,0,0.0
none_11,none,1,2,6,2.238323913056778,1.7692536869432223,0,0.0
none_11,none,1,3,6,2.215354029381949,1.7922235706180518,0,0.0
none_11,none,1,4,6,2.2457481909139405,1.7618294090860602,0,0.0
none_11,none,1,5,6,2.23638575254465,1.7711918474553507,0,0.0
none_11,none,1,6,6,2.267129564143037,1.7404480358569634,0,0.0
none_11,none,1,7,6,2.232318971516949,1.775258628483052,0,0.0
none_11,none,1,8,6,2.207970068174436,1.7996075318255649,0,0.0
none_11,none,1,9,6,2.2693738098391627,1.7382037901608376,0,0.0
none_11,none,1,0,7,2.2797101093501375,1.7278674906498628,0,0.0
none_11,none,1,1,7,2.190575893126847,1.8170017068731543,0,0.0
none_11,none,1,2,7,2.240576114288175,1.7670014857118252,0,0.0
none_11,none,1,3,7,2.2269852933013348,1.780592306698666,0,0.0
none_11,none,1,4,7,2.2325800996112317,1.774997500388769,0,0.0
none_11,none,1,5,7,2.2434664777125337,1.764111122287467,0,0.0
none_11,none,1,6,7,2.2344913329617513,1.7730862670382492,0,0.0
none_11,none,1,7,7,2.2472134952999525,1.7603641047000482,0,0.0
none_11,none,1,8,7,2.2037860051958256,1.8037915948041754,0,0.0
none_11,none,1,9,7,2.273865516918436,1.733712083081565,0,0.0
none_11,none,1,0,8,2.246788494820194,1.7607891051798061,0,0.0
none_11,none,1,1,8,2.199796616625294,1.8077809833747072,0,0.0
none_11,none,1,2,8,2.194649202223781,1.8129283977762203,0,0.0
none_11,none,1,3,8,2.185707605208728,1.8218699947912729,0,0.0
none_11,none,1,4,8,2.2077424087954354,1.7998351912045658,0,0.0
none_11,none,1,5,8,2.200885855752533,1.8066917442474684,0,0.0
none_11,none,1,6,8,2.2170800934041375,1.790497506595864,0,0.0
none_11,none,1,7,8,2.201517046300236,1.8060605536997651,0,0.0
none_11,none,1,8,8,2.1970345393024933,1.8105430606975075,0,0.0
none_11,none,1,9,8,2.2633222367584325,1.744255363241568,0,0.0
none_11,none,1,0,9,2.3670159508638267,1.640561649136173,0,0.0
none_11,none,1,1,9,2.257411334940135,1.7501662650598657,0,0.0
none_11,none,1,2,9,2.2960968058343094,1.7114807941656907,0,0.0
none_11,none,1,3,9,2.260344439901123,1.7472331600988775,0,0.0
none_11,none,1,4,9,2.2724679714635356,1.735109628536464,0,0.0
none_11,none,1,5,9,2.2603827503244607,1.74719484967554,0,0.0
none_11,none,1,6,9,2.28133627652298,1.7262413234770204,0,0.0
none_11,none,1,7,9,2.293449166989693,1.7141284330103073,0,0.0
none_11,none,1,8,9,2.263399812648345,1.744177787351655,0,0.0
none_11,none,1,9,9,2.3495442860393356,1.6580333139606647,0,0.0
none_8,none,1,0,0,2.375898862509786,1.6316787374902129,0,0.0
none_8,none,1,1,0,2.2553370361306726,1.7522405638693284,0,0.0
none_8,none,1,2,0,2.2723908351272497,1.7351867648727508,0,0.0
none_8,none,1,3,0,2.2786507457792586,1.7289268542207419,0,0.0
none_8,none,1,4,0,2.278129161635603,1.7294484383643973,0,0.0
none_8,none,1,5,0,2.273637462996536,1.733940137003464,0,0.0
none_8,none,1,6,0,2.309333316057767,1.6982442839422327,0,0.0
none_8,none,1,7,0,2.2920632072386273,1.7155143927613727,0,0.0
none_8,none,1,8,0,2.251505749237112,1.756071850762889,0,0.0
none_8,none,1,9,0,2.3846710839944127,1.622906516005586,0,0.0
none_8,none,1,0,1,2.2384558415836016,1.7691217584163994,0,0.0
none_8,none,1,1,1,2.21769657618449,1.7898810238155107,0,0.0
none_8,none,1,2,1,2.2044842456179707,1.8030933543820302,0,0.0
none_8,none,1,3,1,2.2131145851214966,1.794463014878504,0,0.0
none_8,none,1,4,1,2.2124821094371696,1.7950954905628314,0,0.0
none_8,none,1,5,1,2.2242807425621454,1.7832968574378552,0,0.0
none_8,none,1,6,1,2.202386203703177,1.805191396296824,0,0.0
none_8,none,1,7,1,2.199755463769007,1.8078221362309943,0,0.0
none_8,none,1,8,1,2.2123654980409704,1.7952121019590308,0,0.0
none_8,none,1,9,1,2.2353817641804943,1.7721958358195067,0,0.0
none_8,none,1,0,2,2.276465983903061,1.7311116160969393,0,0.0
none_8,none,1,1,2,2.215519538191246,1.7920580618087547,0,0.0
none_8,none,1,2,2,2.249730249500031,1.7578473504999699,0,0.0
none_8,none,1,3,2,2.226712329666667,1.7808652703333336,0,0.0
none_8,none,1,4,2,2.2540046289288727,1.7535729710711276,0,0.0
none_8,none,1,5,2,2.236108207297684,1.7714693927023164,0,0.0
none_8,none,1,6,2,2.225713066797317,1.7818645332026841,0,0.0
none_8,none,1,7,2,2.2083311017512863,1.7992464982487146,0,0.0
none_8,none,1,8,2,2.219670300227332,1.7879072997726686,0,0.0
none_8,none,1,9,2,2.277434142442384,1.7301434575576167,0,0.0
none_8,none,1,0,3,2.276602983644294,1.7309746163557065,0,0.0
none_8,none,1,1,3,2.20231434155802,1.8052632584419805,0,0.0
none_8,none,1,2,3,2.2000270878375887,1.8075505121624125,0,0.0
none_8,none,1,3,3,2.2356714785629674,1.771906121437033,0,0.0
none_8,none,1,4,3,2.2257109025285,1.7818666974715012,0,0.0
none_8,none,1,5,3,2.221066557462277,1.786511042537724,0,0.0
none_8,none,1,6,3,2.2262026438058307,1.78137495619417,0,0.0
none_8,none,1,7,3,2.217470204768205,1.7901073952317959,0,0.0
none_8,none,1,8,3,2.201050571501534,1.806527028498467,0,0.0
none_8,none,1,9,3,2.282299997637972,1.7252776023620287,0,0.0
none_8,none,1,0,4,2.290478852202358,1.7170987477976425,0,0.0
none_8,none,1,1,4,2.191063528835776,1.8165140711642256,0,0.0
none_8,none,1,2,4,2.216867455396443,1.7907101446035578,0,0.0
none_8,none,1,3,4,2.2306129024285544,1.7769646975714466,0,0.0
none_8,none,1,4,4,2.229528766815578,1.7780488331844229,0,0.0
none_8,none,1,5,4,2.2368853101701918,1.7706922898298092,0,0.0
none_8,none,1,6,4,2.2371129539558474,1.7704646460441529,0,0.0
none_8,none,1,7,4,2.2489835028633487,1.7585940971366518,0,0.0
none_8,none,1,8,4,2.2105513916262556,1.7970262083737454,0,0.0
none_8,none,1,9,4,2.3062448359267376,1.7013327640732623,0,0.0
none_8,none,1,0,5,2.2641082836750197,1.7434693163249804,0,0.0
none_8,none,1,1,5,2.213445939459052,1.7941316605409485,0,0.0
none_8,none,1,2,5,2.22750412078792,1.7800734792120807,0,0.0
none_8,none,1,3,5,2.24710430760705,1.7604732923929505,0,0.0
none_8,none,1,4,5,2.232892296719427,1.7746853032805734,0,0.0
none_8,none,1,5,5,2.214907098410119,1.7926705015898818,0,0.0
none_8,none,1,6,5,2.2308148915610824,1.7767627084389184,0,0.0
none_8,none,1,7,5,2.2377023180398403,1.7698752819601604,0,0.0
none_8,none,1,8,5,2.224458732079223,1.7831188679207781,0,0.0
none_8,none,1,9,5,2.273540189126664,1.7340374108733365,0,0.0
none_8,none,1,0,6,2.2829460656709633,1.724631534329037,0,0.0
none_8,none,1,1,6,2.2021059835306285,1.8054716164693723,0,0.0
none_8,none,1,2,6,2.2658152597398025,1.7417623402601974,0,0.0
none_8,none,1,3,6,2.254124555550703,1.753453044449298,0,0.0
none_8,none,1,4,6,2.254761065651238,1.752816534348762,0,0.0
none_8,none,1,5,6,2.2329728892070824,1.7746047107929184,0,0.0
none_8,none,1,6,6,2.2532909339947556,1.7542866660052454,0,0.0
none_8,none,1,7,6,2.2163403098897616,1.7912372901102394,0,0.0
none_8,none,1,8,6,2.229054327598571,1.77852327240143,0,0.0
none_8,none,1,9,6,2.3051366715434587,1.702440928456541,0,0.0
none_8,none,1,0,7,2.268264448895257,1.7393131511047435,0,0.0
none_8,none,1,1,7,2.20850168948171,1.799075910518291,0,0.0
none_8,none,1,2,7,2.254234322709059,1.7533432772909416,0,0.0
none_8,none,1,3,7,2.217424316738173,1.790153283261828,0,0.0
none_8,none,1,4,7,2.238784758127655,1.7687928418723453,0,0.0
none_8,none,1,5,7,2.280869421982116,1.7267081780178848,0,0.0
none_8,none,1,6,7,2.2470084602982467,1.7605691397017535,0,0.0
none_8,none,1,7,7,2.2333712596989326,1.774206340301068,0,0.0
none_8,none,1,8,7,2.2059285588396906,1.8016490411603108,0,0.0
none_8,none,1,9,7,2.3111821842654328,1.6963954157345675,0,0.0
none_8,none,1,0,8,2.2599730879514475,1.7476045120485526,0,0.0
none_8,none,1,1,8,2.217649525699824,1.7899280743001769,0,0.0
none_8,none,1,2,8,2.1948903189262077,1.8126872810737933,0,0.0
none_8,none,1,3,8,2.209479858271276,1.7980977417287252,0,0.0
none_8,none,1,4,8,2.2219144754961766,1.7856631245038241,0,0.0
none_8,none,1,5,8,2.215291673515187,1.7922859264848139,0,0.0
none_8,none,1,6,8,2.2203080533056387,1.787269546694362,0,0.0
none_8,none,1,7,8,2.220708946583351,1.78686865341665,0,0.0
none_8,none,1,8,8,2.1987408352829227,1.8088367647170782,0,0.0
none_8,none,1,9,8,2.251951350553007,1.7556262494469932,0,0.0
none_8,none,1,0,9,2.3774088273095217,1.6301687726904772,0,0.0
none_8,none,1,1,9,2.2951705811680596,1.71240701883194,0,0.0
none_8,none,1,2,9,2.2771266757922595,1.7304509242077408,0,0.0
none_8,none,1,3,9,2.2569687672905663,1.7506088327094345,0,0.0
none_8,none,1,4,9,2.265016753873548,1.7425608461264526,0,0.0
none_8,none,1,5,9,2.2590518367923162,1.748525763207685,0,0.0
none_8,none,1,6,9,2.269046474795838,1.7385311252041624,0,0.0
none_8,none,1,7,9,2.2863617366843316,1.7212158633156691,0,0.0
none_8,none,1,8,9,2.2635441947816504,1.7440334052183502,0,0.0
none_8,none,1,9,9,2.412234056500484,1.595343543499515,0,0.0
none_10,none,2,0,0,2.322673237296202,1.684904362703798,0,0.0
none_10,none,2,1,0,2.2298175637610305,1.7777600362389705,0,0.0
none_10,none,2,2,0,2.2633487923160014,1.7442288076839998,0,0.0
none_10,none,2,3,0,2.280509972555713,1.7270676274442869,0,0.0
none_10,none,2,4,0,2.290712267417448,1.716865332582552,0,0.0
none_10,none,2,5,0,2.319440247332778,1.688137352667222,0,0.0
none_10,none,2,6,0,2.309538675541998,1.6980389244580025,0,0.0
none_10,none,2,7,0,2.278502515801839,1.7290750841981612,0,0.0
none_10,none,2,8,0,2.2246650237492296,1.782912576250771,0,0.0
none_10,none,2,9,0,2.3795388001078686,1.6280387998921304,0,0.0
none_10,none,2,0,1,2.221704778507508,1.7858728214924926,0,0.0
none_10,none,2,1,1,2.210760077818636,1.7968175221813654,0,0.0
none_10,none,2,2,1,2.2094216798252653,1.798155920174736,0,0.0
none_10,none,2,3,1,2.2138557703596806,1.79372182964032,0,0.0
none_10,none,2,4,1,2.215407818661512,1.7921697813384887,0,0.0
none_10,none,2,5,1,2.2334429360518238,1.774134663948177,0,0.0
none_10,none,2,6,1,2.232395530222921,1.77518206977708,0,0.0
none_10,none,2,7,1,2.2134455928865577,1.794132007113443,0,0.0
none_10,none,2,8,1,2.1857641581057012,1.8218134418943002,0,0.0
none_10,none,2,9,1,2.242964992493739,1.764612607506262,0,0.0
none_10,none,2,0,2,2.2821371789577394,1.725440421042261,0,0.0
none_10,none,2,1,2,2.212548195390289,1.795029404609712,0,0.0
none_10,none,2,2,2,2.252046734676609,1.7555308653233914,0,0.0
none_10,none,2,3,2,2.2448131112129617,1.7627644887870386,0,0.0
none_10,none,2,4,2,2.2630673081197292,1.7445102918802713,0,0.0
none_10,none,2,5,2,2.255089218809112,1.7524883811908882,0,0.0
none_10,none,2,6,2,2.2293612025757428,1.7782163974242575,0,0.0
none_10,none,2,7,2,2.223771669604916,1.7838059303950848,0,0.0
none_10,none,2,8,2,2.2134949767699257,1.7940826232300757,0,0.0
none_10,none,2,9,2,2.3085600693540407,1.6990175306459596,0,0.0
none_10,none,2,0,3,2.2667190675627005,1.7408585324372998,0,0.0
none_10,none,2,1,3,2.2180960414473088,1.789481558552692,0,0.0
none_10,none,2,2,3,2.223295302141116,1.784282297858885,0,0.0
none_10,none,2,3,3,2.2619320274930694,1.745645572506931,0,0.0
none_10,none,2,4,3,2.2153034503924376,1.7922741496075631,0,0.0
none_10,none,2,5,3,2.2156161969508643,1.7919614030491369,0,0.0
none_10,none,2,6,3,2.216277482010752,1.7913001179892485,0,0.0
none_10,none,2,7,3,2.2289041894706716,1.7786734105293294,0,0.0
none_10,none,2,8,3,2.19980078336159,1.807776816638411,0,0.0
none_10,none,2,9,3,2.3094669585873473,1.6981106414126526,0,0.0
none_10,none,2,0,4,2.2555609012405817,1.7520166987594183,0,0.0
none_10,none,2,1,4,2.222838088510143,1.7847395114898579,0,0.0
none_10,none,2,2,4,2.226198983594188,1.7813786164058132,0,0.0
none_10,none,2,3,4,2.210952842951696,1.7966247570483052,0,0.0
none_10,none,2,4,4,2.227826521616569,1.7797510783834316,0,0.0
none_10,none,2,5,4,2.234669293925335,1.7729083060746658,0,0.0
none_10,none,2,6,4,2.2642609884622886,1.7433166115377117,0,0.0
none_10,none,2,7,4,2.2276645581812224,1.7799130418187783,0,0.0
none_10,none,2,8,4,2.204320886164357,1.803256713835644,0,0.0
none_10,none,2,9,4,2.298204948169893,1.7093726518301073,0,0.0
none_10,none,2,0,5,2.2862789969388984,1.7212986030611017,0,0.0
none_10,none,2,1,5,2.218522856749034,1.7890547432509667,0,0.0
none_10,none,2,2,5,2.2162712574662793,1.7913063425337215,0,0.0
none_10,none,2,3,5,2.219236266176759,1.788341333823242,0,0.0
none_10,none,2,4,5,2.2243632931939765,1.7832143068060242,0,0.0
none_10,none,2,5,5,2.240341340649566,1.767236259350435,0,0.0
none_10,none,2,6,5,2.2619841492186232,1.745593450781377,0,0.0
none_10,none,2,7,5,2.248973601948124,1.7586039980518766,0,0.0
none_10,none,2,8,5,2.2210506363685854,1.7865269636314154,0,0.0
none_10,none,2,9,5,2.278849602780383,1.7287279972196175,0,0.0
none_10,none,2,0,6,2.310470835581206,1.697106764418794,0,0.0
none_10,none,2,1,6,2.196684405711057,1.810893194288944,0,0.0
none_10,none,2,2,6,2.217161374432208,1.7904162255677931,0,0.0
none_10,none,2,3,6,2.2221969419898127,1.785380658010188,0,0.0
none_10,none,2,4,6,2.226577630465671,1.7809999695343297,0,0.0
none_10,none,2,5,6,2.237268419999054,1.7703091800009467,0,0.0
none_10,none,2,6,6,2.2533693163204296,1.754208283679571,0,0.0
none_10,none,2,7,6,2.20155305819235,1.8060245418076506,0,0.0
none_10,none,2,8,6,2.1850731966030525,1.8225044033969489,0,0.0
none_10,none,2,9,6,2.2725229845167467,1.7350546154832538,0,0.0
none_10,none,2,0,7,2.270184863786774,1.7373927362132264,0,0.0
none_10,none,2,1,7,2.217384828216166,1.7901927717838348,0,0.0
none_10,none,2,2,7,2.2104649160934176,1.7971126839065839,0,0.0
none_10,none,2,3,7,2.2293094432611067,1.778268156738894,0,0.0
none_10,none,2,4,7,2.2379492995090273,1.7696283004909732,0,0.0
none_10,none,2,5,7,2.2444526738311565,1.7631249261688442,0,0.0
none_10,none,2,6,7,2.2264510623373166,1.7811265376626841,0,0.0
none_10,none,2,7,7,2.2159307777910424,1.7916468222089583,0,0.0
none_10,none,2,8,7,2.1832262681937817,1.8243513318062194,0,0.0
none_10,none,2,9,7,2.2920070113311057,1.7155705886688943,0,0.0
none_10,none,2,0,8,2.237814723849525,1.7697628761504767,0,0.0
none_10,none,2,1,8,2.1995836076442647,1.8079939923557369,0,0.0
none_10,none,2,2,8,2.2208581626599546,1.7867194373400461,0,0.0
none_10,none,2,3,8,2.2167902275689344,1.7907873724310668,0,0.0
none_10,none,2,4,8,2.21121297349006,1.7963646265099413,0,0.0
none_10,none,2,5,8,2.2057716107214014,1.8018059892785996,0,0.0
none_10,none,2,6,8,2.210387457125558,1.7971901428744432,0,0.0
none_10,none,2,7,8,2.1922398387980486,1.8153377612019526,0,0.0
none_10,none,2,8,8,2.198406012015035,1.809171587984966,0,0.0
none_10,none,2,9,8,2.2428286573489564,1.764748942651044,0,0.0
none_10,none,2,0,9,2.323764073073215,1.6838135269267853,0,0.0
none_10,none,2,1,9,2.259069988479825,1.748507611520176,0,0.0
none_10,none,2,2,9,2.2963362878021,1.7112413121978995,0,0.0
none_10,none,2,3,9,2.25739433124488,1.7501832687551209,0,0.0
none_10,none,2,4,9,2.3348452547846685,1.6727323452153309,0,0.0
none_10,none,2,5,9,2.284819826238446,1.7227577737615547,0,0.0
none_10,none,2,6,9,2.2911584457747867,1.7164191542252136,0,0.0
none_10,none,2,7,9,2.3011477851495727,1.7064298148504273,0,0.0
none_10,none,2,8,9,2.2448642312378273,1.762713368762173,0,0.0
none_10,none,2,9,9,2.349605371903973,1.657972228096027,0,0.0
none_9,none,2,0,0,2.3972116810142463,1.610365918985753,0,0.0
none_9,none,2,1,0,2.2570679765916646,1.7505096234083362,0,0.0
none_9,none,2,2,0,2.318188235248802,1.6893893647511988,0,0.0
none_9,none,2,3,0,2.324228754290045,1.6833488457099552,0,0.0
none_9,none,2,4,0,2.299655092539899,1.7079225074601017,0,0.0
none_9,none,2,5,0,2.32774792493289,1.67982967506711,0,0.0
none_9,none,2,6,0,2.294695464948416,1.7128821350515842,0,0.0
none_9,none,2,7,0,2.2810900003657584,1.7264875996342424,0,0.0
none_9,none,2,8,0,2.261497800902008,1.7460797990979928,0,0.0
none_9,none,2,9,0,2.403452360245165,1.604125239754834,0,0.0
none_9,none,2,0,1,2.2513079762078285,1.7562696237921722,0,0.0
none_9,none,2,1,1,2.186949652266758,1.8206279477332428,0,0.0
none_9,none,2,2,1,2.210702593829874,1.7968750061701269,0,0.0
none_9,none,2,3,1,2.2253103311236306,1.7822672688763705,0,0.0
none_9,none,2,4,1,2.244608879034157,1.7629687209658438,0,0.0
none_9,none,2,5,1,2.2442545184690204,1.7633230815309804,0,0.0
none_9,none,2,6,1,2.220816658517926,1.7867609414820746,0,0.0
none_9,none,2,7,1,2.203471183274058,1.8041064167259426,0,0.0
none_9,none,2,8,1,2.1950580038826333,1.8125195961173675,0,0.0
none_9,none,2,9,1,2.2620970656493955,1.745480534350605,0,0.0
none_9,none,2,0,2,2.2765633836024883,1.7310142163975117,0,0.0
none_9,none,2,1,2,2.229177643158921,1.7783999568410795,0,0.0
none_9,none,2,2,2,2.221650796005547,1.7859268039944538,0,0.0
none_9,none,2,3,2,2.2284218530583293,1.7791557469416717,0,0.0
none_9,none,2,4,2,2.2486116857846468,1.7589659142153538,0,0.0
none_9,none,2,5,2,2.246377674775214,1.761199925224786,0,0.0
none_9,none,2,6,2,2.240690632558638,1.7668869674413623,0,0.0
none_9,none,2,7,2,2.2431775737221034,1.7644000262778974,0,0.0
none_9,none,2,8,2,2.2034640640877887,1.8041135359122122,0,0.0
none_9,none,2,9,2,2.2991584834273757,1.7084191165726241,0,0.0
none_9,none,2,0,3,2.2726221746270854,1.734955425372915,0,0.0
none_9,none,2,1,3,2.216003924274337,1.7915736757256644,0,0.0
none_9,none,2,2,3,2.2309477500726858,1.7766298499273152,0,0.0
none_9,none,2,3,3,2.2395970654457775,1.7679805345542228,0,0.0
none_9,none,2,4,3,2.222545537636006,1.7850320623639941,0,0.0
none_9,none,2,5,3,2.253409955079605,1.7541676449203951,0,0.0
none_9,none,2,6,3,2.234304981565232,1.7732726184347687,0,0.0
none_9,none,2,7,3,2.2449000860639554,1.7626775139360453,0,0.0
none_9,none,2,8,3,2.2110800098722767,1.796497590127724,0,0.0
none_9,none,2,9,3,2.3040458626715385,1.7035317373284613,0,0.0
none_9,none,2,0,4,2.2929402688741987,1.7146373311258012,0,0.0
none_9,none,2,1,4,2.235369157826174,1.7722084421738264,0,0.0
none_9,none,2,2,4,2.2714946618227563,1.7360829381772442,0,0.0
none_9,none,2,3,4,2.2457219511813187,1.7618556488186823,0,0.0
none_9,none,2,4,4,2.2573841264579815,1.750193473542019,0,0.0
none_9,none,2,5,4,2.264398122881259,1.7431794771187419,0,0.0
none_9,none,2,6,4,2.250325775042497,1.7572518249575035,0,0.0
none_9,none,2,7,4,2.241672650305221,1.7659049496947796,0,0.0
none_9,none,2,8,4,2.238470164398018,1.769107435601983,0,0.0
none_9,none,2,9,4,2.2898723859794434,1.7177052140205566,0,0.0
none_9,none,2,0,5,2.291059897181173,1.7165177028188274,0,0.0
none_9,none,2,1,5,2.238267435299933,1.7693101647000675,0,0.0
none_9,none,2,2,5,2.265030550403628,1.7425470495963722,0,0.0
none_9,none,2,3,5,2.2379459164799376,1.7696316835200623,0,0.0
none_9,none,2,4,5,2.257147734832038,1.7504298651679626,0,0.0
none_9,none,2,5,5,2.2516107052169296,1.7559668947830713,0,0.0
none_9,none,2,6,5,2.2339323589415936,1.7736452410584067,0,0.0
none_9,none,2,7,5,2.2555037423379938,1.752073857662007,0,0.0
none_9,none,2,8,5,2.2180594021051836,1.7895181978948174,0,0.0
none_9,none,2,9,5,2.3000327965108367,1.7075448034891634,0,0.0
none_9,none,2,0,6,2.3154258485260812,1.692151751473919,0,0.0
none_9,none,2,1,6,2.236950232861092,1.7706273671389086,0,0.0
none_9,none,2,2,6,2.2573959354135122,1.7501816645864885,0,0.0
none_9,none,2,3,6,2.2573132477544395,1.7502643522455608,0,0.0
none_9,none,2,4,6,2.246819995154461,1.76075760484554,0,0.0
none_9,none,2,5,6,2.2196345683000303,1.787943031699971,0,0.0
none_9,none,2,6,6,2.248782159879723,1.7587954401202777,0,0.0
none_9,none,2,7,6,2.2450861303796077,1.7624914696203928,0,0.0
none_9,none,2,8,6,2.225873534341442,1.7817040656585585,0,0.0
none_9,none,2,9,6,2.298009347437965,1.709568252562035,0,0.0
none_9,none,2,0,7,2.2898106776495117,1.7177669223504881,0,0.0
none_9,none,2,1,7,2.212090080027478,1.795487519972523,0,0.0
none_9,none,2,2,7,2.218525856456664,1.789051743543337,0,0.0
none_9,none,2,3,7,2.26134136180901,1.7462362381909904,0,0.0
none_9,none,2,4,7,2.2240607545748383,1.7835168454251626,0,0.0
none_9,none,2,5,7,2.233776738848118,1.7738008611518832,0,0.0
none_9,none,2,6,7,2.2514502599170028,1.7561273400829978,0,0.0
none_9,none,2,7,7,2.2385427853130824,1.7690348146869181,0,0.0
none_9,none,2,8,7,2.2198409105438444,1.7877366894561562,0,0.0
none_9,none,2,9,7,2.299085676451429,1.7084919235485712,0,0.0
none_9,none,2,0,8,2.2497015338939965,1.7578760661060038,0,0.0
none_9,none,2,1,8,2.1785135711428687,1.8290640288571323,0,0.0
none_9,none,2,2,8,2.2119182890381555,1.795659310961846,0,0.0
none_9,none,2,3,8,2.22411083157995,1.7834667684200505,0,0.0
none_9,none,2,4,8,2.2205455887125107,1.7870320112874896,0,0.0
none_9,none,2,5,8,2.2181538071403057,1.7894237928596952,0,0.0
none_9,none,2,6,8,2.2161201957862664,1.7914574042137341,0,0.0
none_9,none,2,7,8,2.2076674035997814,1.79991019640022,0,0.0
none_9,none,2,8,8,2.225545733205937,1.7820318667940636,0,0.0
none_9,none,2,9,8,2.26094247130076,1.74663512869924,0,0.0
none_9,none,2,0,9,2.373467285244454,1.6341103147555454,0,0.0
none_9,none,2,1,9,2.2649190228060196,1.7426585771939804,0,0.0
none_9,none,2,2,9,2.2714053623955177,1.7361722376044821,0,0.0
none_9,none,2,3,9,2.2905026753984323,1.717074924601568,0,0.0
none_9,none,2,4,9,2.3251895946693297,1.6823880053306703,0,0.0
none_9,none,2,5,9,2.303740010458313,1.7038375895416877,0,0.0
none_9,none,2,6,9,2.278001639173074,1.729575960826926,0,0.0
none_9,none,2,7,9,2.2978335975242086,1.7097440024757915,0,0.0
none_9,none,2,8,9,2.2548754089797804,1.752702191020221,0,0.0
none_9,none,2,9,9,2.345687341581899,1.6618902584181008,0,0.0
none_11,none,2,0,0,2.352391155791254,1.655186444208746,0,0.0
none_11,none,2,1,0,2.234740807170275,1.772836792829726,0,0.0
none_11,none,2,2,0,2.2625521938149404,1.7450254061850603,0,0.0
none_11,none,2,3,0,2.2527040082833163,1.754873591716684,0,0.0
none_11,none,2,4,0,2.264568304563198,1.743009295436803,0,0.0
none_11,none,2,5,0,2.2673882116047723,1.7401893883952277,0,0.0
none_11,none,2,6,0,2.2685921248617964,1.7389854751382041,0,0.0
none_11,none,2,7,0,2.257936803259047,1.7496407967409535,0,0.0
none_11,none,2,8,0,2.218375892754692,1.789201707245309,0,0.0
none_11,none,2,9,0,2.329369238037962,1.6782083619620378,0,0.0
none_11,none,2,0,1,2.2172255212953638,1.790352078704637,0,0.0
none_11,none,2,1,1,2.16127309699562,1.8463045030043816,0,0.0
none_11,none,2,2,1,2.1887694926949686,1.8188081073050324,0,0.0
none_11,none,2,3,1,2.206324736779784,1.8012528632202174,0,0.0
none_11,none,2,4,1,2.210056462209447,1.797521137790554,0,0.0
none_11,none,2,5,1,2.2041659366052966,1.8034116633947042,0,0.0
none_11,none,2,6,1,2.2110869087754206,1.7964906912245804,0,0.0
none_11,none,2,7,1,2.204470963337109,1.803106636662892,0,0.0
none_11,none,2,8,1,2.164462139769047,1.8431154602309545,0,0.0
none_11,none,2,9,1,2.252585923487735,1.7549916765122653,0,0.0
none_11,none,2,0,2,2.2505219867779034,1.757055613222097,0,0.0
none_11,none,2,1,2,2.2045057728169164,1.8030718271830848,0,0.0
none_11,none,2,2,2,2.2380363968469767,1.7695412031530235,0,0.0
none_11,none,2,3,2,2.2190749235960063,1.7885026764039946,0,0.0
none_11,none,2,4,2,2.2232001409622875,1.7843774590377133,0,0.0
none_11,none,2,5,2,2.2449457252830176,1.7626318747169833,0,0.0
none_11,none,2,6,2,2.224471009213388,1.783106590786613,0,0.0
none_11,none,2,7,2,2.2313135032975606,1.7762640967024401,0,0.0
none_11,none,2,8,2,2.197594439343291,1.80998316065671,0,0.0
none_11,none,2,9,2,2.2850846095751933,1.7224929904248072,0,0.0
none_11,none,2,0,3,2.2740327016101958,1.7335448983898047,0,0.0
none_11,none,2,1,3,2.2236635333931116,1.7839140666068896,0,0.0
none_11,none,2,2,3,2.2123717668084772,1.7952058331915237,0,0.0
none_11,none,2,3,3,2.2504112543939367,1.7571663456060633,0,0.0
none_11,none,2,4,3,2.234153142517555,1.7734244574824458,0,0.0
none_11,none,2,5,3,2.2417225260678197,1.7658550739321808,0,0.0
none_11,none,2,6,3,2.254754199604203,1.7528234003957974,0,0.0
none_11,none,2,7,3,2.2661608398144133,1.7414167601855868,0,0.0
none_11,none,2,8,3,2.207083336617489,1.8004942633825118,0,0.0
none_11,none,2,9,3,2.292320166390718,1.715257433609283,0,0.0
none_11,none,2,0,4,2.2694542179265937,1.738123382073407,0,0.0
none_11,none,2,1,4,2.197085300083895,1.810492299916106,0,0.0
none_11,none,2,2,4,2.2319788783074914,1.7755987216925095,0,0.0
none_11,none,2,3,4,2.253860391905727,1.7537172080942736,0,0.0
none_11,none,2,4,4,2.272854768328287,1.7347228316717136,0,0.0
none_11,none,2,5,4,2.260037579739011,1.747540020260989,0,0.0
none_11,none,2,6,4,2.2434276557210904,1.7641499442789101,0,0.0
none_11,none,2,7,4,2.2228872307694436,1.7846903692305573,0,0.0
none_11,none,2,8,4,2.216185614689948,1.7913919853100524,0,0.0
none_11,none,2,9,4,2.285844798158354,1.7217328018416462,0,0.0
none_11,none,2,0,5,2.2703069476071134,1.7372706523928871,0,0.0
none_11,none,2,1,5,2.197776169011257,1.8098014309887438,0,0.0
none_11,none,2,2,5,2.245898728869844,1.7616788711301568,0,0.0
none_11,none,2,3,5,2.2292441216603667,1.7783334783396336,0,0.0
none_11,none,2,4,5,2.2648741208668994,1.742703479133101,0,0.0
none_11,none,2,5,5,2.242364733797543,1.7652128662024578,0,0.0
none_11,none,2,6,5,2.215830763510581,1.79174683648942,0,0.0
none_11,none,2,7,5,2.2295584709437937,1.7780191290562073,0,0.0
none_11,none,2,8,5,2.2333609503897045,1.7742166496102965,0,0.0
none_11,none,2,9,5,2.2735564512998363,1.734021148700164,0,0.0
none_11,none,2,0,6,2.2723089791607456,1.735268620839255,0,0.0
none_11,none,2,1,6,2.1881985301617695,1.8193790698382313,0,0.0
none_11,none,2,2,6,2.230648931926231,1.7769286680737701,0,0.0
none_11,none,2,3,6,2.2511777372346975,1.756399862765303,0,0.0
none_11,none,2,4,6,2.2530091006303192,1.7545684993696813,0,0.0
none_11,none,2,5,6,2.2312843146946952,1.7762932853053055,0,0.0
none_11,none,2,6,6,2.2183807550478045,1.7891968449521962,0,0.0
none_11,none,2,7,6,2.229359070668885,1.7782185293311157,0,0.0
none_11,none,2,8,6,2.2266881299037053,1.7808894700962958,0,0.0
none_11,none,2,9,6,2.275260035684378,1.7323175643156228,0,0.0
none_11,none,2,0,7,2.284027929397798,1.7235496706022029,0,0.0
none_11,none,2,1,7,2.2224592293850978,1.7851183706149032,0,0.0
none_11,none,2,2,7,2.250275487497379,1.7573021125026214,0,0.0
none_11,none,2,3,7,2.2407334990619594,1.7668441009380411,0,0.0
none_11,none,2,4,7,2.232824542578911,1.77475305742109,0,0.0
none_11,none,2,5,7,2.249779314642864,1.7577982853571368,0,0.0
none_11,none,2,6,7,2.2466821314644783,1.7608954685355227,0,0.0
none_11,none,2,7,7,2.214442801588724,1.7931347984112769,0,0.0
none_11,none,2,8,7,2.1831126347270025,1.8244649652729983,0,0.0
none_11,none,2,9,7,2.27822859225634,1.7293490077436604,0,0.0
none_11,none,2,0,8,2.2721151823039962,1.7354624176960047,0,0.0
none_11,none,2,1,8,2.190780478554196,1.8167971214458047,0,0.0
none_11,none,2,2,8,2.2391314360999037,1.768446163900097,0,0.0
none_11,none,2,3,8,2.2323963286508235,1.7751812713491775,0,0.0
none_11,none,2,4,8,2.2126870788751334,1.7948905211248676,0,0.0
none_11,none,2,5,8,2.2001306720124947,1.807446927987506,0,0.0
none_11,none,2,6,8,2.227783715714351,1.7797938842856496,0,0.0
none_11,none,2,7,8,2.195035238684399,1.812542361315602,0,0.0
none_11,none,2,8,8,2.181901708080566,1.8256758919194351,0,0.0
none_11,none,2,9,8,2.2501866977188105,1.7573909022811907,0,0.0
none_11,none,2,0,9,2.392258537440083,1.6153190625599163,0,0.0
none_11,none,2,1,9,2.2481423888997987,1.759435211100202,0,0.0
none_11,none,2,2,9,2.280373755337029,1.7272038446629718,0,0.0
none_11,none,2,3,9,2.2922252399319554,1.7153523600680447,0,0.0
none_11,none,2,4,9,2.26508132915661,1.742496270843391,0,0.0
none_11,none,2,5,9,2.286302688649784,1.7212749113502164,0,0.0
none_11,none,2,6,9,2.2898950911698455,1.717682508830155,0,0.0
none_11,none,2,7,9,2.2737781880162538,1.7337994119837468,0,0.0
none_11,none,2,8,9,2.2529921709019693,1.7545854290980316,0,0.0
none_11,none,2,9,9,2.381190045044066,1.626387554955934,0,0.0
none_8,none,2,0,0,2.3365070332646956,1.6710705667353043,0,0.0
none_8,none,2,1,0,2.2550659080739686,1.7525116919260328,0,0.0
none_8,none,2,2,0,2.2727097480444822,1.7348678519555178,0,0.0
none_8,none,2,3,0,2.246794848109963,1.7607827518900376,0,0.0
none_8,none,2,4,0,2.2649502739023926,1.7426273260976075,0,0.0
none_8,none,2,5,0,2.2533955467755122,1.754182053224488,0,0.0
none_8,none,2,6,0,2.2670449912315322,1.740532608768468,0,0.0
none_8,none,2,7,0,2.2814404837192392,1.7261371162807613,0,0.0
none_8,none,2,8,0,2.227703420087513,1.7798741799124878,0,0.0
none_8,none,2,9,0,2.3181470043118084,1.6894305956881916,0,0.0
none_8,none,2,0,1,2.261043180904465,1.7465344190955352,0,0.0
none_8,none,2,1,1,2.2209947607308598,1.7865828392691412,0,0.0
none_8,none,2,2,1,2.205378163831085,1.8021994361689155,0,0.0
none_8,none,2,3,1,2.22124391771166,1.7863336822883416,0,0.0
none_8,none,2,4,1,2.2098167786225087,1.7977608213774925,0,0.0
none_8,none,2,5,1,2.209602826873048,1.7979747731269533,0,0.0
none_8,none,2,6,1,2.2220942977536557,1.7854833022463452,0,0.0
none_8,none,2,7,1,2.2030050719088896,1.8045725280911113,0,0.0
none_8,none,2,8,1,2.1905556476817196,1.8170219523182816,0,0.0
none_8,none,2,9,1,2.2127069366908456,1.7948706633091558,0,0.0
none_8,none,2,0,2,2.2793746803081762,1.7282029196918243,0,0.0
none_8,none,2,1,2,2.19485934154163,1.8127182584583708,0,0.0
none_8,none,2,2,2,2.232164398258481,1.7754132017415198,0,0.0
none_8,none,2,3,2,2.2145136899703406,1.79306391002966,0,0.0
none_8,none,2,4,2,2.24309925151235,1.7644783484876507,0,0.0
none_8,none,2,5,2,2.2140779096219747,1.793499690378026,0,0.0
none_8,none,2,6,2,2.2205962130345545,1.7869813869654465,0,0.0
none_8,none,2,7,2,2.2331942281701447,1.774383371829856,0,0.0
none_8,none,2,8,2,2.1920129405114666,1.8155646594885346,0,0.0
none_8,none,2,9,2,2.236456516860322,1.7711210831396786,0,0.0
none_8,none,2,0,3,2.271681053061734,1.7358965469382661,0,0.0
none_8,none,2,1,3,2.207707988127187,1.7998696118728144,0,0.0
none_8,none,2,2,3,2.2451093033391327,1.7624682966608682,0,0.0
none_8,none,2,3,3,2.206648179443217,1.8009294205567838,0,0.0
none_8,none,2,4,3,2.217730487093574,1.7898471129064268,0,0.0
none_8,none,2,5,3,2.2420075868585863,1.7655700131414145,0,0.0
none_8,none,2,6,3,2.210624182344119,1.796953417655882,0,0.0
none_8,none,2,7,3,2.2569904578395317,1.750587142160469,0,0.0
none_8,none,2,8,3,2.191653903585904,1.8159236964140975,0,0.0
none_8,none,2,9,3,2.251889267036507,1.7556883329634938,0,0.0
none_8,none,2,0,4,2.2832690162616793,1.7243085837383212,0,0.0
none_8,none,2,1,4,2.2328726452565477,1.7747049547434532,0,0.0
none_8,none,2,2,4,2.241070321517308,1.7665072784826925,0,0.0
none_8,none,2,3,4,2.2241482825630037,1.7834293174369966,0,0.0
none_8,none,2,4,4,2.2249741108855328,1.782603489114468,0,0.0
none_8,none,2,5,4,2.25208415662356,1.7554934433764404,0,0.0
none_8,none,2,6,4,2.2508898006716116,1.7566877993283894,0,0.0
none_8,none,2,7,4,2.2504710222388566,1.7571065777611439,0,0.0
none_8,none,2,8,4,2.2029359571787324,1.8046416428212686,0,0.0
none_8,none,2,9,4,2.288373667732781,1.7192039322672192,0,0.0
none_8,none,2,0,5,2.275401126926408,1.7321764730735925,0,0.0
none_8,none,2,1,5,2.2300846299894266,1.7774929700105744,0,0.0
none_8,none,2,2,5,2.2359508559258634,1.7716267440741376,0,0.0
none_8,none,2,3,5,2.2090922298744498,1.798485370125551,0,0.0
none_8,none,2,4,5,2.2302636648957934,1.7773139351042073,0,0.0
none_8,none,2,5,5,2.233995399991692,1.7735822000083084,0,0.0
none_8,none,2,6,5,2.2464404437679613,1.7611371562320395,0,0.0
none_8,none,2,7,5,2.253312425131921,1.75426517486808,0,0.0
none_8,none,2,8,5,2.2061076089950222,1.8014699910049787,0,0.0
none_8,none,2,9,5,2.274662951064258,1.7329146489357428,0,0.0
none_8,none,2,0,6,2.289979157706246,1.7175984422937538,0,0.0
none_8,none,2,1,6,2.218304395031502,1.789273204968499,0,0.0
none_8,none,2,2,6,2.2266495763389984,1.7809280236610021,0,0.0
none_8,none,2,3,6,2.249569063682777,1.758008536317224,0,0.0
none_8,none,2,4,6,2.2367648473909165,1.770812752609084,0,0.0
none_8,none,2,5,6,2.2611192145553924,1.7464583854446076,0,0.0
none_8,none,2,6,6,2.281876514376451,1.7257010856235497,0,0.0
none_8,none,2,7,6,2.251357371484726,1.7562202285152746,0,0.0
none_8,none,2,8,6,2.2259883029616976,1.7815892970383034,0,0.0
none_8,none,2,9,6,2.277127677728961,1.7304499222710394,0,0.0
none_8,none,2,0,7,2.304203646719831,1.7033739532801693,0,0.0
none_8,none,2,1,7,2.2240906003530627,1.783486999646938,0,0.0
none_8,none,2,2,7,2.2576981051974916,1.7498794948025087,0,0.0
none_8,none,2,3,7,2.2518804720893923,1.7556971279106082,0,0.0
none_8,none,2,4,7,2.2406874912309003,1.7668901087690998,0,0.0
none_8,none,2,5,7,2.2695899247185585,1.7379876752814418,0,0.0
none_8,none,2,6,7,2.245224120664395,1.7623534793356057,0,0.0
none_8,none,2,7,7,2.270306519695468,1.7372710803045317,0,0.0
none_8,none,2,8,7,2.219759168209849,1.7878184317901515,0,0.0
none_8,none,2,9,7,2.3061781109303126,1.7013994890696875,0,0.0
none_8,none,2,0,8,2.2685416837778583,1.7390359162221418,0,0.0
none_8,none,2,1,8,2.184250062706373,1.8233275372936286,0,0.0
none_8,none,2,2,8,2.215532520547944,1.7920450794520568,0,0.0
none_8,none,2,3,8,2.2359537034923798,1.771623896507621,0,0.0
none_8,none,2,4,8,2.255084353934998,1.7524932460650025,0,0.0
none_8,none,2,5,8,2.236306136310372,1.7712714636896292,0,0.0
none_8,none,2,6,8,2.245632049172232,1.7619455508277684,0,0.0
none_8,none,2,7,8,2.1987675473947497,1.8088100526052517,0,0.0
none_8,none,2,8,8,2.205885603560493,1.8016919964395077,0,0.0
none_8,none,2,9,8,2.261845986306735,1.7457316136932652,0,0.0
none_8,none,2,0,9,2.35851593776937,1.64906166223063,0,0.0
none_8,none,2,1,9,2.254476437528314,1.7531011624716868,0,0.0
none_8,none,2,2,9,2.258521047200172,1.7490565527998285,0,0.0
none_8,none,2,3,9,2.309637918462592,1.6979396815374075,0,0.0
none_8,none,2,4,9,2.309175929181869,1.6984016708181313,0,0.0
none_8,none,2,5,9,2.3298197133826934,1.6777578866173062,0,0.0
none_8,none,2,6,9,2.2690708244540114,1.7385067755459893,0,0.0
none_8,none,2,7,9,2.2690725766383366,1.738505023361664,0,0.0
none_8,none,2,8,9,2.221157834648398,1.7864197653516025,0,0.0
none_8,none,2,9,9,2.3393989631010457,1.6681786368989535,0,0.0
none_10,none,3,0,0,2.4053594704071206,1.6022181295928783,0,0.0
none_10,none,3,1,0,2.268743435105708,1.7388341648942924,0,0.0
none_10,none,3,2,0,2.3200900999669134,1.6874875000330867,0,0.0
none_10,none,3,3,0,2.279777270518746,1.7278003294812552,0,0.0
none_10,none,3,4,0,2.2892161335944072,1.7183614664055935,0,0.0
none_10,none,3,5,0,2.2795276240320717,1.7280499759679284,0,0.0
none_10,none,3,6,0,2.264539003739404,1.7430385962605963,0,0.0
none_10,none,3,7,0,2.3149357627911065,1.6926418372088936,0,0.0
none_10,none,3,8,0,2.2989325648387093,1.7086450351612907,0,0.0
none_10,none,3,9,0,2.377391626869868,1.630185973130131,0,0.0
none_10,none,3,0,1,2.2480377046820914,1.7595398953179089,0,0.0
none_10,none,3,1,1,2.1815389730410617,1.8260386269589393,0,0.0
none_10,none,3,2,1,2.2175106838402154,1.7900669161597855,0,0.0
none_10,none,3,3,1,2.2296109356381466,1.7779666643618541,0,0.0
none_10,none,3,4,1,2.232330085418527,1.7752475145814743,0,0.0
none_10,none,3,5,1,2.2117081600916233,1.7958694399083774,0,0.0
none_10,none,3,6,1,2.218813953505046,1.7887636464949552,0,0.0
none_10,none,3,7,1,2.234264398004747,1.7733132019952538,0,0.0
none_10,none,3,8,1,2.213809208127603,1.7937683918723977,0,0.0
none_10,none,3,9,1,2.254327938308307,1.7532496616916933,0,0.0
none_10,none,3,0,2,2.2727974336016525,1.7347801663983482,0,0.0
none_10,none,3,1,2,2.222915094334627,1.7846625056653738,0,0.0
none_10,none,3,2,2,2.248004096261442,1.759573503738559,0,0.0
none_10,none,3,3,2,2.2646551880805545,1.7429224119194455,0,0.0
none_10,none,3,4,2,2.230125929727914,1.7774516702720866,0,0.0
none_10,none,3,5,2,2.226141200091871,1.7814363999081295,0,0.0
none_10,none,3,6,2,2.217603999896896,1.7899736001031048,0,0.0
none_10,none,3,7,2,2.252679904767962,1.7548976952320388,0,0.0
none_10,none,3,8,2,2.2087849060291185,1.7987926939708823,0,0.0
none_10,none,3,9,2,2.275876582310491,1.7317010176895096,0,0.0
none_10,none,3,0,3,2.2695871828005503,1.73799041719945,0,0.0
none_10,none,3,1,3,2.211445763258364,1.7961318367416375,0,0.0
none_10,none,3,2,3,2.2296979018893874,1.7778796981106133,0,0.0
none_10,none,3,3,3,2.2370967231942167,1.7704808768057836,0,0.0
none_10,none,3,4,3,2.269843345814669,1.737734254185331,0,0.0
none_10,none,3,5,3,2.2607546586426976,1.7468229413573024,0,0.0
none_10,none,3,6,3,2.2370379435956056,1.7705396564043951,0,0.0
none_10,none,3,7,3,2.2399958048530872,1.767581795146913,0,0.0
none_10,none,3,8,3,2.2363554627912516,1.771222137208749,0,0.0
none_10,none,3,9,3,2.2743299770357983,1.7332476229642015,0,0.0
none_10,none,3,0,4,2.276403548389516,1.731174051610484,0,0.0
none_10,none,3,1,4,2.203673157846484,1.8039044421535169,0,0.0
none_10,none,3,2,4,2.2347558596886676,1.7728217403113338,0,0.0
none_10,none,3,3,4,2.233886164777856,1.7736914352221451,0,0.0
none_10,none,3,4,4,2.2510499488528963,1.7565276511471042,0,0.0
none_10,none,3,5,4,2.224473924182932,1.7831036758170686,0,0.0
none_10,none,3,6,4,2.2409206292930883,1.7666569707069122,0,0.0
none_10,none,3,7,4,2.2385847853655605,1.76899281463444,0,0.0
none_10,none,3,8,4,2.2325545235374054,1.7750230764625952,0,0.0
none_10,none,3,9,4,2.2970681864994322,1.7105094135005683,0,0.0
none_10,none,3,0,5,2.2915595489109917,1.7160180510890086,0,0.0
none_10,none,3,1,5,2.207516867594581,1.8000607324054199,0,0.0
none_10,none,3,2,5,2.2185827540552947,1.788994845944706,0,0.0
none_10,none,3,3,5,2.2607055944058043,1.7468720055941962,0,0.0
none_10,none,3,4,5,2.252135065620333,1.7554425343796671,0,0.0
none_10,none,3,5,5,2.2382651871820123,1.7693124128179878,0,0.0
none_10,none,3,6,5,2.254878677443717,1.7526989225562835,0,0.0
none_10,none,3,7,5,2.2455768035177828,1.7620007964822173,0,0.0
none_10,none,3,8,5,2.214996545183569,1.7925810548164314,0,0.0
none_10,none,3,9,5,2.270716917328622,1.7368606826713784,0,0.0
none_10,none,3,0,6,2.289355753846958,1.7182218461530423,0,0.0
none_10,none,3,1,6,2.210633441619939,1.7969441583800623,0,0.0
none_10,none,3,2,6,2.2499663189109538,1.757611281089047,0,0.0
none_10,none,3,3,6,2.2736112000192503,1.7339663999807504,0,0.0
none_10,none,3,4,6,2.256507813974168,1.7510697860258324,0,0.0
none_10,none,3,5,6,2.2537492514037156,1.7538283485962851,0,0.0
none_10,none,3,6,6,2.2364114216016304,1.7711661783983703,0,0.0
none_10,none,3,7,6,2.2306555980009817,1.7769220019990188,0,0.0
none_10,none,3,8,6,2.204702750672288,1.8028748493277127,0,0.0
none_10,none,3,9,6,2.271132935617879,1.7364446643821216,0,0.0
none_10,none,3,0,7,2.2851516113066443,1.7224259886933562,0,0.0
none_10,none,3,1,7,2.2056590323002623,1.8019185676997387,0,0.0
none_10,none,3,2,7,2.2352214199056304,1.7723561800943706,0,0.0
none_10,none,3,3,7,2.2794995737476675,1.7280780262523325,0,0.0
none_10,none,3,4,7,2.2545653728310096,1.7530122271689912,0,0.0
none_10,none,3,5,7,2.218282060088352,1.7892955399116486,0,0.0
none_10,none,3,6,7,2.2305246489641966,1.7770529510358042,0,0.0
none_10,none,3,7,7,2.244239788054648,1.7633378119453524,0,0.0
none_10,none,3,8,7,2.21655433457777,1.791023265422231,0,0.0
none_10,none,3,9,7,2.270287971848794,1.7372896281512065,0,0.0
none_10,none,3,0,8,2.2490044022440663,1.7585731977559345,0,0.0
none_10,none,3,1,8,2.191364153660996,1.8162134463390052,0,0.0
none_10,none,3,2,8,2.225891554216484,1.7816860457835169,0,0.0
none_10,none,3,3,8,2.2161629558475964,1.7914146441524041,0,0.0
none_10,none,3,4,8,2.201647882589097,1.805929717410904,0,0.0
none_10,none,3,5,8,2.199900125678981,1.8076774743210198,0,0.0
none_10,none,3,6,8,2.199830888688321,1.8077467113116799,0,0.0
none_10,none,3,7,8,2.2262830165474656,1.7812945834525353,0,0.0
none_10,none,3,8,8,2.2178494329438414,1.7897281670561591,0,0.0
none_10,none,3,9,8,2.274586853171002,1.7329907468289982,0,0.0
none_10,none,3,0,9,2.3414990399105884,1.666078560089411,0,0.0
none_10,none,3,1,9,2.240138889114574,1.7674387108854268,0,0.0
none_10,none,3,2,9,2.298466836175955,1.7091107638240457,0,0.0
none_10,none,3,3,9,2.271364883102298,1.7362127168977026,0,0.0
none_10,none,3,4,9,2.2660882819257906,1.7414893180742101,0,0.0
none_10,none,3,5,9,2.270808227146152,1.736769372853848,0,0.0
none_10,none,3,6,9,2.3069032957710722,1.7006743042289278,0,0.0
none_10,none,3,7,9,2.317169628290716,1.6904079717092841,0,0.0
none_10,none,3,8,9,2.280369844250116,1.7272077557498844,0,0.0
none_10,none,3,9,9,2.4229778155855564,1.5845997844144426,0,0.0
none_9,none,3,0,0,2.339829444830905,1.6677481551690954,0,0.0
none_9,none,3,1,0,2.219296599556512,1.788281000443489,0,0.0
none_9,none,3,2,0,2.2500107142567054,1.7575668857432951,0,0.0
none_9,none,3,3,0,2.2667937020973707,1.7407838979026298,0,0.0
none_9,none,3,4,0,2.3042133078446194,1.7033642921553804,0,0.0
none_9,none,3,5,0,2.3341345856995126,1.6734430143004873,0,0.0
none_9,none,3,6,0,2.3066066983065796,1.7009709016934205,0,0.0
none_9,none,3,7,0,2.272843992733545,1.7347336072664552,0,0.0
none_9,none,3,8,0,2.2563110381100286,1.7512665618899719,0,0.0
none_9,none,3,9,0,2.385943822505499,1.6216337774945009,0,0.0
none_9,none,3,0,1,2.2270380230588014,1.7805395769411996,0,0.0
none_9,none,3,1,1,2.1752532769138693,1.832324323086132,0,0.0
none_9,none,3,2,1,2.2095532411145515,1.7980243588854494,0,0.0
none_9,none,3,3,1,2.2378981872855777,1.7696794127144226,0,0.0
none_9,none,3,4,1,2.210052247640095,1.7975253523599062,0,0.0
none_9,none,3,5,1,2.227467418982362,1.7801101810176387,0,0.0
none_9,none,3,6,1,2.2745566760781215,1.7330209239218786,0,0.0
none_9,none,3,7,1,2.231972985754126,1.7756046142458746,0,0.0
none_9,none,3,8,1,2.194060775059757,1.8135168249402438,0,0.0
none_9,none,3,9,1,2.26636520771034,1.7412123922896607,0,0.0
none_9,none,3,0,2,2.265891901346257,1.7416856986537435,0,0.0
none_9,none,3,1,2,2.212319402210241,1.7952581977897601,0,0.0
none_9,none,3,2,2,2.225703111816883,1.7818744881831177,0,0.0
none_9,none,3,3,2,2.2396743435553645,1.767903256444636,0,0.0
none_9,none,3,4,2,2.242335318278649,1.7652422817213511,0,0.0
none_9,none,3,5,2,2.2442070234163687,1.7633705765836316,0,0.0
none_9,none,3,6,2,2.2504482450270995,1.7571293549729015,0,0.0
none_9,none,3,7,2,2.257689552641149,1.749888047358852,0,0.0
none_9,none,3,8,2,2.2311559919252413,1.776421608074759,0,0.0
none_9,none,3,9,2,2.263122478919149,1.7444551210808517,0,0.0
none_9,none,3,0,3,2.3248947672327764,1.6826828327672232,0,0.0
none_9,none,3,1,3,2.234075232259242,1.7735023677407586,0,0.0
none_9,none,3,2,3,2.2316448994464153,1.7759327005535859,0,0.0
none_9,none,3,3,3,2.23839712581548,1.769180474184521,0,0.0
none_9,none,3,4,3,2.236579576749475,1.7709980232505254,0,0.0
none_9,none,3,5,3,2.238816781494172,1.7687608185058281,0,0.0
none_9,none,3,6,3,2.2580804770358403,1.74949712296416,0,0.0
none_9,none,3,7,3,2.23645162205151,1.7711259779484905,0,0.0
none_9,none,3,8,3,2.223395733651063,1.7841818663489375,0,0.0
none_9,none,3,9,3,2.2722983291027057,1.7352792708972942,0,0.0
none_9,none,3,0,4,2.298730244917656,1.7088473550823446,0,0.0
none_9,none,3,1,4,2.235097798706108,1.7724798012938927,0,0.0
none_9,none,3,2,4,2.2209718541694006,1.7866057458306004,0,0.0
none_9,none,3,3,4,2.2209075236512636,1.7866700763487373,0,0.0
none_9,none,3,4,4,2.2377110451862405,1.7698665548137598,0,0.0
none_9,none,3,5,4,2.2366827752830414,1.7708948247169596,0,0.0
none_9,none,3,6,4,2.2116937657623175,1.7958838342376837,0,0.0
none_9,none,3,7,4,2.2249445571596427,1.7826330428403576,0,0.0
none_9,none,3,8,4,2.2118754633889854,1.7957021366110149,0,0.0
none_9,none,3,9,4,2.2927125710517378,1.7148650289482623,0,0.0
none_9,none,3,0,5,2.2997701996442106,1.7078074003557893,0,0.0
none_9,none,3,1,5,2.2217612835984104,1.7858163164015906,0,0.0
none_9,none,3,2,5,2.2526855780667514,1.7548920219332493,0,0.0
none_9,none,3,3,5,2.2470647353516733,1.7605128646483275,0,0.0
none_9,none,3,4,5,2.247180256357504,1.7603973436424967,0,0.0
none_9,none,3,5,5,2.250588171937058,1.7569894280629423,0,0.0
none_9,none,3,6,5,2.2406294836077967,1.7669481163922038,0,0.0
none_9,none,3,7,5,2.2214889429123246,1.7860886570876762,0,0.0
none_9,none,3,8,5,2.2202461551468513,1.7873314448531497,0,0.0
none_9,none,3,9,5,2.272305040370362,1.735272559629639,0,0.0
none_9,none,3,0,6,2.329132641406379,1.6784449585936216,0,0.0
none_9,none,3,1,6,2.215371926258114,1.7922056737418868,0,0.0
none_9,none,3,2,6,2.2406240339297505,1.76695356607025,0,0.0
none_9,none,3,3,6,2.2397935231890957,1.7677840768109045,0,0.0
none_9,none,3,4,6,2.2390148200122493,1.7685627799877515,0,0.0
none_9,none,3,5,6,2.2368732972795433,1.7707043027204574,0,0.0
none_9,none,3,6,6,2.25163073270815,1.7559468672918506,0,0.0
none_9,none,3,7,6,2.243051641391684,1.7645259586083168,0,0.0
none_9,none,3,8,6,2.18884955243695,1.818728047563051,0,0.0
none_9,none,3,9,6,2.2657026711819244,1.7418749288180766,0,0.0
none_9,none,3,0,7,2.2980820315173744,1.7094955684826254,0,0.0
none_9,none,3,1,7,2.225099482645397,1.7824781173546036,0,0.0
none_9,none,3,2,7,2.211939465646875,1.795638134353126,0,0.0
none_9,none,3,3,7,2.221463242687378,1.7861143573126226,0,0.0
none_9,none,3,4,7,2.2494895205297265,1.7580880794702742,0,0.0
none_9,none,3,5,7,2.2429944512718776,1.7645831487281232,0,0.0
none_9,none,3,6,7,2.2348551122344613,1.7727224877655394,0,0.0
none_9,none,3,7,7,2.2249637805659006,1.7826138194341001,0,0.0
none_9,none,3,8,7,2.1895199381583748,1.8180576618416269,0,0.0
none_9,none,3,9,7,2.258503787582379,1.7490738124176215,0,0.0
none_9,none,3,0,8,2.239445515702177,1.7681320842978239,0,0.0
none_9,none,3,1,8,2.211268128114222,1.796309471885779,0,0.0
none_9,none,3,2,8,2.209901427418419,1.7976761725815815,0,0.0
none_9,none,3,3,8,2.2319389035387136,1.775638696461287,0,0.0
none_9,none,3,4,8,2.245162102949691,1.7624154970503094,0,0.0
none_9,none,3,5,8,2.2135467867529446,1.7940308132470564,0,0.0
none_9,none,3,6,8,2.2089285638136404,1.7986490361863603,0,0.0
none_9,none,3,7,8,2.202919272257471,1.8046583277425299,0,0.0
none_9,none,3,8,8,2.1856670756502363,1.821910524349765,0,0.0
none_9,none,3,9,8,2.2448919857686516,1.7626856142313485,0,0.0
none_9,none,3,0,9,2.347927699598823,1.6596499004011762,0,0.0
none_9,none,3,1,9,2.2496640888267656,1.7579135111732345,0,0.0
none_9,none,3,2,9,2.2732125892174575,1.7343650107825428,0,0.0
none_9,none,3,3,9,2.2975692167357065,1.7100083832642938,0,0.0
none_9,none,3,4,9,2.339269171842903,1.6683084281570968,0,0.0
none_9,none,3,5,9,2.2842628833921403,1.7233147166078602,0,0.0
none_9,none,3,6,9,2.2794132202711284,1.728164379728872,0,0.0
none_9,none,3,7,9,2.285936755293101,1.7216408447068998,0,0.0
none_9,none,3,8,9,2.256845741542575,1.7507318584574256,0,0.0
none_9,none,3,9,9,2.3592081696100915,1.648369430389908,0,0.0
none_11,none,3,0,0,2.4110571333504356,1.5965204666495634,0,0.0
none_11,none,3,1,0,2.2525988874828515,1.7549787125171494,0,0.0
none_11,none,3,2,0,2.285171680594764,1.7224059194052357,0,0.0
none_11,none,3,3,0,2.3189367370422675,1.6886408629577323,0,0.0
none_11,none,3,4,0,2.247332308350317,1.7602452916496836,0,0.0
none_11,none,3,5,0,2.2513295626632317,1.7562480373367684,0,0.0
none_11,none,3,6,0,2.27675338203581,1.7308242179641906,0,0.0
none_11,none,3,7,0,2.2945444945906264,1.7130331054093737,0,0.0
none_11,none,3,8,0,2.2740401991623127,1.733537400837688,0,0.0
none_11,none,3,9,0,2.3980587363138715,1.6095188636861275,0,0.0
none_11,none,3,0,1,2.256961643333398,1.7506159566666029,0,0.0
none_11,none,3,1,1,2.2075324416766735,1.8000451583233277,0,0.0
none_11,none,3,2,1,2.205713435719073,1.801864164280928,0,0.0
none_11,none,3,3,1,2.2051494317804425,1.8024281682195582,0,0.0
none_11,none,3,4,1,2.223153726328737,1.7844238736712636,0,0.0
none_11,none,3,5,1,2.207943620923164,1.799633979076837,0,0.0
none_11,none,3,6,1,2.2200241643864387,1.7875534356135625,0,0.0
none_11,none,3,7,1,2.2388145736566254,1.7687630263433756,0,0.0
none_11,none,3,8,1,2.2257933574138877,1.7817842425861132,0,0.0
none_11,none,3,9,1,2.257808457161518,1.7497691428384827,0,0.0
none_11,none,3,0,2,2.302164294413189,1.7054133055868113,0,0.0
none_11,none,3,1,2,2.195991568367297,1.8115860316327037,0,0.0
none_11,none,3,2,2,2.2308640471682804,1.7767135528317204,0,0.0
none_11,none,3,3,2,2.2310698121228856,1.7765077878771152,0,0.0
none_11,none,3,4,2,2.232730076251801,1.7748475237481998,0,0.0
none_11,none,3,5,2,2.2404930233449076,1.7670845766550929,0,0.0
none_11,none,3,6,2,2.2410124161818654,1.7665651838181355,0,0.0
none_11,none,3,7,2,2.252474019166324,1.7551035808336763,0,0.0
none_11,none,3,8,2,2.228485225359001,1.7790923746410001,0,0.0
none_11,none,3,9,2,2.291617508095537,1.7159600919044626,0,0.0
none_11,none,3,0,3,2.253743020186948,1.7538345798130524,0,0.0
none_11,none,3,1,3,2.2107325461677787,1.7968450538322225,0,0.0
none_11,none,3,2,3,2.2434289195793045,1.7641486804206963,0,0.0
none_11,none,3,3,3,2.260818692000929,1.7467589079990717,0,0.0
none_11,none,3,4,3,2.28006340685183,1.7275141931481701,0,0.0
none_11,none,3,5,3,2.253647136692144,1.7539304633078565,0,0.0
none_11,none,3,6,3,2.2741357542673346,1.7334418457326661,0,0.0
none_11,none,3,7,3,2.2436653992548923,1.7639122007451082,0,0.0
none_11,none,3,8,3,2.2099627616422697,1.797614838357731,0,0.0
none_11,none,3,9,3,2.2961913028924106,1.7113862971075895,0,0.0
none_11,none,3,0,4,2.291404919257087,1.7161726807429136,0,0.0
none_11,none,3,1,4,2.1980356299751116,1.80954197002489,0,0.0
none_11,none,3,2,4,2.214808154485943,1.7927694455140581,0,0.0
none_11,none,3,3,4,2.2507937430992984,1.756783856900702,0,0.0
none_11,none,3,4,4,2.2907027355867142,1.7168748644132856,0,0.0
none_11,none,3,5,4,2.264501457136882,1.7430761428631183,0,0.0
none_11,none,3,6,4,2.245912234438594,1.7616653655614065,0,0.0
none_11,none,3,7,4,2.228822014749627,1.778755585250374,0,0.0
none_11,none,3,8,4,2.2298071991884436,1.7777704008115567,0,0.0
none_11,none,3,9,4,2.3157681593524875,1.6918094406475133,0,0.0
none_11,none,3,0,5,2.26237951101232,1.7451980889876801,0,0.0
none_11,none,3,1,5,2.212062280524434,1.7955153194755666,0,0.0
none_11,none,3,2,5,2.2137605771043996,1.7938170228956014,0,0.0
none_11,none,3,3,5,2.2363487761026573,1.7712288238973437,0,0.0
none_11,none,3,4,5,2.2583638578419034,1.7492137421580969,0,0.0
none_11,none,3,5,5,2.2693667654328458,1.738210834567154,0,0.0
none_11,none,3,6,5,2.2581924092534824,1.7493851907465177,0,0.0
none_11,none,3,7,5,2.218069010241942,1.7895085897580594,0,0.0
none_11,none,3,8,5,2.202819859599109,1.8047577404008919,0,0.0
none_11,none,3,9,5,2.2849929490687426,1.7225846509312575,0,0.0
none_11,none,3,0,6,2.247227837670271,1.7603497623297297,0,0.0
none_11,none,3,1,6,2.1953480283364435,1.8122295716635575,0,0.0
none_11,none,3,2,6,2.2235817587511457,1.783995841248855,0,0.0
none_11,none,3,3,6,2.277208788149656,1.7303688118503442,0,0.0
none_11,none,3,4,6,2.243784406736295,1.7637931932637059,0,0.0
none_11,none,3,5,6,2.248585694592909,1.758991905407092,0,0.0
none_11,none,3,6,6,2.2477339316575105,1.7598436683424898,0,0.0
none_11,none,3,7,6,2.244424201595603,1.7631533984043979,0,0.0
none_11,none,3,8,6,2.211163422406421,1.7964141775935805,0,0.0
none_11,none,3,9,6,2.272546669863097,1.735030930136903,0,0.0
none_11,none,3,0,7,2.2417307173546592,1.7658468826453413,0,0.0
none_11,none,3,1,7,2.192024595143976,1.8155530048560247,0,0.0
none_11,none,3,2,7,2.2080663929614976,1.7995112070385033,0,0.0
none_11,none,3,3,7,2.221204768370287,1.7863728316297136,0,0.0
none_11,none,3,4,7,2.239280597179771,1.7682970028202294,0,0.0
none_11,none,3,5,7,2.243902306945967,1.7636752930540331,0,0.0
none_11,none,3,6,7,2.226612778147566,1.7809648218524348,0,0.0
none_11,none,3,7,7,2.2375852129128933,1.7699923870871077,0,0.0
none_11,none,3,8,7,2.20564668009053,1.8019309199094713,0,0.0
none_11,none,3,9,7,2.2526897977108344,1.7548878022891665,0,0.0
none_11,none,3,0,8,2.2353939627956185,1.772183637204382,0,0.0
none_11,none,3,1,8,2.1683646986041683,1.8392129013958327,0,0.0
none_11,none,3,2,8,2.1869715616753824,1.8206060383246185,0,0.0
none_11,none,3,3,8,2.203695818914675,1.8038817810853263,0,0.0
none_11,none,3,4,8,2.204531123077874,1.8030464769221268,0,0.0
none_11,none,3,5,8,2.2185461654249297,1.789031434575071,0,0.0
none_11,none,3,6,8,2.2242561346063177,1.7833214653936826,0,0.0
none_11,none,3,7,8,2.1946651792054097,1.812912420794591,0,0.0
none_11,none,3,8,8,2.184148769310396,1.8234288306896054,0,0.0
none_11,none,3,9,8,2.2221740735010482,1.7854035264989525,0,0.0
none_11,none,3,0,9,2.371140430474021,1.6364371695259785,0,0.0
none_11,none,3,1,9,2.269472806031359,1.7381047939686418,0,0.0
none_11,none,3,2,9,2.319770509645854,1.687807090354146,0,0.0
none_11,none,3,3,9,2.295769131323801,1.711808468676199,0,0.0
none_11,none,3,4,9,2.2711785174832837,1.7363990825167168,0,0.0
none_11,none,3,5,9,2.320384807576512,1.6871927924234873,0,0.0
none_11,none,3,6,9,2.3093825955046614,1.698195004495339,0,0.0
none_11,none,3,7,9,2.303631205309172,1.7039463946908282,0,0.0
none_11,none,3,8,9,2.237554650960803,1.7700229490391979,0,0.0
none_11,none,3,9,9,2.415013674203853,1.5925639257961464,0,0.0
none_8,none,3,0,0,2.3272988000635233,1.680278799936477,0,0.0
none_8,none,3,1,0,2.2354613667339223,1.772116233266079,0,0.0
none_8,none,3,2,0,2.2632537294218698,1.744323870578131,0,0.0
none_8,none,3,3,0,2.2770500315155964,1.730527568484404,0,0.0
none_8,none,3,4,0,2.283650990374307,1.7239266096256933,0,0.0
none_8,none,3,5,0,2.2757298605620013,1.731847739437999,0,0.0
none_8,none,3,6,0,2.279182767588032,1.728394832411969,0,0.0
none_8,none,3,7,0,2.3035573649235452,1.7040202350764548,0,0.0
none_8,none,3,8,0,2.2509602523703047,1.7566173476296953,0,0.0
none_8,none,3,9,0,2.332478316401596,1.6750992835984035,0,0.0
none_8,none,3,0,1,2.2524162233336473,1.7551613766663534,0,0.0
none_8,none,3,1,1,2.191927093471178,1.8156505065288229,0,0.0
none_8,none,3,2,1,2.219987618596377,1.7875899814036238,0,0.0
none_8,none,3,3,1,2.225193040838028,1.782384559161973,0,0.0
none_8,none,3,4,1,2.214178398466063,1.7933992015339382,0,0.0
none_8,none,3,5,1,2.2209325241776527,1.786645075822348,0,0.0
none_8,none,3,6,1,2.2136994415092874,1.7938781584907133,0,0.0
none_8,none,3,7,1,2.213439713712216,1.7941378862877846,0,0.0
none_8,none,3,8,1,2.1873927179325996,1.8201848820674014,0,0.0
none_8,none,3,9,1,2.2255921139065538,1.7819854860934472,0,0.0
none_8,none,3,0,2,2.256295085645413,1.7512825143545874,0,0.0
none_8,none,3,1,2,2.1912320790090707,1.8163455209909298,0,0.0
none_8,none,3,2,2,2.21922175667818,1.7883558433218216,0,0.0
none_8,none,3,3,2,2.2370504154083948,1.770527184591606,0,0.0
none_8,none,3,4,2,2.25672790690032,1.7508496930996804,0,0.0
none_8,none,3,5,2,2.222672351160785,1.7849052488392152,0,0.0
none_8,none,3,6,2,2.218036628195734,1.7895409718042665,0,0.0
none_8,none,3,7,2,2.22744784393428,1.780129756065721,0,0.0
none_8,none,3,8,2,2.2053713051059614,1.8022062948940396,0,0.0
none_8,none,3,9,2,2.254159079254169,1.753418520745832,0,0.0
none_8,none,3,0,3,2.307798662604975,1.6997789373950256,0,0.0
none_8,none,3,1,3,2.226407629531632,1.7811699704683688,0,0.0
none_8,none,3,2,3,2.210236249606455,1.7973413503935458,0,0.0
none_8,none,3,3,3,2.2518198471153115,1.7557577528846893,0,0.0
none_8,none,3,4,3,2.2419033389742093,1.7656742610257914,0,0.0
none_8,none,3,5,3,2.227208794789696,1.7803688052103044,0,0.0
none_8,none,3,6,3,2.2304182087696836,1.7771593912303172,0,0.0
none_8,none,3,7,3,2.218957261202886,1.7886203387971147,0,0.0
none_8,none,3,8,3,2.201297627915666,1.8062799720843348,0,0.0
none_8,none,3,9,3,2.2884165836748585,1.719161016325142,0,0.0
none_8,none,3,0,4,2.326689842566923,1.6808877574330772,0,0.0
none_8,none,3,1,4,2.24895304848453,1.7586245515154708,0,0.0
none_8,none,3,2,4,2.2424087713050227,1.765168828694978,0,0.0
none_8,none,3,3,4,2.228176758779253,1.7794008412207476,0,0.0
none_8,none,3,4,4,2.233387830771827,1.7741897692281736,0,0.0
none_8,none,3,5,4,2.2451436867421486,1.7624339132578515,0,0.0
none_8,none,3,6,4,2.235878566019355,1.771699033980646,0,0.0
none_8,none,3,7,4,2.2275318783929245,1.7800457216070762,0,0.0
none_8,none,3,8,4,2.1988505792685875,1.8087270207314137,0,0.0
none_8,none,3,9,4,2.2847013222688934,1.722876277731107,0,0.0
none_8,none,3,0,5,2.338574503354595,1.6690030966454048,0,0.0
none_8,none,3,1,5,2.22209132413232,1.785486275867681,0,0.0
none_8,none,3,2,5,2.216051956488201,1.7915256435117999,0,0.0
none_8,none,3,3,5,2.234759718800417,1.772817881199584,0,0.0
none_8,none,3,4,5,2.235527532188842,1.7720500678111588,0,0.0
none_8,none,3,5,5,2.221853961551732,1.785723638448269,0,0.0
none_8,none,3,6,5,2.2392063163595064,1.7683712836404943,0,0.0
none_8,none,3,7,5,2.2687112260017464,1.738866373998254,0,0.0
none_8,none,3,8,5,2.2180949314131215,1.7894826685868794,0,0.0
none_8,none,3,9,5,2.298147358100903,1.7094302418990974,0,0.0
none_8,none,3,0,6,2.2985998221186374,1.7089777778813626,0,0.0
none_8,none,3,1,6,2.2184800995536103,1.7890975004463905,0,0.0
none_8,none,3,2,6,2.265516976982883,1.742060623017117,0,0.0
none_8,none,3,3,6,2.232749496577438,1.7748281034225628,0,0.0
none_8,none,3,4,6,2.2348906833421465,1.7726869166578545,0,0.0
none_8,none,3,5,6,2.232414284339139,1.775163315660862,0,0.0
none_8,none,3,6,6,2.236776914970361,1.7708006850296396,0,0.0
none_8,none,3,7,6,2.229709818322991,1.7778677816770099,0,0.0
none_8,none,3,8,6,2.2231885969110503,1.7843890030889504,0,0.0
none_8,none,3,9,6,2.282870638477691,1.7247069615223092,0,0.0
none_8,none,3,0,7,2.2803236674878975,1.7272539325121026,0,0.0
none_8,none,3,1,7,2.220106918072633,1.787470681927368,0,0.0
none_8,none,3,2,7,2.2563797669988452,1.7511978330011553,0,0.0
none_8,none,3,3,7,2.2217087203375634,1.785868879662437,0,0.0
none_8,none,3,4,7,2.251874941850068,1.7557026581499322,0,0.0
none_8,none,3,5,7,2.233391522278869,1.7741860777211311,0,0.0
none_8,none,3,6,7,2.225148497507663,1.782429102492338,0,0.0
none_8,none,3,7,7,2.2353507092109055,1.772226890789095,0,0.0
none_8,none,3,8,7,2.2193507819638736,1.788226818036127,0,0.0
none_8,none,3,9,7,2.2748256938664855,1.732751906133515,0,0.0
none_8,none,3,0,8,2.2548368201764863,1.7527407798235146,0,0.0
none_8,none,3,1,8,2.1841142222600958,1.8234633777399056,0,0.0
none_8,none,3,2,8,2.2156762861841672,1.7919013138158337,0,0.0
none_8,none,3,3,8,2.213179429111931,1.7943981708880696,0,0.0
none_8,none,3,4,8,2.214891626930247,1.7926859730697537,0,0.0
none_8,none,3,5,8,2.221309995425397,1.786267604574604,0,0.0
none_8,none,3,6,8,2.216195167144748,1.7913824328552526,0,0.0
none_8,none,3,7,8,2.239453447393116,1.768124152606885,0,0.0
none_8,none,3,8,8,2.183246199495319,1.8243314005046822,0,0.0
none_8,none,3,9,8,2.261183957002438,1.7463936429975624,0,0.0
none_8,none,3,0,9,2.373893925322381,1.6336836746776175,0,0.0
none_8,none,3,1,9,2.2329685607656193,1.7746090392343816,0,0.0
none_8,none,3,2,9,2.276855385948208,1.730722214051793,0,0.0
none_8,none,3,3,9,2.2562107977125847,1.7513668022874158,0,0.0
none_8,none,3,4,9,2.2813550564655873,1.7262225435344132,0,0.0
none_8,none,3,5,9,2.278625170773482,1.7289524292265182,0,0.0
none_8,none,3,6,9,2.2759038386992145,1.731673761300786,0,0.0
none_8,none,3,7,9,2.2762739551246756,1.7313036448753247,0,0.0
none_8,none,3,8,9,2.257652454162278,1.7499251458377225,0,0.0
none_8,none,3,9,9,2.373370783663534,1.634206816336466,0,0.0
none_12,none,1,0,0,2.4528400200500093,1.554737579949989,0,0.0
none_12,none,1,1,0,2.302683990892074,1.704893609107926,0,0.0
none_12,none,1,2,0,2.311613556444611,1.6959640435553889,0,0.0
none_12,none,1,3,0,2.3090091611717036,1.6985684388282964,0,0.0
none_12,none,1,4,0,2.292212410677875,1.7153651893221251,0,0.0
none_12,none,1,5,0,2.2890102794900877,1.7185673205099128,0,0.0
none_12,none,1,6,0,2.294684786926553,1.712892813073447,0,0.0
none_12,none,1,7,0,2.2937559707634607,1.71382162923654,0,0.0
none_12,none,1,8,0,2.239454648814307,1.7681229511856942,0,0.0
none_12,none,1,9,0,2.4143869412400285,1.5931906587599713,0,0.0
none_12,none,1,0,1,2.263209157423635,1.744368442576366,0,0.0
none_12,none,1,1,1,2.2215988133791833,1.7859787866208174,0,0.0
none_12,none,1,2,1,2.236092326215784,1.7714852737842168,0,0.0
none_12,none,1,3,1,2.206362685729036,1.8012149142709653,0,0.0
none_12,none,1,4,1,2.191979184803044,1.8155984151969573,0,0.0
none_12,none,1,5,1,2.1992985737359443,1.808279026264057,0,0.0
none_12,none,1,6,1,2.2198498627381142,1.7877277372618867,0,0.0
none_12,none,1,7,1,2.2055275428901173,1.8020500571098834,0,0.0
none_12,none,1,8,1,2.193630502845253,1.813947097154748,0,0.0
none_12,none,1,9,1,2.246536588984853,1.7610410110151475,0,0.0
none_12,none,1,0,2,2.29118650448361,1.71639109551639,0,0.0
none_12,none,1,1,2,2.216048062771693,1.7915295372283075,0,0.0
none_12,none,1,2,2,2.232313514880374,1.7752640851196264,0,0.0
none_12,none,1,3,2,2.2318275995004364,1.7757500004995643,0,0.0
none_12,none,1,4,2,2.231733381116414,1.7758442188835863,0,0.0
none_12,none,1,5,2,2.248558657727114,1.7590189422728864,0,0.0
none_12,none,1,6,2,2.229401154373452,1.7781764456265488,0,0.0
none_12,none,1,7,2,2.248210913259799,1.759366686740201,0,0.0
none_12,none,1,8,2,2.217213700070998,1.7903638999290028,0,0.0
none_12,none,1,9,2,2.2824348222848356,1.7251427777151644,0,0.0
none_12,none,1,0,3,2.3072791401390735,1.7002984598609268,0,0.0
none_12,none,1,1,3,2.199367525231757,1.8082100747682444,0,0.0
none_12,none,1,2,3,2.231256036652667,1.7763215633473337,0,0.0
none_12,none,1,3,3,2.2532059117967713,1.7543716882032292,0,0.0
none_12,none,1,4,3,2.2336661281922354,1.7739114718077653,0,0.0
none_12,none,1,5,3,2.2694786318208466,1.7380989681791539,0,0.0
none_12,none,1,6,3,2.240347682920928,1.7672299170790726,0,0.0
none_12,none,1,7,3,2.2092557628748275,1.7983218371251732,0,0.0
none_12,none,1,8,3,2.1990707595638295,1.8085068404361715,0,0.0
none_12,none,1,9,3,2.288271610128922,1.7193059898710783,0,0.0
none_12,none,1,0,4,2.2720280350741042,1.735549564925896,0,0.0
none_12,none,1,1,4,2.237743062776278,1.7698345372237227,0,0.0
none_12,none,1,2,4,2.2383207586387206,1.76925684136128,0,0.0
none_12,none,1,3,4,2.241052122120546,1.7665254778794546,0,0.0
none_12,none,1,4,4,2.2597516519911762,1.747825948008824,0,0.0
none_12,none,1,5,4,2.250663321087698,1.7569142789123025,0,0.0
none_12,none,1,6,4,2.257665531223287,1.7499120687767136,0,0.0
none_12,none,1,7,4,2.2317147999000766,1.7758628000999235,0,0.0
none_12,none,1,8,4,2.2073411669058998,1.8002364330941012,0,0.0
none_12,none,1,9,4,2.2467032307734915,1.7608743692265088,0,0.0
none_12,none,1,0,5,2.276515456369651,1.7310621436303493,0,0.0
none_12,none,1,1,5,2.194777552600343,1.812800047399658,0,0.0
none_12,none,1,2,5,2.2438585978700756,1.7637190021299247,0,0.0
none_12,none,1,3,5,2.239720465349907,1.7678571346500933,0,0.0
none_12,none,1,4,5,2.2339482002426605,1.7736293997573398,0,0.0
none_12,none,1,5,5,2.2626219484362804,1.7449556515637201,0,0.0
none_12,none,1,6,5,2.2535390787500846,1.754038521249916,0,0.0
none_12,none,1,7,5,2.2281315993864075,1.7794460006135935,0,0.0
none_12,none,1,8,5,2.192790207649988,1.8147873923500135,0,0.0
none_12,none,1,9,5,2.266030697893109,1.7415469021068917,0,0.0
none_12,none,1,0,6,2.2807897083147814,1.7267878916852193,0,0.0
none_12,none,1,1,6,2.213907666343636,1.7936699336563646,0,0.0
none_12,none,1,2,6,2.2634857157835424,1.744091884216458,0,0.0
none_12,none,1,3,6,2.2261042017571713,1.781473398242829,0,0.0
none_12,none,1,4,6,2.237306149739725,1.7702714502602754,0,0.0
none_12,none,1,5,6,2.2895984340960207,1.7179791659039791,0,0.0
none_12,none,1,6,6,2.2576352368940342,1.7499423631059663,0,0.0
none_12,none,1,7,6,2.257282734169519,1.7502948658304813,0,0.0
none_12,none,1,8,6,2.2268451812771923,1.7807324187228082,0,0.0
none_12,none,1,9,6,2.279282821285597,1.7282947787144038,0,0.0
none_12,none,1,0,7,2.2860310099411203,1.72154659005888,0,0.0
none_12,none,1,1,7,2.231696044212016,1.7758815557879846,0,0.0
none_12,none,1,2,7,2.2379245371264287,1.7696530628735718,0,0.0
none_12,none,1,3,7,2.2419706632239214,1.7656069367760794,0,0.0
none_12,none,1,4,7,2.242473683451941,1.765103916548059,0,0.0
none_12,none,1,5,7,2.232359192504701,1.7752184074953,0,0.0
none_12,none,1,6,7,2.248295759059042,1.7592818409409585,0,0.0
none_12,none,1,7,7,2.2277200920206504,1.77985750797935,0,0.0
none_12,none,1,8,7,2.198469863846011,1.8091077361539902,0,0.0
none_12,none,1,9,7,2.2395759942582383,1.7680016057417625,0,0.0
none_12,none,1,0,8,2.257708125409965,1.7498694745900358,0,0.0
none_12,none,1,1,8,2.189957564003482,1.8176200359965191,0,0.0
none_12,none,1,2,8,2.224058855007156,1.783518744992845,0,0.0
none_12,none,1,3,8,2.2451482321377916,1.7624293678622092,0,0.0
none_12,none,1,4,8,2.2101382308513013,1.7974393691486996,0,0.0
none_12,none,1,5,8,2.211493823643971,1.7960837763560293,0,0.0
none_12,none,1,6,8,2.2021347328491543,1.8054428671508465,0,0.0
none_12,none,1,7,8,2.2107072044923965,1.796870395507604,0,0.0
none_12,none,1,8,8,2.168431280754563,1.8391463192454378,0,0.0
none_12,none,1,9,8,2.222365814890476,1.785211785109525,0,0.0
none_12,none,1,0,9,2.383908976975611,1.6236686230243893,0,0.0
none_12,none,1,1,9,2.252171967032646,1.7554056329673544,0,0.0
none_12,none,1,2,9,2.272748593696964,1.7348290063030363,0,0.0
none_12,none,1,3,9,2.290622543214729,1.7169550567852714,0,0.0
none_12,none,1,4,9,2.2990955994307125,1.7084820005692882,0,0.0
none_12,none,1,5,9,2.2641977080779485,1.7433798919220516,0,0.0
none_12,none,1,6,9,2.2567301704620557,1.750847429537945,0,0.0
none_12,none,1,7,9,2.2565400847859856,1.7510375152140147,0,0.0
none_12,none,1,8,9,2.253444724512889,1.754132875487111,0,0.0
none_12,none,1,9,9,2.335609099932765,1.6719685000672342,0,0.0
none_14,none,1,0,0,2.3282797224355734,1.6792978775644265,0,0.0
none_14,none,1,1,0,2.2245154370269704,1.7830621629730306,0,0.0
none_14,none,1,2,0,2.2556843342519164,1.751893265748084,0,0.0
none_14,none,1,3,0,2.2815930013030905,1.7259845986969098,0,0.0
none_14,none,1,4,0,2.275931623233356,1.7316459767666441,0,0.0
none_14,none,1,5,0,2.25956793054874,1.7480096694512608,0,0.0
none_14,none,1,6,0,2.2632111902084406,1.7443664097915599,0,0.0
none_14,none,1,7,0,2.263783753308839,1.7437938466911609,0,0.0
none_14,none,1,8,0,2.2450239322920678,1.7625536677079328,0,0.0
none_14,none,1,9,0,2.3542176070831053,1.6533599929168947,0,0.0
none_14,none,1,0,1,2.2348641842926633,1.7727134157073376,0,0.0
none_14,none,1,1,1,2.167573957490209,1.8400036425097923,0,0.0
none_14,none,1,2,1,2.209970918770662,1.7976066812293388,0,0.0
none_14,none,1,3,1,2.2195868420580402,1.7879907579419605,0,0.0
none_14,none,1,4,1,2.2028716399129364,1.8047059600870643,0,0.0
none_14,none,1,5,1,2.215108329285673,1.792469270714328,0,0.0
none_14,none,1,6,1,2.2069817281271225,1.8005958718728783,0,0.0
none_14,none,1,7,1,2.2085575345301938,1.7990200654698072,0,0.0
none_14,none,1,8,1,2.1910633835359934,1.8165142164640082,0,0.0
none_14,none,1,9,1,2.2509564001626954,1.7566211998373051,0,0.0
none_14,none,1,0,2,2.272123593408175,1.7354540065918251,0,0.0
none_14,none,1,1,2,2.2077961922790728,1.7997814077209282,0,0.0
none_14,none,1,2,2,2.251315584871045,1.7562620151289556,0,0.0
none_14,none,1,3,2,2.2366378422112145,1.770939757788786,0,0.0
none_14,none,1,4,2,2.2261884205059275,1.7813891794940733,0,0.0
none_14,none,1,5,2,2.2233507262682575,1.7842268737317428,0,0.0
none_14,none,1,6,2,2.233348870726903,1.774228729273098,0,0.0
none_14,none,1,7,2,2.244779677156216,1.7627979228437847,0,0.0
none_14,none,1,8,2,2.2352904580165442,1.7722871419834567,0,0.0
none_14,none,1,9,2,2.3456865793277557,1.6618910206722444,0,0.0
none_14,none,1,0,3,2.327948418806416,1.6796291811935842,0,0.0
none_14,none,1,1,3,2.253951497855868,1.753626102144133,0,0.0
none_14,none,1,2,3,2.2558646783487477,1.7517129216512526,0,0.0
none_14,none,1,3,3,2.2674901284823417,1.7400874715176589,0,0.0
none_14,none,1,4,3,2.231450776949281,1.7761268230507197,0,0.0
none_14,none,1,5,3,2.2221410878278456,1.7854365121721554,0,0.0
none_14,none,1,6,3,2.2273888411694314,1.7801887588305692,0,0.0
none_14,none,1,7,3,2.2173518081260757,1.790225791873925,0,0.0
none_14,none,1,8,3,2.254245449552788,1.7533321504472128,0,0.0
none_14,none,1,9,3,2.305948872854389,1.701628727145611,0,0.0
none_14,none,1,0,4,2.3402469177653873,1.667330682234613,0,0.0
none_14,none,1,1,4,2.2569425657782385,1.7506350342217623,0,0.0
none_14,none,1,2,4,2.2771574578718403,1.7304201421281602,0,0.0
none_14,none,1,3,4,2.2497745098738484,1.7578030901261523,0,0.0
none_14,none,1,4,4,2.229266767956036,1.7783108320439647,0,0.0
none_14,none,1,5,4,2.210987099761922,1.796590500238079,0,0.0
none_14,none,1,6,4,2.2271188936745245,1.7804587063254766,0,0.0
none_14,none,1,7,4,2.2155463408924247,1.7920312591075758,0,0.0
none_14,none,1,8,4,2.2071119511589297,1.800465648841071,0,0.0
none_14,none,1,9,4,2.3087983113354915,1.6987792886645086,0,0.0
none_14,none,1,0,5,2.3245717616347847,1.6830058383652153,0,0.0
none_14,none,1,1,5,2.2362688076874373,1.7713087923125634,0,0.0
none_14,none,1,2,5,2.246837518041067,1.7607400819589338,0,0.0
none_14,none,1,3,5,2.2334482883361844,1.7741293116638164,0,0.0
none_14,none,1,4,5,2.21361020795536,1.7939673920446406,0,0.0
none_14,none,1,5,5,2.224439956134876,1.7831376438651247,0,0.0
none_14,none,1,6,5,2.227574467371812,1.7800031326281889,0,0.0
none_14,none,1,7,5,2.23182094484992,1.7757566551500807,0,0.0
none_14,none,1,8,5,2.199611474863131,1.8079661251368702,0,0.0
none_14,none,1,9,5,2.2900113652214955,1.7175662347785041,0,0.0
none_14,none,1,0,6,2.2513782173443215,1.756199382655679,0,0.0
none_14,none,1,1,6,2.216567843560029,1.7910097564399718,0,0.0
none_14,none,1,2,6,2.269920832431244,1.7376567675687562,0,0.0
none_14,none,1,3,6,2.2472633660551904,1.7603142339448103,0,0.0
none_14,none,1,4,6,2.229108270911287,1.778469329088714,0,0.0
none_14,none,1,5,6,2.222436036872938,1.7851415631270628,0,0.0
none_14,none,1,6,6,2.253844433478035,1.753733166521965,0,0.0
none_14,none,1,7,6,2.2171111642699834,1.7904664357300173,0,0.0
none_14,none,1,8,6,2.2078641258249205,1.79971347417508,0,0.0
none_14,none,1,9,6,2.2495659746104586,1.7580116253895424,0,0.0
none_14,none,1,0,7,2.235404038517278,1.7721735614827228,0,0.0
none_14,none,1,1,7,2.1947755912724554,1.812802008727546,0,0.0
none_14,none,1,2,7,2.2266165560155025,1.7809610439844983,0,0.0
none_14,none,1,3,7,2.2512296742032034,1.7563479257967973,0,0.0
none_14,none,1,4,7,2.2537454857790356,1.7538321142209652,0,0.0
none_14,none,1,5,7,2.2309142553814163,1.7766633446185838,0,0.0
none_14,none,1,6,7,2.2473613929991543,1.7602162070008465,0,0.0
none_14,none,1,7,7,2.224453305344837,1.7831242946551638,0,0.0
none_14,none,1,8,7,2.2219699917028013,1.7856076082971997,0,0.0
none_14,none,1,9,7,2.2637453769295726,1.7438322230704275,0,0.0
none_14,none,1,0,8,2.23291964437351,1.7746579556264908,0,0.0
none_14,none,1,1,8,2.1996706224925795,1.8079069775074212,0,0.0
none_14,none,1,2,8,2.2192698162257742,1.7883077837742263,0,0.0
none_14,none,1,3,8,2.241303669112132,1.7662739308878685,0,0.0
none_14,none,1,4,8,2.2514385779111583,1.7561390220888424,0,0.0
none_14,none,1,5,8,2.2299180982058933,1.7776595017941077,0,0.0
none_14,none,1,6,8,2.2068280830880505,1.800749516911951,0,0.0
none_14,none,1,7,8,2.1963618450465106,1.8112157549534902,0,0.0
none_14,none,1,8,8,2.1880291300937627,1.8195484699062383,0,0.0
none_14,none,1,9,8,2.2542466273888344,1.7533309726111663,0,0.0
none_14,none,1,0,9,2.365349431754055,1.6422281682459443,0,0.0
none_14,none,1,1,9,2.277645233673087,1.7299323663269135,0,0.0
none_14,none,1,2,9,2.2990263475463326,1.7085512524536677,0,0.0
none_14,none,1,3,9,2.3297855863457815,1.677792013654219,0,0.0
none_14,none,1,4,9,2.3399101649096212,1.6676674350903786,0,0.0
none_14,none,1,5,9,2.2713250049225997,1.7362525950774006,0,0.0
none_14,none,1,6,9,2.267738025395289,1.7398395746047115,0,0.0
none_14,none,1,7,9,2.259103809528446,1.7484737904715544,0,0.0
none_14,none,1,8,9,2.2124456847131855,1.7951319152868155,0,0.0
none_14,none,1,9,9,2.342663513388453,1.664914086611547,0,0.0
none_13,none,1,0,0,2.384320266917942,1.6232573330820583,0,0.0
none_13,none,1,1,0,2.2604675723159104,1.74711002768409,0,0.0
none_13,none,1,2,0,2.2951197438668807,1.7124578561331192,0,0.0
none_13,none,1,3,0,2.3101310181394026,1.6974465818605973,0,0.0
none_13,none,1,4,0,2.2650874793897784,1.7424901206102217,0,0.0
none_13,none,1,5,0,2.292264421463981,1.7153131785360196,0,0.0
none_13,none,1,6,0,2.243393098579106,1.7641845014208948,0,0.0
none_13,none,1,7,0,2.2428140461468122,1.764763553853188,0,0.0
none_13,none,1,8,0,2.2550083728242507,1.7525692271757498,0,0.0
none_13,none,1,9,0,2.3587690290870507,1.6488085709129487,0,0.0
none_13,none,1,0,1,2.276205833269056,1.7313717667309447,0,0.0
none_13,none,1,1,1,2.1991489816430976,1.8084286183569032,0,0.0
none_13,none,1,2,1,2.2036255081539737,1.8039520918460275,0,0.0
none_13,none,1,3,1,2.2198929219601915,1.7876846780398092,0,0.0
none_13,none,1,4,1,2.237928470206394,1.7696491297936066,0,0.0
none_13,none,1,5,1,2.2045314807785563,1.8030461192214446,0,0.0
none_13,none,1,6,1,2.196800454437863,1.8107771455621384,0,0.0
none_13,none,1,7,1,2.20740639289359,1.800171207106411,0,0.0
none_13,none,1,8,1,2.1778846964972183,1.8296929035027827,0,0.0
none_13,none,1,9,1,2.2770876867459755,1.7304899132540248,0,0.0
none_13,none,1,0,2,2.2891364863870325,1.7184411136129678,0,0.0
none_13,none,1,1,2,2.2160196255878706,1.7915579744121306,0,0.0
none_13,none,1,2,2,2.2266213782519153,1.7809562217480852,0,0.0
none_13,none,1,3,2,2.2363282799096624,1.7712493200903385,0,0.0
none_13,none,1,4,2,2.214450214026384,1.7931273859736172,0,0.0
none_13,none,1,5,2,2.244065937744016,1.7635116622559843,0,0.0
none_13,none,1,6,2,2.218800532502387,1.788777067497614,0,0.0
none_13,none,1,7,2,2.197840401400347,1.809737198599654,0,0.0
none_13,none,1,8,2,2.2151286058239767,1.7924489941760247,0,0.0
none_13,none,1,9,2,2.2949503709159864,1.7126272290840137,0,0.0
none_13,none,1,0,3,2.297207404487632,1.710370195512368,0,0.0
none_13,none,1,1,3,2.235825571700229,1.7717520282997716,0,0.0
none_13,none,1,2,3,2.2352914006942934,1.7722861993057075,0,0.0
none_13,none,1,3,3,2.2281829103585427,1.7793946896414583,0,0.0
none_13,none,1,4,3,2.2330157106199953,1.774561889380005,0,0.0
none_13,none,1,5,3,2.220764459116697,1.7868131408833037,0,0.0
none_13,none,1,6,3,2.214393076622442,1.7931845233775587,0,0.0
none_13,none,1,7,3,2.233860832118783,1.773716767881218,0,0.0
none_13,none,1,8,3,2.1964644341795,1.811113165820501,0,0.0
none_13,none,1,9,3,2.277623614298708,1.7299539857012927,0,0.0
none_13,none,1,0,4,2.3172336013748667,1.6903439986251334,0,0.0
none_13,none,1,1,4,2.2409192912096043,1.7666583087903962,0,0.0
none_13,none,1,2,4,2.2487967011107104,1.75878089888929,0,0.0
none_13,none,1,3,4,2.243432511609658,1.764145088390342,0,0.0
none_13,none,1,4,4,2.24233525263558,1.7652423473644203,0,0.0
none_13,none,1,5,4,2.2622870227550282,1.7452905772449725,0,0.0
none_13,none,1,6,4,2.237227906273788,1.7703496937262129,0,0.0
none_13,none,1,7,4,2.2515365043287434,1.7560410956712569,0,0.0
none_13,none,1,8,4,2.2062234244648438,1.8013541755351572,0,0.0
none_13,none,1,9,4,2.2770051627657355,1.7305724372342648,0,0.0
none_13,none,1,0,5,2.321139890623639,1.6864377093763607,0,0.0
none_13,none,1,1,5,2.2310093057003737,1.7765682942996273,0,0.0
none_13,none,1,2,5,2.2246618147678165,1.782915785232184,0,0.0
none_13,none,1,3,5,2.249687196955291,1.7578904030447096,0,0.0
none_13,none,1,4,5,2.240975329565485,1.766602270434516,0,0.0
none_13,none,1,5,5,2.2371592447264828,1.7704183552735178,0,0.0
none_13,none,1,6,5,2.251262951544219,1.7563146484557817,0,0.0
none_13,none,1,7,5,2.238752271872226,1.7688253281277744,0,0.0
none_13,none,1,8,5,2.2085191716649213,1.7990584283350797,0,0.0
none_13,none,1,9,5,2.275221458377244,1.7323561416227566,0,0.0
none_13,none,1,0,6,2.3051850404813528,1.7023925595186473,0,0.0
none_13,none,1,1,6,2.245454651536666,1.762122948463334,0,0.0
none_13,none,1,2,6,2.234223801880442,1.7733537981195584,0,0.0
none_13,none,1,3,6,2.2328671373170246,1.7747104626829764,0,0.0
none_13,none,1,4,6,2.2690309285424544,1.7385466714575462,0,0.0
none_13,none,1,5,6,2.2675539167146845,1.7400236832853162,0,0.0
none_13,none,1,6,6,2.233350170437441,1.7742274295625593,0,0.0
none_13,none,1,7,6,2.239896311144368,1.7676812888556324,0,0.0
none_13,none,1,8,6,2.1936290606948545,1.8139485393051464,0,0.0
none_13,none,1,9,6,2.2746667247084247,1.7329108752915752,0,0.0
none_13,none,1,0,7,2.2759708226912063,1.7316067773087944,0,0.0
none_13,none,1,1,7,2.210812486610734,1.7967651133892668,0,0.0
none_13,none,1,2,7,2.211707197184622,1.7958704028153787,0,0.0
none_13,none,1,3,7,2.2748135935210456,1.7327640064789547,0,0.0
none_13,none,1,4,7,2.244615138470551,1.7629624615294492,0,0.0
none_13,none,1,5,7,2.24453428777077,1.7630433122292304,0,0.0
none_13,none,1,6,7,2.2420577098105814,1.7655198901894193,0,0.0
none_13,none,1,7,7,2.2480432481187567,1.7595343518812436,0,0.0
none_13,none,1,8,7,2.2104909108886597,1.7970866891113415,0,0.0
none_13,none,1,9,7,2.3005374669958742,1.7070401330041258,0,0.0
none_13,none,1,0,8,2.2603173014123135,1.7472602985876873,0,0.0
none_13,none,1,1,8,2.1923784325521116,1.8151991674478893,0,0.0
none_13,none,1,2,8,2.2241594535308993,1.7834181464691017,0,0.0
none_13,none,1,3,8,2.2176275971614845,1.789950002838516,0,0.0
none_13,none,1,4,8,2.2097002953469445,1.797877304653057,0,0.0
none_13,none,1,5,8,2.2013942411347878,1.806183358865213,0,0.0
none_13,none,1,6,8,2.204497512228595,1.8030800877714064,0,0.0
none_13,none,1,7,8,2.2122837522373944,1.7952938477626068,0,0.0
none_13,none,1,8,8,2.2236750408765635,1.7839025591234374,0,0.0
none_13,none,1,9,8,2.287607670243574,1.7199699297564264,0,0.0
none_13,none,1,0,9,2.395706858538624,1.6118707414613749,0,0.0
none_13,none,1,1,9,2.280333379072481,1.727244220927519,0,0.0
none_13,none,1,2,9,2.2957903431458755,1.7117872568541246,0,0.0
none_13,none,1,3,9,2.262150121788849,1.7454274782111519,0,0.0
none_13,none,1,4,9,2.2500540182450144,1.7575235817549864,0,0.0
none_13,none,1,5,9,2.2553918027329436,1.752185797267057,0,0.0
none_13,none,1,6,9,2.2860484453103016,1.7215291546896987,0,0.0
none_13,none,1,7,9,2.295351182927997,1.7122264170720036,0,0.0
none_13,none,1,8,9,2.2639755521136222,1.7436020478863785,0,0.0
none_13,none,1,9,9,2.3772948898319735,1.630282710168026,0,0.0
none_12,none,2,0,0,2.422965491652959,1.5846121083470395,0,0.0
none_12,none,2,1,0,2.269303017671089,1.7382745823289114,0,0.0
none_12,none,2,2,0,2.279554496751464,1.728023103248536,0,0.0
none_12,none,2,3,0,2.298390656709655,1.7091869432903455,0,0.0
none_12,none,2,4,0,2.296059208521313,1.7115183914786871,0,0.0
none_12,none,2,5,0,2.291208089723717,1.716369510276283,0,0.0
none_12,none,2,6,0,2.2961490705025973,1.7114285294974025,0,0.0
none_12,none,2,7,0,2.2948741121856298,1.7127034878143703,0,0.0
none_12,none,2,8,0,2.2540749471218318,1.7535026528781688,0,0.0
none_12,none,2,9,0,2.384361933642072,1.6232156663579271,0,0.0
none_12,none,2,0,1,2.289897643979635,1.717679956020366,0,0.0
none_12,none,2,1,1,2.21498811732399,1.792589482676011,0,0.0
none_12,none,2,2,1,2.2240417932773138,1.7835358067226872,0,0.0
none_12,none,2,3,1,2.223950264412749,1.7836273355872516,0,0.0
none_12,none,2,4,1,2.2090381966151464,1.7985394033848547,0,0.0
none_12,none,2,5,1,2.198336830549975,1.809240769450026,0,0.0
none_12,none,2,6,1,2.2204887962363777,1.7870888037636232,0,0.0
none_12,none,2,7,1,2.2388356972088084,1.7687419027911926,0,0.0
none_12,none,2,8,1,2.18668583531251,1.820891764687491,0,0.0
none_12,none,2,9,1,2.22007963885085,1.7874979611491506,0,0.0
none_12,none,2,0,2,2.3118510186224417,1.695726581377559,0,0.0
none_12,none,2,1,2,2.224654462024004,1.7829231379759967,0,0.0
none_12,none,2,2,2,2.239983358968659,1.7675942410313417,0,0.0
none_12,none,2,3,2,2.2572281206702387,1.7503494793297616,0,0.0
none_12,none,2,4,2,2.2363193766607137,1.771258223339287,0,0.0
none_12,none,2,5,2,2.2328187067227923,1.7747588932772087,0,0.0
none_12,none,2,6,2,2.2686326138737796,1.7389449861262207,0,0.0
none_12,none,2,7,2,2.257332267452161,1.7502453325478389,0,0.0
none_12,none,2,8,2,2.1972693915880233,1.8103082084119775,0,0.0
none_12,none,2,9,2,2.252415295389508,1.7551623046104927,0,0.0
none_12,none,2,0,3,2.3305887223327786,1.6769888776672213,0,0.0
none_12,none,2,1,3,2.243345293222974,1.764232306777027,0,0.0
none_12,none,2,2,3,2.2402524117675044,1.7673251882324958,0,0.0
none_12,none,2,3,3,2.256823226025096,1.7507543739749043,0,0.0
none_12,none,2,4,3,2.239664222997043,1.7679133770029578,0,0.0
none_12,none,2,5,3,2.260220694192249,1.7473569058077518,0,0.0
none_12,none,2,6,3,2.2504763237448784,1.7571012762551221,0,0.0
none_12,none,2,7,3,2.243954301476446,1.7636232985235543,0,0.0
none_12,none,2,8,3,2.2258779829313715,1.7816996170686292,0,0.0
none_12,none,2,9,3,2.3005638756002798,1.7070137243997205,0,0.0
none_12,none,2,0,4,2.3136460980545412,1.693931501945459,0,0.0
none_12,none,2,1,4,2.2507410385728743,1.7568365614271262,0,0.0
none_12,none,2,2,4,2.265300527710998,1.7422770722890022,0,0.0
none_12,none,2,3,4,2.2421707588760795,1.7654068411239205,0,0.0
none_12,none,2,4,4,2.262782169286233,1.7447954307137672,0,0.0
none_12,none,2,5,4,2.2614858520677714,1.7460917479322289,0,0.0
none_12,none,2,6,4,2.2300702517196465,1.777507348280354,0,0.0
none_12,none,2,7,4,2.241387533841133,1.7661900661588679,0,0.0
none_12,none,2,8,4,2.2153809089196983,1.7921966910803024,0,0.0
none_12,none,2,9,4,2.2954606236050417,1.7121169763949584,0,0.0
none_12,none,2,0,5,2.334399568343227,1.6731780316567737,0,0.0
none_12,none,2,1,5,2.2427992171890283,1.7647783828109727,0,0.0
none_12,none,2,2,5,2.224070144008251,1.7835074559917499,0,0.0
none_12,none,2,3,5,2.252499734241985,1.7550778657580157,0,0.0
none_12,none,2,4,5,2.259294721176537,1.7482828788234637,0,0.0
none_12,none,2,5,5,2.2242022495121443,1.7833753504878564,0,0.0
none_12,none,2,6,5,2.2587079211434893,1.748869678856511,0,0.0
none_12,none,2,7,5,2.2512919491834285,1.7562856508165718,0,0.0
none_12,none,2,8,5,2.218090806712231,1.7894867932877698,0,0.0
none_12,none,2,9,5,2.3028785922121533,1.7046990077878474,0,0.0
none_12,none,2,0,6,2.273567336769742,1.734010263230258,0,0.0
none_12,none,2,1,6,2.2207887913729425,1.7867888086270582,0,0.0
none_12,none,2,2,6,2.2362439274144745,1.7713336725855258,0,0.0
none_12,none,2,3,6,2.224208942525331,1.7833686574746697,0,0.0
none_12,none,2,4,6,2.2406063805875243,1.7669712194124758,0,0.0
none_12,none,2,5,6,2.2424178018776737,1.7651597981223264,0,0.0
none_12,none,2,6,6,2.2728118039877723,1.734765796012228,0,0.0
none_12,none,2,7,6,2.2357346574179497,1.771842942582051,0,0.0
none_12,none,2,8,6,2.229848388406143,1.777729211593858,0,0.0
none_12,none,2,9,6,2.3230320906676267,1.6845455093323733,0,0.0
none_12,none,2,0,7,2.2892181222562167,1.7183594777437838,0,0.0
none_12,none,2,1,7,2.2208066086359852,1.7867709913640157,0,0.0
none_12,none,2,2,7,2.2288319551446087,1.7787456448553918,0,0.0
none_12,none,2,3,7,2.2313318835049802,1.7762457164950203,0,0.0
none_12,none,2,4,7,2.2522671693292082,1.7553104306707923,0,0.0
none_12,none,2,5,7,2.2713156972757704,1.73626190272423,0,0.0
none_12,none,2,6,7,2.241395628808234,1.7661819711917661,0,0.0
none_12,none,2,7,7,2.2552040361049346,1.7523735638950657,0,0.0
none_12,none,2,8,7,2.226069407156394,1.7815081928436072,0,0.0
none_12,none,2,9,7,2.320333518626323,1.6872440813736769,0,0.0
none_12,none,2,0,8,2.2566779601473783,1.7508996398526222,0,0.0
none_12,none,2,1,8,2.2250147751530496,1.7825628248469512,0,0.0
none_12,none,2,2,8,2.218616113543074,1.7889614864569274,0,0.0
none_12,none,2,3,8,2.215878560378592,1.7916990396214083,0,0.0
none_12,none,2,4,8,2.239052436799289,1.7685251632007117,0,0.0
none_12,none,2,5,8,2.216978800587698,1.790598799412303,0,0.0
none_12,none,2,6,8,2.2147665088060795,1.7928110911939215,0,0.0
none_12,none,2,7,8,2.205839916184586,1.8017376838154144,0,0.0
none_12,none,2,8,8,2.209890247047012,1.7976873529529889,0,0.0
none_12,none,2,9,8,2.2777110228769555,1.729866577123045,0,0.0
none_12,none,2,0,9,2.383640997449621,1.6239366025503787,0,0.0
none_12,none,2,1,9,2.2689640083251095,1.7386135916748913,0,0.0
none_12,none,2,2,9,2.3378390049048474,1.6697385950951529,0,0.0
none_12,none,2,3,9,2.2937853423697145,1.7137922576302855,0,0.0
none_12,none,2,4,9,2.273977200618619,1.7336003993813813,0,0.0
none_12,none,2,5,9,2.30304479391269,1.7045328060873097,0,0.0
none_12,none,2,6,9,2.3074034414406155,1.700174158559385,0,0.0
none_12,none,2,7,9,2.3021367262417285,1.705440873758272,0,0.0
none_12,none,2,8,9,2.2372486134957756,1.7703289865042249,0,0.0
none_12,none,2,9,9,2.380792340208459,1.6267852597915404,0,0.0
none_14,none,2,0,0,2.3819751584579723,1.6256024415420272,0,0.0
none_14,none,2,1,0,2.242623968036963,1.7649536319630375,0,0.0
none_14,none,2,2,0,2.2487232744385333,1.7588543255614675,0,0.0
none_14,none,2,3,0,2.2957534936272315,1.7118241063727686,0,0.0
none_14,none,2,4,0,2.259846249469486,1.7477313505305145,0,0.0
none_14,none,2,5,0,2.28894208765625,1.7186355123437504,0,0.0
none_14,none,2,6,0,2.2665937707699624,1.7409838292300381,0,0.0
none_14,none,2,7,0,2.2757037273567766,1.731873872643224,0,0.0
none_14,none,2,8,0,2.2617101626068195,1.7458674373931815,0,0.0
none_14,none,2,9,0,2.3610378750841003,1.6465397249158988,0,0.0
none_14,none,2,0,1,2.250325338804811,1.7572522611951893,0,0.0
none_14,none,2,1,1,2.205375861057719,1.8022017389422818,0,0.0
none_14,none,2,2,1,2.1996413021260457,1.8079362978739557,0,0.0
none_14,none,2,3,1,2.2128487833166055,1.7947288166833948,0,0.0
none_14,none,2,4,1,2.1955943311607666,1.8119832688392346,0,0.0
none_14,none,2,5,1,2.2013597377298675,1.8062178622701333,0,0.0
none_14,none,2,6,1,2.2127556721874955,1.7948219278125053,0,0.0
none_14,none,2,7,1,2.2238359352032835,1.7837416647967175,0,0.0
none_14,none,2,8,1,2.1872788535625647,1.820298746437437,0,0.0
none_14,none,2,9,1,2.2540195530744214,1.7535580469255792,0,0.0
none_14,none,2,0,2,2.3198569041844688,1.6877206958155306,0,0.0
none_14,none,2,1,2,2.2247358854875996,1.7828417145124014,0,0.0
none_14,none,2,2,2,2.247913428423753,1.759664171576248,0,0.0
none_14,none,2,3,2,2.225176118183435,1.7824014818165659,0,0.0
none_14,none,2,4,2,2.2147919772149174,1.7927856227850836,0,0.0
none_14,none,2,5,2,2.2471084454701535,1.7604691545298468,0,0.0
none_14,none,2,6,2,2.2549926079085525,1.7525849920914478,0,0.0
none_14,none,2,7,2,2.2653013062786385,1.742276293721362,0,0.0
none_14,none,2,8,2,2.232648175935219,1.7749294240647822,0,0.0
none_14,none,2,9,2,2.2714394932745496,1.736138106725451,0,0.0
none_14,none,2,0,3,2.328673336581305,1.678904263418695,0,0.0
none_14,none,2,1,3,2.2112057326338785,1.796371867366122,0,0.0
none_14,none,2,2,3,2.2335149982607576,1.7740626017392433,0,0.0
none_14,none,2,3,3,2.2564663284175888,1.7511112715824115,0,0.0
none_14,none,2,4,3,2.2515374856726447,1.756040114327356,0,0.0
none_14,none,2,5,3,2.2297203316395375,1.7778572683604628,0,0.0
none_14,none,2,6,3,2.2733785352400813,1.734199064759919,0,0.0
none_14,none,2,7,3,2.273507039108734,1.734070560891266,0,0.0
none_14,none,2,8,3,2.2392578354722605,1.7683197645277404,0,0.0
none_14,none,2,9,3,2.300953563745015,1.7066240362549852,0,0.0
none_14,none,2,0,4,2.2768226922428227,1.7307549077571778,0,0.0
none_14,none,2,1,4,2.195238061596842,1.812339538403159,0,0.0
none_14,none,2,2,4,2.2504700675759173,1.7571075324240837,0,0.0
none_14,none,2,3,4,2.241936860291695,1.7656407397083052,0,0.0
none_14,none,2,4,4,2.22452545833862,1.783052141661381,0,0.0
none_14,none,2,5,4,2.2462700053404148,1.761307594659586,0,0.0
none_14,none,2,6,4,2.2664377206560724,1.741139879343928,0,0.0
none_14,none,2,7,4,2.2893949239691076,1.718182676030892,0,0.0
none_14,none,2,8,4,2.2274612714488535,1.7801163285511472,0,0.0
none_14,none,2,9,4,2.280016774920664,1.727560825079336,0,0.0
none_14,none,2,0,5,2.2851208623583097,1.7224567376416906,0,0.0
none_14,none,2,1,5,2.224427142647177,1.7831504573528236,0,0.0
none_14,none,2,2,5,2.235870905855451,1.7717066941445496,0,0.0
none_14,none,2,3,5,2.230923230979029,1.7766543690209713,0,0.0
none_14,none,2,4,5,2.223846280933833,1.7837313190661674,0,0.0
none_14,none,2,5,5,2.2322221809381806,1.7753554190618195,0,0.0
none_14,none,2,6,5,2.261865272480975,1.7457123275190256,0,0.0
none_14,none,2,7,5,2.262469337814815,1.7451082621851854,0,0.0
none_14,none,2,8,5,2.2172869946749136,1.790290605325087,0,0.0
none_14,none,2,9,5,2.2730230160173828,1.734554583982618,0,0.0
none_14,none,2,0,6,2.283494548567898,1.7240830514321024,0,0.0
none_14,none,2,1,6,2.193287535309408,1.8142900646905928,0,0.0
none_14,none,2,2,6,2.232039511642211,1.7755380883577894,0,0.0
none_14,none,2,3,6,2.2279451594083852,1.7796324405916155,0,0.0
none_14,none,2,4,6,2.2236978420017115,1.7838797579982892,0,0.0
none_14,none,2,5,6,2.2397860581521596,1.7677915418478407,0,0.0
none_14,none,2,6,6,2.252013771598693,1.7555638284013078,0,0.0
none_14,none,2,7,6,2.236376220497437,1.7712013795025636,0,0.0
none_14,none,2,8,6,2.216939330595039,1.7906382694049623,0,0.0
none_14,none,2,9,6,2.277713336805243,1.7298642631947574,0,0.0
none_14,none,2,0,7,2.267946842033771,1.739630757966229,0,0.0
none_14,none,2,1,7,2.2299785452128194,1.7775990547871816,0,0.0
none_14,none,2,2,7,2.231947531752995,1.7756300682470056,0,0.0
none_14,none,2,3,7,2.246389820719062,1.761187779280939,0,0.0
none_14,none,2,4,7,2.233253547868422,1.7743240521315786,0,0.0
none_14,none,2,5,7,2.227564067724067,1.7800135322759338,0,0.0
none_14,none,2,6,7,2.231313120840538,1.7762644791594628,0,0.0
none_14,none,2,7,7,2.228461798679033,1.7791158013209678,0,0.0
none_14,none,2,8,7,2.2254147387019323,1.7821628612980687,0,0.0
none_14,none,2,9,7,2.28014738603374,1.72743021396626,0,0.0
none_14,none,2,0,8,2.2351713589064373,1.7724062410935633,0,0.0
none_14,none,2,1,8,2.1782241416796557,1.8293534583203452,0,0.0
none_14,none,2,2,8,2.2023879618947153,1.8051896381052854,0,0.0
none_14,none,2,3,8,2.209636029245573,1.7979415707544284,0,0.0
none_14,none,2,4,8,2.2173732161845883,1.7902043838154125,0,0.0
none_14,none,2,5,8,2.2064473103280497,1.8011302896719508,0,0.0
none_14,none,2,6,8,2.241794595672219,1.765783004327781,0,0.0
none_14,none,2,7,8,2.2359859430212032,1.771591656978797,0,0.0
none_14,none,2,8,8,2.2026936121573586,1.8048839878426426,0,0.0
none_14,none,2,9,8,2.25137617729895,1.7562014227010507,0,0.0
none_14,none,2,0,9,2.345377580156426,1.662200019843574,0,0.0
none_14,none,2,1,9,2.2497328338745706,1.7578447661254304,0,0.0
none_14,none,2,2,9,2.2763060552825802,1.7312715447174203,0,0.0
none_14,none,2,3,9,2.2965211980681746,1.7110564019318257,0,0.0
none_14,none,2,4,9,2.2754689824406724,1.7321086175593283,0,0.0
none_14,none,2,5,9,2.2719015012995554,1.7356760987004456,0,0.0
none_14,none,2,6,9,2.281190525733748,1.7263870742662522,0,0.0
none_14,none,2,7,9,2.2749826469894314,1.7325949530105689,0,0.0
none_14,none,2,8,9,2.247608884948882,1.7599687150511187,0,0.0
none_14,none,2,9,9,2.3638898224396634,1.6436877775603365,0,0.0
none_13,none,2,0,0,2.357941030683232,1.6496365693167685,0,0.0
none_13,none,2,1,0,2.2435597909154885,1.7640178090845122,0,0.0
none_13,none,2,2,0,2.241620302123911,1.7659572978760896,0,0.0
none_13,none,2,3,0,2.2373206526985983,1.7702569473014027,0,0.0
none_13,none,2,4,0,2.2915802057297996,1.7159973942702005,0,0.0
none_13,none,2,5,0,2.261016184736485,1.7465614152635156,0,0.0
none_13,none,2,6,0,2.2527089824065305,1.7548686175934702,0,0.0
none_13,none,2,7,0,2.281840789560282,1.7257368104397182,0,0.0
none_13,none,2,8,0,2.2197839811785403,1.7877936188214607,0,0.0
none_13,none,2,9,0,2.326134717874471,1.6814428821255294,0,0.0
none_13,none,2,0,1,2.2562352822343237,1.7513423177656773,0,0.0
none_13,none,2,1,1,2.1851081492785323,1.8224694507214687,0,0.0
none_13,none,2,2,1,2.18553836430178,1.8220392356982211,0,0.0
none_13,none,2,3,1,2.204236566422479,1.8033410335775222,0,0.0
none_13,none,2,4,1,2.2046649003912275,1.8029126996087734,0,0.0
none_13,none,2,5,1,2.2084072348618227,1.7991703651381787,0,0.0
none_13,none,2,6,1,2.2243270476149095,1.7832505523850908,0,0.0
none_13,none,2,7,1,2.2004395349655224,1.8071380650344788,0,0.0
none_13,none,2,8,1,2.1853873221088533,1.8221902778911474,0,0.0
none_13,none,2,9,1,2.218745139237096,1.7888324607629054,0,0.0
none_13,none,2,0,2,2.2995051613536397,1.7080724386463604,0,0.0
none_13,none,2,1,2,2.217179710660194,1.7903978893398065,0,0.0
none_13,none,2,2,2,2.2215817147857955,1.7859958852142053,0,0.0
none_13,none,2,3,2,2.2443132332268045,1.7632643667731962,0,0.0
none_13,none,2,4,2,2.231466050713795,1.7761115492862058,0,0.0
none_13,none,2,5,2,2.221060915621762,1.7865166843782387,0,0.0
none_13,none,2,6,2,2.2362105783539215,1.7713670216460793,0,0.0
none_13,none,2,7,2,2.2486066604052524,1.7589709395947486,0,0.0
none_13,none,2,8,2,2.2224460886240944,1.7851315113759063,0,0.0
none_13,none,2,9,2,2.266294065038408,1.7412835349615927,0,0.0
none_13,none,2,0,3,2.320531311275611,1.6870462887243889,0,0.0
none_13,none,2,1,3,2.2105307013715056,1.797046898628495,0,0.0
none_13,none,2,2,3,2.226216784989952,1.7813608150100484,0,0.0
none_13,none,2,3,3,2.205568368373274,1.8020092316267273,0,0.0
none_13,none,2,4,3,2.249816674234288,1.7577609257657127,0,0.0
none_13,none,2,5,3,2.261090427493381,1.7464871725066196,0,0.0
none_13,none,2,6,3,2.2326536182587895,1.774923981741211,0,0.0
none_13,none,2,7,3,2.2386948247260223,1.768882775273978,0,0.0
none_13,none,2,8,3,2.198859824070312,1.8087177759296886,0,0.0
none_13,none,2,9,3,2.298128833084175,1.709448766915825,0,0.0
none_13,none,2,0,4,2.312939722514827,1.694637877485173,0,0.0
none_13,none,2,1,4,2.2391063930329453,1.7684712069670554,0,0.0
none_13,none,2,2,4,2.2209496877648163,1.7866279122351845,0,0.0
none_13,none,2,3,4,2.2213853167668107,1.7861922832331905,0,0.0
none_13,none,2,4,4,2.2305508788784425,1.777026721121558,0,0.0
none_13,none,2,5,4,2.2610466282773607,1.7465309717226398,0,0.0
none_13,none,2,6,4,2.2486425901412153,1.7589350098587853,0,0.0
none_13,none,2,7,4,2.244128186132594,1.7634494138674064,0,0.0
none_13,none,2,8,4,2.2160137356625182,1.7915638643374825,0,0.0
none_13,none,2,9,4,2.295684750903482,1.7118928490965177,0,0.0
none_13,none,2,0,5,2.3051772533458594,1.7024003466541409,0,0.0
none_13,none,2,1,5,2.217365662076,1.7902119379240007,0,0.0
none_13,none,2,2,5,2.249081657217197,1.7584959427828033,0,0.0
none_13,none,2,3,5,2.2236255106768033,1.7839520893231975,0,0.0
none_13,none,2,4,5,2.250093681735643,1.7574839182643573,0,0.0
none_13,none,2,5,5,2.2375535461046168,1.7700240538953842,0,0.0
none_13,none,2,6,5,2.2431991929367974,1.7643784070632031,0,0.0
none_13,none,2,7,5,2.25384601650034,1.7537315834996603,0,0.0
none_13,none,2,8,5,2.2267597253244045,1.7808178746755963,0,0.0
none_13,none,2,9,5,2.3029992316616354,1.7045783683383646,0,0.0
none_13,none,2,0,6,2.2560032372624823,1.7515743627375184,0,0.0
none_13,none,2,1,6,2.229821690488409,1.7777559095115922,0,0.0
none_13,none,2,2,6,2.231461248835609,1.776116351164392,0,0.0
none_13,none,2,3,6,2.263994667532696,1.7435829324673042,0,0.0
none_13,none,2,4,6,2.2479000059334506,1.7596775940665503,0,0.0
none_13,none,2,5,6,2.2507885431528663,1.7567890568471343,0,0.0
none_13,none,2,6,6,2.2637832586781506,1.74379434132185,0,0.0
none_13,none,2,7,6,2.2632284873360384,1.744349112663962,0,0.0
none_13,none,2,8,6,2.2414668738048635,1.7661107261951372,0,0.0
none_13,none,2,9,6,2.2828646899401828,1.724712910059817,0,0.0
none_13,none,2,0,7,2.2867894003714966,1.720788199628504,0,0.0
none_13,none,2,1,7,2.1900420818902533,1.8175355181097481,0,0.0
none_13,none,2,2,7,2.232372282845792,1.7752053171542088,0,0.0
none_13,none,2,3,7,2.2228192597524363,1.7847583402475644,0,0.0
none_13,none,2,4,7,2.246316664423129,1.7612609355768718,0,0.0
none_13,none,2,5,7,2.2641250246945663,1.7434525753054342,0,0.0
none_13,none,2,6,7,2.2523326168853273,1.7552449831146733,0,0.0
none_13,none,2,7,7,2.219835576367,1.7877420236330008,0,0.0
none_13,none,2,8,7,2.2014709966429455,1.8061066033570554,0,0.0
none_13,none,2,9,7,2.328130817191746,1.679446782808253,0,0.0
none_13,none,2,0,8,2.2312751574895606,1.77630244251044,0,0.0
none_13,none,2,1,8,2.1912911937261077,1.8162864062738933,0,0.0
none_13,none,2,2,8,2.192902327913037,1.8146752720869639,0,0.0
none_13,none,2,3,8,2.2025154450327187,1.8050621549672827,0,0.0
none_13,none,2,4,8,2.20548470265877,1.8020928973412307,0,0.0
none_13,none,2,5,8,2.2070174499867536,1.800560150013247,0,0.0
none_13,none,2,6,8,2.2305784195439275,1.7769991804560734,0,0.0
none_13,none,2,7,8,2.2147991320697993,1.7927784679302015,0,0.0
none_13,none,2,8,8,2.180181980596733,1.8273956194032681,0,0.0
none_13,none,2,9,8,2.2566591935404903,1.7509184064595105,0,0.0
none_13,none,2,0,9,2.3515851597059068,1.6559924402940922,0,0.0
none_13,none,2,1,9,2.251432665776163,1.7561449342238373,0,0.0
none_13,none,2,2,9,2.2772792385497147,1.7302983614502856,0,0.0
none_13,none,2,3,9,2.280954852197809,1.726622747802191,0,0.0
none_13,none,2,4,9,2.276440554616444,1.7311370453835562,0,0.0
none_13,none,2,5,9,2.2790368639786505,1.72854073602135,0,0.0
none_13,none,2,6,9,2.2675880770589276,1.7399895229410731,0,0.0
none_13,none,2,7,9,2.2589378412393426,1.7486397587606584,0,0.0
none_13,none,2,8,9,2.265176613208757,1.7424009867912438,0,0.0
none_13,none,2,9,9,2.3615385862386176,1.646039013761382,0,0.0
none_12,none,3,0,0,2.393442681046156,1.6141349189538425,0,0.0
none_12,none,3,1,0,2.2652120948420134,1.7423655051579872,0,0.0
none_12,none,3,2,0,2.3116861602285073,1.695891439771493,0,0.0
none_12,none,3,3,0,2.2608699985946585,1.7467076014053422,0,0.0
none_12,none,3,4,0,2.2799214890476156,1.727656110952385,0,0.0
none_12,none,3,5,0,2.2936043523481318,1.7139732476518685,0,0.0
none_12,none,3,6,0,2.287930092787174,1.719647507212826,0,0.0
none_12,none,3,7,0,2.2729658449931303,1.73461175500687,0,0.0
none_12,none,3,8,0,2.2663773991836726,1.7412002008163279,0,0.0
none_12,none,3,9,0,2.369052629700278,1.638524970299722,0,0.0
none_12,none,3,0,1,2.256791209703793,1.7507863902962075,0,0.0
none_12,none,3,1,1,2.209397253016839,1.7981803469831619,0,0.0
none_12,none,3,2,1,2.215735207698315,1.791842392301686,0,0.0
none_12,none,3,3,1,2.2439647455608407,1.7636128544391598,0,0.0
none_12,none,3,4,1,2.2115260294228736,1.7960515705771274,0,0.0
none_12,none,3,5,1,2.211981311810123,1.7955962881898786,0,0.0
none_12,none,3,6,1,2.2099901695770647,1.7975874304229364,0,0.0
none_12,none,3,7,1,2.221974118722755,1.7856034812772457,0,0.0
none_12,none,3,8,1,2.2056999453248407,1.8018776546751605,0,0.0
none_12,none,3,9,1,2.2679013505997454,1.7396762494002547,0,0.0
none_12,none,3,0,2,2.2851791838260276,1.7223984161739732,0,0.0
none_12,none,3,1,2,2.2141546514416772,1.7934229485583233,0,0.0
none_12,none,3,2,2,2.241439192970326,1.7661384070296746,0,0.0
none_12,none,3,3,2,2.275817985521668,1.731759614478333,0,0.0
none_12,none,3,4,2,2.2371937771711963,1.7703838228288045,0,0.0
none_12,none,3,5,2,2.231952436040888,1.775625163959113,0,0.0
none_12,none,3,6,2,2.2379261625201456,1.769651437479855,0,0.0
none_12,none,3,7,2,2.2155548364797744,1.7920227635202266,0,0.0
none_12,none,3,8,2,2.2149910690895576,1.792586530910443,0,0.0
none_12,none,3,9,2,2.2504717180275686,1.7571058819724323,0,0.0
none_12,none,3,0,3,2.2652414540491974,1.7423361459508033,0,0.0
none_12,none,3,1,3,2.2246112386463883,1.782966361353613,0,0.0
none_12,none,3,2,3,2.2401051426556524,1.767472457344348,0,0.0
none_12,none,3,3,3,2.250172473560183,1.7574051264398176,0,0.0
none_12,none,3,4,3,2.254587022942838,1.7529905770571628,0,0.0
none_12,none,3,5,3,2.236960557868779,1.770617042131222,0,0.0
none_12,none,3,6,3,2.226423474160007,1.781154125839994,0,0.0
none_12,none,3,7,3,2.2442948235596623,1.763282776440338,0,0.0
none_12,none,3,8,3,2.2363459206873095,1.7712316793126912,0,0.0
none_12,none,3,9,3,2.2927222241773557,1.7148553758226444,0,0.0
none_12,none,3,0,4,2.273959501953211,1.7336180980467897,0,0.0
none_12,none,3,1,4,2.2123186172244034,1.7952589827755976,0,0.0
none_12,none,3,2,4,2.250888787445057,1.7566888125549438,0,0.0
none_12,none,3,3,4,2.268524519289883,1.7390530807101172,0,0.0
none_12,none,3,4,4,2.263490187780847,1.7440874122191536,0,0.0
none_12,none,3,5,4,2.2503904131181423,1.7571871868818583,0,0.0
none_12,none,3,6,4,2.255652654285836,1.7519249457141644,0,0.0
none_12,none,3,7,4,2.2229056078872778,1.784671992112723,0,0.0
none_12,none,3,8,4,2.2216488478259904,1.7859287521740104,0,0.0
none_12,none,3,9,4,2.353325403421666,1.6542521965783334,0,0.0
none_12,none,3,0,5,2.269241265584498,1.7383363344155018,0,0.0
none_12,none,3,1,5,2.2044389999471807,1.8031386000528202,0,0.0
none_12,none,3,2,5,2.254473033633521,1.75310456636648,0,0.0
none_12,none,3,3,5,2.2300680433037887,1.7775095566962122,0,0.0
none_12,none,3,4,5,2.234153068597411,1.77342453140259,0,0.0
none_12,none,3,5,5,2.217144579638902,1.7904330203610985,0,0.0
none_12,none,3,6,5,2.2489065047839323,1.7586710952160678,0,0.0
none_12,none,3,7,5,2.2514349757796364,1.7561426242203642,0,0.0
none_12,none,3,8,5,2.2207308213333894,1.7868467786666116,0,0.0
none_12,none,3,9,5,2.299273424340201,1.7083041756597988,0,0.0
none_12,none,3,0,6,2.307296018654973,1.700281581345026,0,0.0
none_12,none,3,1,6,2.213464952985886,1.794112647014115,0,0.0
none_12,none,3,2,6,2.223770566476818,1.783807033523183,0,0.0
none_12,none,3,3,6,2.2355742676290826,1.7720033323709181,0,0.0
none_12,none,3,4,6,2.2643558773433554,1.7432217226566449,0,0.0
none_12,none,3,5,6,2.2162709134241827,1.7913066865758176,0,0.0
none_12,none,3,6,6,2.2424837996940745,1.7650938003059262,0,0.0
none_12,none,3,7,6,2.229945831349623,1.7776317686503778,0,0.0
none_12,none,3,8,6,2.20217260119787,1.8054049988021306,0,0.0
none_12,none,3,9,6,2.293109216109158,1.7144683838908423,0,0.0
none_12,none,3,0,7,2.285299290497524,1.7222783095024758,0,0.0
none_12,none,3,1,7,2.221013088172698,1.7865645118273026,0,0.0
none_12,none,3,2,7,2.2327455200666093,1.7748320799333914,0,0.0
none_12,none,3,3,7,2.2140414339934065,1.7935361660065945,0,0.0
none_12,none,3,4,7,2.2233436197291025,1.7842339802708984,0,0.0
none_12,none,3,5,7,2.223888244808007,1.783689355191994,0,0.0
none_12,none,3,6,7,2.2377111288129603,1.7698664711870404,0,0.0
none_12,none,3,7,7,2.2138640145604245,1.7937135854395763,0,0.0
none_12,none,3,8,7,2.199371348285051,1.8082062517149495,0,0.0
none_12,none,3,9,7,2.2415006724810094,1.7660769275189916,0,0.0
none_12,none,3,0,8,2.255568691644942,1.752008908355059,0,0.0
none_12,none,3,1,8,2.1964631678188056,1.8111144321811956,0,0.0
none_12,none,3,2,8,2.2055525414918655,1.8020250585081354,0,0.0
none_12,none,3,3,8,2.2057377059017766,1.8018398940982243,0,0.0
none_12,none,3,4,8,2.2103813260930973,1.7971962739069038,0,0.0
none_12,none,3,5,8,2.2385758299626226,1.7690017700373784,0,0.0
none_12,none,3,6,8,2.2086686727114446,1.7989089272885561,0,0.0
none_12,none,3,7,8,2.186224377846901,1.8213532221531004,0,0.0
none_12,none,3,8,8,2.16848618845394,1.839091411546061,0,0.0
none_12,none,3,9,8,2.2376796699315813,1.7698979300684194,0,0.0
none_12,none,3,0,9,2.4014177267981918,1.606159873201808,0,0.0
none_12,none,3,1,9,2.2537846468436324,1.7537929531563676,0,0.0
none_12,none,3,2,9,2.277930940393895,1.7296466596061053,0,0.0
none_12,none,3,3,9,2.286832450206176,1.7207451497938246,0,0.0
none_12,none,3,4,9,2.2798367381055,1.7277408618945,0,0.0
none_12,none,3,5,9,2.2945180648417653,1.7130595351582347,0,0.0
none_12,none,3,6,9,2.2675894385001856,1.7399881614998147,0,0.0
none_12,none,3,7,9,2.2744394551222875,1.7331381448777132,0,0.0
none_12,none,3,8,9,2.2641810699825764,1.7433965300174243,0,0.0
none_12,none,3,9,9,2.3463175820439752,1.6612600179560237,0,0.0
none_14,none,3,0,0,2.4038586334932073,1.6037189665067908,0,0.0
none_14,none,3,1,0,2.2646276268331427,1.742949973166858,0,0.0
none_14,none,3,2,0,2.2976877546936856,1.7098898453063152,0,0.0
none_14,none,3,3,0,2.339750188653412,1.6678274113465883,0,0.0
none_14,none,3,4,0,2.306642837237594,1.700934762762406,0,0.0
none_14,none,3,5,0,2.2971969870303806,1.7103806129696202,0,0.0
none_14,none,3,6,0,2.288563466752237,1.7190141332477629,0,0.0
none_14,none,3,7,0,2.2609240067894194,1.7466535932105811,0,0.0
none_14,none,3,8,0,2.239039044405924,1.7685385555940771,0,0.0
none_14,none,3,9,0,2.3369070792279696,1.6706705207720307,0,0.0
none_14,none,3,0,1,2.3127151511492396,1.6948624488507604,0,0.0
none_14,none,3,1,1,2.207863459776107,1.7997141402238939,0,0.0
none_14,none,3,2,1,2.221630554288186,1.7859470457118147,0,0.0
none_14,none,3,3,1,2.2340872823802083,1.773490317619792,0,0.0
none_14,none,3,4,1,2.2191709803257536,1.7884066196742476,0,0.0
none_14,none,3,5,1,2.220661941519201,1.7869156584807997,0,0.0
none_14,none,3,6,1,2.2149788765179146,1.7925987234820864,0,0.0
none_14,none,3,7,1,2.24379271559494,1.7637848844050603,0,0.0
none_14,none,3,8,1,2.188686731630354,1.8188908683696474,0,0.0
none_14,none,3,9,1,2.226156990359546,1.781420609640455,0,0.0
none_14,none,3,0,2,2.301457799787926,1.7061198002120739,0,0.0
none_14,none,3,1,2,2.2354487925170567,1.772128807482944,0,0.0
none_14,none,3,2,2,2.230362865659081,1.7772147343409201,0,0.0
none_14,none,3,3,2,2.2402646573493503,1.7673129426506504,0,0.0
none_14,none,3,4,2,2.2515956426345314,1.7559819573654694,0,0.0
none_14,none,3,5,2,2.22532705883806,1.7822505411619403,0,0.0
none_14,none,3,6,2,2.262506300384775,1.7450712996152253,0,0.0
none_14,none,3,7,2,2.2252156012867697,1.782361998713231,0,0.0
none_14,none,3,8,2,2.205818508512674,1.8017590914873274,0,0.0
none_14,none,3,9,2,2.2652307010996244,1.7423468989003759,0,0.0
none_14,none,3,0,3,2.2818141655630924,1.7257634344369082,0,0.0
none_14,none,3,1,3,2.2130579404356236,1.794519659564377,0,0.0
none_14,none,3,2,3,2.2236300556715296,1.7839475443284714,0,0.0
none_14,none,3,3,3,2.226644397527713,1.7809332024722884,0,0.0
none_14,none,3,4,3,2.23321691118598,1.7743606888140206,0,0.0
none_14,none,3,5,3,2.2337231690594463,1.7738544309405544,0,0.0
none_14,none,3,6,3,2.2200226019803333,1.7875549980196674,0,0.0
none_14,none,3,7,3,2.214631665877486,1.7929459341225151,0,0.0
none_14,none,3,8,3,2.1958408027256757,1.8117367972743252,0,0.0
none_14,none,3,9,3,2.286944798437292,1.7206328015627086,0,0.0
none_14,none,3,0,4,2.289314070017311,1.7182635299826892,0,0.0
none_14,none,3,1,4,2.2057379802231285,1.8018396197768725,0,0.0
none_14,none,3,2,4,2.2410551768528486,1.7665224231471521,0,0.0
none_14,none,3,3,4,2.236312605781856,1.7712649942181449,0,0.0
none_14,none,3,4,4,2.2515325237862234,1.756045076213777,0,0.0
none_14,none,3,5,4,2.234225335955045,1.7733522640449557,0,0.0
none_14,none,3,6,4,2.2140892071945384,1.7934883928054626,0,0.0
none_14,none,3,7,4,2.1982607254442947,1.809316874555706,0,0.0
none_14,none,3,8,4,2.187926440807363,1.8196511591926379,0,0.0
none_14,none,3,9,4,2.2516234075838013,1.7559541924161997,0,0.0
none_14,none,3,0,5,2.2946387459230784,1.712938854076922,0,0.0
none_14,none,3,1,5,2.2118792635728473,1.795698336427154,0,0.0
none_14,none,3,2,5,2.229064602956207,1.7785129970437938,0,0.0
none_14,none,3,3,5,2.2241492798468543,1.7834283201531467,0,0.0
none_14,none,3,4,5,2.2264821727983533,1.7810954272016477,0,0.0
none_14,none,3,5,5,2.2517291398524715,1.7558484601475288,0,0.0
none_14,none,3,6,5,2.233713243116795,1.7738643568832058,0,0.0
none_14,none,3,7,5,2.2106924717333847,1.7968851282666165,0,0.0
none_14,none,3,8,5,2.1940397329127634,1.813537867087238,0,0.0
none_14,none,3,9,5,2.2774564415123835,1.730121158487617,0,0.0
none_14,none,3,0,6,2.26085807369976,1.7467195263002413,0,0.0
none_14,none,3,1,6,2.22163425084213,1.7859433491578705,0,0.0
none_14,none,3,2,6,2.214598637960471,1.7929789620395291,0,0.0
none_14,none,3,3,6,2.2335194790504698,1.774058120949531,0,0.0
none_14,none,3,4,6,2.222929913751187,1.784647686248814,0,0.0
none_14,none,3,5,6,2.244859991054766,1.7627176089452345,0,0.0
none_14,none,3,6,6,2.247678324094361,1.7598992759056387,0,0.0
none_14,none,3,7,6,2.2582723400941167,1.749305259905884,0,0.0
none_14,none,3,8,6,2.2215177622107123,1.7860598377892887,0,0.0
none_14,none,3,9,6,2.3213394558009717,1.6862381441990288,0,0.0
none_14,none,3,0,7,2.276165854936019,1.7314117450639814,0,0.0
none_14,none,3,1,7,2.199980877567446,1.8075967224325555,0,0.0
none_14,none,3,2,7,2.226373179395502,1.7812044206044986,0,0.0
none_14,none,3,3,7,2.2265870761119304,1.7809905238880697,0,0.0
none_14,none,3,4,7,2.2164674553499957,1.7911101446500053,0,0.0
none_14,none,3,5,7,2.2420051160766703,1.7655724839233302,0,0.0
none_14,none,3,6,7,2.2751213804395376,1.7324562195604631,0,0.0
none_14,none,3,7,7,2.246739041047098,1.7608385589529028,0,0.0
none_14,none,3,8,7,2.1912721869267746,1.8163054130732263,0,0.0
none_14,none,3,9,7,2.281986210859133,1.725591389140867,0,0.0
none_14,none,3,0,8,2.2690386617520555,1.7385389382479453,0,0.0
none_14,none,3,1,8,2.209000873424795,1.7985767265752066,0,0.0
none_14,none,3,2,8,2.2094019900192197,1.798175609980781,0,0.0
none_14,none,3,3,8,2.2487655286648627,1.7588120713351378,0,0.0
none_14,none,3,4,8,2.215049847052921,1.79252775294708,0,0.0
none_14,none,3,5,8,2.234162950357832,1.7734146496421688,0,0.0
none_14,none,3,6,8,2.263807056475668,1.7437705435243325,0,0.0
none_14,none,3,7,8,2.20908345673234,1.7984941432676604,0,0.0
none_14,none,3,8,8,2.181582654586226,1.8259949454137754,0,0.0
none_14,none,3,9,8,2.247124049218109,1.7604535507818917,0,0.0
none_14,none,3,0,9,2.4231850914184205,1.5843925085815787,0,0.0
none_14,none,3,1,9,2.258609719577726,1.7489678804222746,0,0.0
none_14,none,3,2,9,2.3206664225348677,1.6869111774651324,0,0.0
none_14,none,3,3,9,2.320606012671486,1.6869715873285143,0,0.0
none_14,none,3,4,9,2.30494841127125,1.70262918872875,0,0.0
none_14,none,3,5,9,2.3174282087954676,1.6901493912045324,0,0.0
none_14,none,3,6,9,2.306420083357504,1.7011575166424964,0,0.0
none_14,none,3,7,9,2.2912703524500193,1.716307247549981,0,0.0
none_14,none,3,8,9,2.257723097368698,1.7498545026313028,0,0.0
none_14,none,3,9,9,2.396334041174837,1.6112435588251626,0,0.0
none_13,none,3,0,0,2.358580301764603,1.6489972982353964,0,0.0
none_13,none,3,1,0,2.260562869529162,1.7470147304708383,0,0.0
none_13,none,3,2,0,2.299838019072995,1.7077395809270053,0,0.0
none_13,none,3,3,0,2.295600742900573,1.7119768570994274,0,0.0
none_13,none,3,4,0,2.2728245597847474,1.7347530402152536,0,0.0
none_13,none,3,5,0,2.25941649011497,1.748161109885031,0,0.0
none_13,none,3,6,0,2.257901172808531,1.74967642719147,0,0.0
none_13,none,3,7,0,2.2801539049174737,1.7274236950825264,0,0.0
none_13,none,3,8,0,2.27023414324266,1.737343456757341,0,0.0
none_13,none,3,9,0,2.401589950467477,1.6059876495325216,0,0.0
none_13,none,3,0,1,2.2451593784526946,1.762418221547306,0,0.0
none_13,none,3,1,1,2.1895407882911924,1.8180368117088088,0,0.0
none_13,none,3,2,1,2.1965444068961664,1.8110331931038346,0,0.0
none_13,none,3,3,1,2.2141520879028254,1.7934255120971756,0,0.0
none_13,none,3,4,1,2.198654089805415,1.8089235101945857,0,0.0
none_13,none,3,5,1,2.204772564287747,1.8028050357122538,0,0.0
none_13,none,3,6,1,2.192453614474245,1.8151239855257564,0,0.0
none_13,none,3,7,1,2.2255626884640174,1.7820149115359831,0,0.0
none_13,none,3,8,1,2.196783811321761,1.8107937886782401,0,0.0
none_13,none,3,9,1,2.2381915742300063,1.7693860257699945,0,0.0
none_13,none,3,0,2,2.267049893160478,1.740527706839522,0,0.0
none_13,none,3,1,2,2.212717008293022,1.7948605917069793,0,0.0
none_13,none,3,2,2,2.204856169276332,1.8027214307236687,0,0.0
none_13,none,3,3,2,2.2321548694589417,1.775422730541059,0,0.0
none_13,none,3,4,2,2.244252146927142,1.763325453072859,0,0.0
none_13,none,3,5,2,2.231293697365142,1.7762839026348587,0,0.0
none_13,none,3,6,2,2.211789060068316,1.7957885399316846,0,0.0
none_13,none,3,7,2,2.232173748482084,1.7754038515179167,0,0.0
none_13,none,3,8,2,2.250116784358172,1.7574608156418285,0,0.0
none_13,none,3,9,2,2.2489836791723055,1.7585939208276955,0,0.0
none_13,none,3,0,3,2.2886062759085886,1.7189713240914113,0,0.0
none_13,none,3,1,3,2.217068944924829,1.7905086550751719,0,0.0
none_13,none,3,2,3,2.2401395287635357,1.7674380712364643,0,0.0
none_13,none,3,3,3,2.2502785724958265,1.7572990275041744,0,0.0
none_13,none,3,4,3,2.235331016524523,1.7722465834754777,0,0.0
none_13,none,3,5,3,2.208696160074236,1.7988814399257655,0,0.0
none_13,none,3,6,3,2.23886355630983,1.7687140436901707,0,0.0
none_13,none,3,7,3,2.2304997418323858,1.7770778581676145,0,0.0
none_13,none,3,8,3,2.220826240716802,1.7867513592831992,0,0.0
none_13,none,3,9,3,2.2750150724955267,1.7325625275044736,0,0.0
none_13,none,3,0,4,2.2848618046004567,1.7227157953995433,0,0.0
none_13,none,3,1,4,2.203844622699264,1.8037329773007371,0,0.0
none_13,none,3,2,4,2.2619818893609187,1.745595710639082,0,0.0
none_13,none,3,3,4,2.2593029041091346,1.7482746958908661,0,0.0
none_13,none,3,4,4,2.2373991012215124,1.7701784987784879,0,0.0
none_13,none,3,5,4,2.2220198641162496,1.7855577358837513,0,0.0
none_13,none,3,6,4,2.2374106761277934,1.7701669238722075,0,0.0
none_13,none,3,7,4,2.2345275431266156,1.7730500568733851,0,0.0
none_13,none,3,8,4,2.20366309775507,1.803914502244931,0,0.0
none_13,none,3,9,4,2.2811056156858607,1.7264719843141394,0,0.0
none_13,none,3,0,5,2.246890980314386,1.7606866196856146,0,0.0
none_13,none,3,1,5,2.236726899669079,1.770850700330922,0,0.0
none_13,none,3,2,5,2.291698013484359,1.7158795865156409,0,0.0
none_13,none,3,3,5,2.244964819361337,1.7626127806386636,0,0.0
none_13,none,3,4,5,2.220086203288715,1.7874913967112858,0,0.0
none_13,none,3,5,5,2.22970198423906,1.7778756157609406,0,0.0
none_13,none,3,6,5,2.2170833445082465,1.7904942554917542,0,0.0
none_13,none,3,7,5,2.2262751034020223,1.7813024965979787,0,0.0
none_13,none,3,8,5,2.202451971722363,1.8051256282776382,0,0.0
none_13,none,3,9,5,2.2980677818879456,1.7095098181120545,0,0.0
none_13,none,3,0,6,2.2901257106931934,1.717451889306807,0,0.0
none_13,none,3,1,6,2.230028154545039,1.7775494454549619,0,0.0
none_13,none,3,2,6,2.2524426430358933,1.7551349569641077,0,0.0
none_13,none,3,3,6,2.25609008753884,1.7514875124611604,0,0.0
none_13,none,3,4,6,2.2110334207236693,1.7965441792763315,0,0.0
none_13,none,3,5,6,2.2176801683544736,1.789897431645527,0,0.0
none_13,none,3,6,6,2.251894335009981,1.7556832649900194,0,0.0
none_13,none,3,7,6,2.21018818849119,1.7973894115088107,0,0.0
none_13,none,3,8,6,2.1991616398536875,1.8084159601463137,0,0.0
none_13,none,3,9,6,2.3000858186364237,1.707491781363577,0,0.0
none_13,none,3,0,7,2.2592496732386715,1.7483279267613288,0,0.0
none_13,none,3,1,7,2.208044516218082,1.7995330837819186,0,0.0
none_13,none,3,2,7,2.2295406407736778,1.778036959226323,0,0.0
none_13,none,3,3,7,2.2328587022461397,1.7747188977538613,0,0.0
none_13,none,3,4,7,2.2210295934472124,1.7865480065527886,0,0.0
none_13,none,3,5,7,2.2258764891882454,1.7817011108117549,0,0.0
none_13,none,3,6,7,2.2624280495066005,1.7451495504934003,0,0.0
none_13,none,3,7,7,2.241035403215934,1.7665421967840664,0,0.0
none_13,none,3,8,7,2.191767113881157,1.815810486118844,0,0.0
none_13,none,3,9,7,2.298664575272338,1.708913024727662,0,0.0
none_13,none,3,0,8,2.2427001504744486,1.7648774495255524,0,0.0
none_13,none,3,1,8,2.1704449024958588,1.8371326975041427,0,0.0
none_13,none,3,2,8,2.209026810561333,1.798550789438668,0,0.0
none_13,none,3,3,8,2.2225624018384162,1.785015198161585,0,0.0
none_13,none,3,4,8,2.190368603103213,1.8172089968967882,0,0.0
none_13,none,3,5,8,2.206659099306609,1.800918500693392,0,0.0
none_13,none,3,6,8,2.2424560990059983,1.765121500994002,0,0.0
none_13,none,3,7,8,2.2117181340192067,1.7958594659807947,0,0.0
none_13,none,3,8,8,2.1883799183989656,1.8191976816010356,0,0.0
none_13,none,3,9,8,2.2462091431861895,1.7613684568138113,0,0.0
none_13,none,3,0,9,2.3729708519830304,1.6346067480169688,0,0.0
none_13,none,3,1,9,2.256315541490465,1.751262058509535,0,0.0
none_13,none,3,2,9,2.2596882980932675,1.747889301906733,0,0.0
none_13,none,3,3,9,2.2694010337705532,1.7381765662294473,0,0.0
none_13,none,3,4,9,2.2530251664625385,1.7545524335374618,0,0.0
none_13,none,3,5,9,2.274309686071991,1.7332679139280094,0,0.0
none_13,none,3,6,9,2.2844359376196253,1.7231416623803748,0,0.0
none_13,none,3,7,9,2.2608855772111474,1.7466920227888532,0,0.0
none_13,none,3,8,9,2.253674409365363,1.753903190634637,0,0.0
none_13,none,3,9,9,2.3492469297226024,1.6583306702773981,0,0.0
calendar_16,calendar,1,0,0,3.3704635527875473,0.6371140472124536,5,0.1
calendar_16,calendar,1,1,0,3.216571458735313,0.7910061412646888,5,0.1
calendar_16,calendar,1,2,0,3.248930186668263,0.7586474133317371,5,0.1
calendar_16,calendar,1,3,0,3.3026030740769263,0.7049745259230734,5,0.1
calendar_16,calendar,1,4,0,3.287654019424053,0.719923580575947,5,0.1
calendar_16,calendar,1,5,0,3.223087737699654,0.7844898623003451,5,0.1
calendar_16,calendar,1,6,0,3.2531900562876355,0.7543875437123663,5,0.1
calendar_16,calendar,1,7,0,3.248244823747218,0.7593327762527821,5,0.1
calendar_16,calendar,1,8,0,3.1838806927938403,0.8236969072061611,5,0.1
calendar_16,calendar,1,9,0,3.3390058041397404,0.6685717958602595,5,0.1
calendar_16,calendar,1,0,1,3.2388410730654136,0.7687365269345865,5,0.1
calendar_16,calendar,1,1,1,3.005549733938135,1.0020278660618642,5,0.1
calendar_16,calendar,1,2,1,3.0816614252846177,0.9259161747153833,5,0.1
calendar_16,calendar,1,3,1,3.0882569736498238,0.9193206263501766,5,0.1
calendar_16,calendar,1,4,1,3.138539600164035,0.869037999835966,5,0.1
calendar_16,calendar,1,5,1,3.0787217547193184,0.9288558452806812,5,0.1
calendar_16,calendar,1,6,1,3.0791720029204077,0.9284055970795934,5,0.1
calendar_16,calendar,1,7,1,3.0794061122909713,0.9281714877090295,5,0.1
calendar_16,calendar,1,8,1,2.981805277547264,1.0257723224527364,5,0.1
calendar_16,calendar,1,9,1,3.1844272439080625,0.8231503560919363,5,0.1
calendar_16,calendar,1,0,2,3.27383673832216,0.7337408616778406,5,0.1
calendar_16,calendar,1,1,2,3.070354742866765,0.9372228571332367,5,0.1
calendar_16,calendar,1,2,2,3.1427935643423774,0.8647840356576226,5,0.1
calendar_16,calendar,1,3,2,3.150686117783708,0.8568914822162914,5,0.1
calendar_16,calendar,1,4,2,3.1689139193314184,0.8386636806685813,5,0.1
calendar_16,calendar,1,5,2,3.152068796306292,0.8555088036937075,5,0.1
calendar_16,calendar,1,6,2,3.20814327092062,0.799434329079381,5,0.1
calendar_16,calendar,1,7,2,3.1127750561132586,0.8948025438867414,5,0.1
calendar_16,calendar,1,8,2,3.1141338124729554,0.8934437875270453,5,0.1
calendar_16,calendar,1,9,2,3.2195818994724164,0.7879957005275852,5,0.1
calendar_16,calendar,1,0,3,3.2702615202934466,0.7373160797065542,5,0.1
calendar_16,calendar,1,1,3,3.091208167788325,0.9163694322116751,5,0.1
calendar_16,calendar,1,2,3,3.1787559591570886,0.8288216408429125,5,0.1
calendar_16,calendar,1,3,3,3.1604899840479845,0.8470876159520166,5,0.1
calendar_16,calendar,1,4,3,3.1676350791981527,0.839942520801848,5,0.1
calendar_16,calendar,1,5,3,3.194929243570409,0.8126483564295923,5,0.1
calendar_16,calendar,1,6,3,3.171484131140139,0.8360934688598596,5,0.1
calendar_16,calendar,1,7,3,3.1794686762827644,0.8281089237172353,5,0.1
calendar_16,calendar,1,8,3,3.1178499183919626,0.8897276816080374,5,0.1
calendar_16,calendar,1,9,3,3.307386168379509,0.7001914316204902,5,0.1
calendar_16,calendar,1,0,4,3.290338193601639,0.7172394063983619,5,0.1
calendar_16,calendar,1,1,4,3.0560075862813965,0.9515700137186042,5,0.1
calendar_16,calendar,1,2,4,3.173988051572041,0.83358954842796,5,0.1
calendar_16,calendar,1,3,4,3.1815925109993652,0.8259850890006353,5,0.1
calendar_16,calendar,1,4,4,3.167337112461786,0.840240487538214,5,0.1
calendar_16,calendar,1,5,4,3.1473864021369735,0.8601911978630247,5,0.1
calendar_16,calendar,1,6,4,3.1979484316482703,0.8096291683517286,5,0.1
calendar_16,calendar,1,7,4,3.20790047350573,0.7996771264942697,5,0.1
calendar_16,calendar,1,8,4,3.1480718535604297,0.8595057464395712,5,0.1
calendar_16,calendar,1,9,4,3.244686243099995,0.7628913569000045,5,0.1
calendar_16,calendar,1,0,5,3.2706504469516666,0.7369271530483336,5,0.1
calendar_16,calendar,1,1,5,3.0692552154864563,0.9383223845135448,5,0.1
calendar_16,calendar,1,2,5,3.181179080330277,0.8263985196697242,5,0.1
calendar_16,calendar,1,3,5,3.192883206145552,0.8146943938544489,5,0.1
calendar_16,calendar,1,4,5,3.1573049746999344,0.8502726253000656,5,0.1
calendar_16,calendar,1,5,5,3.177464983881618,0.8301126161183808,5,0.1
calendar_16,calendar,1,6,5,3.1914791496284525,0.8160984503715488,5,0.1
calendar_16,calendar,1,7,5,3.1659017931126248,0.8416758068873769,5,0.1
calendar_16,calendar,1,8,5,3.1169702513297213,0.8906073486702802,5,0.1
calendar_16,calendar,1,9,5,3.259925910262749,0.7476516897372503,5,0.1
calendar_16,calendar,1,0,6,3.227191171405402,0.7803864285945977,5,0.1
calendar_16,calendar,1,1,6,3.082511475872729,0.9250661241272715,5,0.1
calendar_16,calendar,1,2,6,3.1853790065303933,0.8221985934696073,5,0.1
calendar_16,calendar,1,3,6,3.1735972062839237,0.8339803937160766,5,0.1
calendar_16,calendar,1,4,6,3.2042936550080565,0.8032839449919438,5,0.1
calendar_16,calendar,1,5,6,3.1615921672616913,0.8459854327383077,5,0.1
calendar_16,calendar,1,6,6,3.267920146345414,0.739657453654585,5,0.1
calendar_16,calendar,1,7,6,3.1443306517983234,0.8632469482016759,5,0.1
calendar_16,calendar,1,8,6,3.1281782027551004,0.8793993972448989,5,0.1
calendar_16,calendar,1,9,6,3.253504897956457,0.7540727020435426,5,0.1
calendar_16,calendar,1,0,7,3.254331373854411,0.7532462261455898,5,0.1
calendar_16,calendar,1,1,7,3.100875434197726,0.9067021658022745,5,0.1
calendar_16,calendar,1,2,7,3.150001080839613,0.8575765191603891,5,0.1
calendar_16,calendar,1,3,7,3.1611983661239544,0.8463792338760469,5,0.1
calendar_16,calendar,1,4,7,3.1550239145593175,0.8525536854406839,5,0.1
calendar_16,calendar,1,5,7,3.160348486616866,0.8472291133831342,5,0.1
calendar_16,calendar,1,6,7,3.1459929620104816,0.8615846379895187,5,0.1
calendar_16,calendar,1,7,7,3.1791306413796696,0.8284469586203312,5,0.1
calendar_16,calendar,1,8,7,3.0659771549197274,0.9416004450802715,5,0.1
calendar_16,calendar,1,9,7,3.2412894978211715,0.7662881021788285,5,0.1
calendar_16,calendar,1,0,8,3.1747210717207173,0.8328565282792835,5,0.1
calendar_16,calendar,1,1,8,2.9898521111899203,1.01772548881008,5,0.1
calendar_16,calendar,1,2,8,3.1024326408149037,0.9051449591850965,5,0.1
calendar_16,calendar,1,3,8,3.0752418244857944,0.9323357755142051,5,0.1
calendar_16,calendar,1,4,8,3.0801281252305728,0.927449474769427,5,0.1
calendar_16,calendar,1,5,8,3.090525435196703,0.917052164803296,5,0.1
calendar_16,calendar,1,6,8,3.0697883066144263,0.9377892933855758,5,0.1
calendar_16,calendar,1,7,8,3.052238808749568,0.9553387912504314,5,0.1
calendar_16,calendar,1,8,8,2.9446913171569826,1.062886282843017,5,0.1
calendar_16,calendar,1,9,8,3.176823807520994,0.8307537924790052,5,0.1
calendar_16,calendar,1,0,9,3.3361531546023473,0.6714244453976532,5,0.1
calendar_16,calendar,1,1,9,3.176671446507052,0.8309061534929474,5,0.1
calendar_16,calendar,1,2,9,3.300324916670995,0.7072526833290054,5,0.1
calendar_16,calendar,1,3,9,3.2257585235174013,0.7818190764825975,5,0.1
calendar_16,calendar,1,4,9,3.2992340970340726,0.7083435029659273,5,0.1
calendar_16,calendar,1,5,9,3.265284635812963,0.7422929641870363,5,0.1
calendar_16,calendar,1,6,9,3.2630458476533026,0.7445317523466973,5,0.1
calendar_16,calendar,1,7,9,3.2697833991891945,0.7377942008108055,5,0.1
calendar_16,calendar,1,8,9,3.209668246907944,0.7979093530920551,5,0.1
calendar_16,calendar,1,9,9,3.364956980241487,0.6426206197585127,5,0.1
calendar_15,calendar,1,0,0,3.390328107606793,0.6172494923932076,5,0.1
calendar_15,calendar,1,1,0,3.2132201240144105,0.7943574759855904,5,0.1
calendar_15,calendar,1,2,0,3.2940337544784075,0.7135438455215924,5,0.1
calendar_15,calendar,1,3,0,3.261109842827532,0.7464677571724679,5,0.1
calendar_15,calendar,1,4,0,3.2717009919281703,0.7358766080718295,5,0.1
calendar_15,calendar,1,5,0,3.259697353623315,0.7478802463766842,5,0.1
calendar_15,calendar,1,6,0,3.2436635758336188,0.7639140241663812,5,0.1
calendar_15,calendar,1,7,0,3.2716330587787383,0.7359445412212628,5,0.1
calendar_15,calendar,1,8,0,3.178188726685547,0.8293888733144535,5,0.1
calendar_15,calendar,1,9,0,3.369625034041967,0.6379525659580335,5,0.1
calendar_15,calendar,1,0,1,3.2121562995625794,0.7954213004374197,5,0.1
calendar_15,calendar,1,1,1,3.017693745155213,0.989883854844788,5,0.1
calendar_15,calendar,1,2,1,3.035792191581441,0.9717854084185595,5,0.1
calendar_15,calendar,1,3,1,3.087567651898796,0.9200099481012047,5,0.1
calendar_15,calendar,1,4,1,3.076290680871491,0.9312869191285094,5,0.1
calendar_15,calendar,1,5,1,3.1402854959177717,0.8672921040822305,5,0.1
calendar_15,calendar,1,6,1,3.083162879225106,0.9244147207748944,5,0.1
calendar_15,calendar,1,7,1,3.0385722003587525,0.9690053996412474,5,0.1
calendar_15,calendar,1,8,1,2.9718742708384065,1.035703329161594,5,0.1
calendar_15,calendar,1,9,1,3.1945841818204683,0.8129934181795311,5,0.1
calendar_15,calendar,1,0,2,3.2473085247777447,0.7602690752222538,5,0.1
calendar_15,calendar,1,1,2,3.055792654514333,0.9517849454856685,5,0.1
calendar_15,calendar,1,2,2,3.1335467862414186,0.8740308137585815,5,0.1
calendar_15,calendar,1,3,2,3.1340444546621895,0.8735331453378105,5,0.1
calendar_15,calendar,1,4,2,3.1757264162135557,0.8318511837864436,5,0.1
calendar_15,calendar,1,5,2,3.13879442447563,0.8687831755243692,5,0.1
calendar_15,calendar,1,6,2,3.149328880407649,0.8582487195923499,5,0.1
calendar_15,calendar,1,7,2,3.1760533641046926,0.8315242358953081,5,0.1
calendar_15,calendar,1,8,2,3.0922291023620456,0.9153484976379542,5,0.1
calendar_15,calendar,1,9,2,3.239419185376201,0.7681584146238002,5,0.1
calendar_15,calendar,1,0,3,3.286784965151269,0.7207926348487322,5,0.1
calendar_15,calendar,1,1,3,3.0513242304215806,0.9562533695784201,5,0.1
calendar_15,calendar,1,2,3,3.1418778773517815,0.8656997226482193,5,0.1
calendar_15,calendar,1,3,3,3.13679256262607,0.8707850373739285,5,0.1
calendar_15,calendar,1,4,3,3.1764080384250923,0.8311695615749095,5,0.1
calendar_15,calendar,1,5,3,3.1705457073427254,0.8370318926572751,5,0.1
calendar_15,calendar,1,6,3,3.187707933475185,0.8198696665248154,5,0.1
calendar_15,calendar,1,7,3,3.139232317747958,0.8683452822520432,5,0.1
calendar_15,calendar,1,8,3,3.105107733510985,0.902469866489015,5,0.1
calendar_15,calendar,1,9,3,3.2765087759816476,0.7310688240183526,5,0.1
calendar_15,calendar,1,0,4,3.2884242528312138,0.7191533471687863,5,0.1
calendar_15,calendar,1,1,4,3.116087512242267,0.891490087757733,5,0.1
calendar_15,calendar,1,2,4,3.1785109450393003,0.8290666549607001,5,0.1
calendar_15,calendar,1,3,4,3.1641681968385615,0.8434094031614392,5,0.1
calendar_15,calendar,1,4,4,3.200435633939737,0.8071419660602638,5,0.1
calendar_15,calendar,1,5,4,3.202731223803058,0.8048463761969411,5,0.1
calendar_15,calendar,1,6,4,3.1716081442804365,0.8359694557195624,5,0.1
calendar_15,calendar,1,7,4,3.1524005586373818,0.8551770413626192,5,0.1
calendar_15,calendar,1,8,4,3.0977125857218706,0.9098650142781308,5,0.1
calendar_15,calendar,1,9,4,3.2968071720976577,0.7107704279023429,5,0.1
calendar_15,calendar,1,0,5,3.263815370922823,0.7437622290771775,5,0.1
calendar_15,calendar,1,1,5,3.1467194990582774,0.8608581009417223,5,0.1
calendar_15,calendar,1,2,5,3.185716815450524,0.821860784549477,5,0.1
calendar_15,calendar,1,3,5,3.203224358942525,0.804353241057473,5,0.1
calendar_15,calendar,1,4,5,3.1894100883686747,0.818167511631325,5,0.1
calendar_15,calendar,1,5,5,3.2022479242226782,0.8053296757773225,5,0.1
calendar_15,calendar,1,6,5,3.175577922430081,0.8319996775699194,5,0.1
calendar_15,calendar,1,7,5,3.1494310009803774,0.8581465990196224,5,0.1
calendar_15,calendar,1,8,5,3.0795450805352385,0.9280325194647624,5,0.1
calendar_15,calendar,1,9,5,3.298944030697978,0.7086335693020217,5,0.1
calendar_15,calendar,1,0,6,3.2760771173584295,0.7315004826415697,5,0.1
calendar_15,calendar,1,1,6,3.1114227001155785,0.8961548998844217,5,0.1
calendar_15,calendar,1,2,6,3.193739450511566,0.8138381494884342,5,0.1
calendar_15,calendar,1,3,6,3.1864335517142948,0.8211440482857052,5,0.1
calendar_15,calendar,1,4,6,3.2096794346178865,0.7978981653821126,5,0.1
calendar_15,calendar,1,5,6,3.1330742814740304,0.8745033185259711,5,0.1
calendar_15,calendar,1,6,6,3.1958011592296955,0.811776440770305,5,0.1
calendar_15,calendar,1,7,6,3.151043967726962,0.8565336322730379,5,0.1
calendar_15,calendar,1,8,6,3.0952882298849955,0.9122893701150052,5,0.1
calendar_15,calendar,1,9,6,3.2417383973873375,0.7658392026126626,5,0.1
calendar_15,calendar,1,0,7,3.2694477119792147,0.7381298880207855,5,0.1
calendar_15,calendar,1,1,7,3.0534312377231845,0.9541463622768145,5,0.1
calendar_15,calendar,1,2,7,3.165460740857472,0.8421168591425277,5,0.1
calendar_15,calendar,1,3,7,3.1429053411877432,0.8646722588122582,5,0.1
calendar_15,calendar,1,4,7,3.136093721942489,0.8714838780575122,5,0.1
calendar_15,calendar,1,5,7,3.1604592902961874,0.8471183097038124,5,0.1
calendar_15,calendar,1,6,7,3.1473181526017835,0.8602594473982162,5,0.1
calendar_15,calendar,1,7,7,3.1568478418416954,0.8507297581583046,5,0.1
calendar_15,calendar,1,8,7,3.1538346124579455,0.853742987542054,5,0.1
calendar_15,calendar,1,9,7,3.2660417700533606,0.7415358299466385,5,0.1
calendar_15,calendar,1,0,8,3.2002348708543304,0.8073427291456697,5,0.1
calendar_15,calendar,1,1,8,2.9698685487542056,1.037709051245796,5,0.1
calendar_15,calendar,1,2,8,3.0460788174340836,0.9614987825659178,5,0.1
calendar_15,calendar,1,3,8,3.0717686042072616,0.9358089957927398,5,0.1
calendar_15,calendar,1,4,8,3.087768757993265,0.9198088420067352,5,0.1
calendar_15,calendar,1,5,8,3.097994717973143,0.9095828820268572,5,0.1
calendar_15,calendar,1,6,8,3.0834434703007765,0.9241341296992243,5,0.1
calendar_15,calendar,1,7,8,3.074735508747896,0.9328420912521039,5,0.1
calendar_15,calendar,1,8,8,3.0158720770005054,0.9917055229994948,5,0.1
calendar_15,calendar,1,9,8,3.222397666253487,0.7851799337465125,5,0.1
calendar_15,calendar,1,0,9,3.3811327846003465,0.626444815399653,5,0.1
calendar_15,calendar,1,1,9,3.2473602709959373,0.760217329004063,5,0.1
calendar_15,calendar,1,2,9,3.2553231240362797,0.7522544759637204,5,0.1
calendar_15,calendar,1,3,9,3.265326655437282,0.7422509445627178,5,0.1
calendar_15,calendar,1,4,9,3.228253429315718,0.7793241706842818,5,0.1
calendar_15,calendar,1,5,9,3.2470076912705497,0.7605699087294499,5,0.1
calendar_15,calendar,1,6,9,3.2733285031494797,0.7342490968505194,5,0.1
calendar_15,calendar,1,7,9,3.245281722396719,0.7622958776032793,5,0.1
calendar_15,calendar,1,8,9,3.213785317716231,0.7937922822837682,5,0.1
calendar_15,calendar,1,9,9,3.3944051022090536,0.6131724977909461,5,0.1
calendar_18,calendar,1,0,0,3.3085361475197708,0.699041452480229,5,0.1
calendar_18,calendar,1,1,0,3.1564490641597964,0.8511285358402029,5,0.1
calendar_18,calendar,1,2,0,3.2806453328212326,0.7269322671787661,5,0.1
calendar_18,calendar,1,3,0,3.2551615225076653,0.7524160774923331,5,0.1
calendar_18,calendar,1,4,0,3.264280105979365,0.7432974940206357,5,0.1
calendar_18,calendar,1,5,0,3.269224433563158,0.7383531664368421,5,0.1
calendar_18,calendar,1,6,0,3.307021916388169,0.7005556836118333,5,0.1
calendar_18,calendar,1,7,0,3.2985443337422256,0.709033266257775,5,0.1
calendar_18,calendar,1,8,0,3.236466127960988,0.7711114720390111,5,0.1
calendar_18,calendar,1,9,0,3.382038008354208,0.6255395916457934,5,0.1
calendar_18,calendar,1,0,1,3.178833693007537,0.8287439069924624,5,0.1
calendar_18,calendar,1,1,1,2.9812708882437904,1.02630671175621,5,0.1
calendar_18,calendar,1,2,1,3.081834501511025,0.9257430984889743,5,0.1
calendar_18,calendar,1,3,1,3.08163286184993,0.92594473815007,5,0.1
calendar_18,calendar,1,4,1,3.068965360938062,0.9386122390619374,5,0.1
calendar_18,calendar,1,5,1,3.1185960800244734,0.888981519975527,5,0.1
calendar_18,calendar,1,6,1,3.116870788689782,0.8907068113102186,5,0.1
calendar_18,calendar,1,7,1,3.074965474019835,0.9326121259801643,5,0.1
calendar_18,calendar,1,8,1,3.0314976995241056,0.9760799004758949,5,0.1
calendar_18,calendar,1,9,1,3.2374604867970813,0.7701171132029186,5,0.1
calendar_18,calendar,1,0,2,3.2375148771612396,0.7700627228387606,5,0.1
calendar_18,calendar,1,1,2,3.087043383899988,0.9205342161000138,5,0.1
calendar_18,calendar,1,2,2,3.1465265011990047,0.8610510988009952,5,0.1
calendar_18,calendar,1,3,2,3.1440654125750704,0.8635121874249299,5,0.1
calendar_18,calendar,1,4,2,3.1275874786410705,0.8799901213589318,5,0.1
calendar_18,calendar,1,5,2,3.1448036647483435,0.8627739352516568,5,0.1
calendar_18,calendar,1,6,2,3.1303323801294347,0.8772452198705643,5,0.1
calendar_18,calendar,1,7,2,3.1010684157418367,0.9065091842581644,5,0.1
calendar_18,calendar,1,8,2,3.0808503650507726,0.9267272349492283,5,0.1
calendar_18,calendar,1,9,2,3.2911993333652965,0.7163782666347034,5,0.1
calendar_18,calendar,1,0,3,3.3290071404992627,0.6785704595007372,5,0.1
calendar_18,calendar,1,1,3,3.1208354564298184,0.8867421435701822,5,0.1
calendar_18,calendar,1,2,3,3.1880783878630368,0.8194992121369635,5,0.1
calendar_18,calendar,1,3,3,3.170252330001748,0.8373252699982521,5,0.1
calendar_18,calendar,1,4,3,3.1662183259691807,0.8413592740308183,5,0.1
calendar_18,calendar,1,5,3,3.1156329885737875,0.8919446114262141,5,0.1
calendar_18,calendar,1,6,3,3.1622833823048895,0.8452942176951109,5,0.1
calendar_18,calendar,1,7,3,3.1495031654116943,0.858074434588306,5,0.1
calendar_18,calendar,1,8,3,3.054576632545711,0.9530009674542896,5,0.1
calendar_18,calendar,1,9,3,3.2569063162609546,0.7506712837390446,5,0.1
calendar_18,calendar,1,0,4,3.2795458039950725,0.7280317960049283,5,0.1
calendar_18,calendar,1,1,4,3.118400941729663,0.8891766582703386,5,0.1
calendar_18,calendar,1,2,4,3.1958197144997205,0.8117578855002796,5,0.1
calendar_18,calendar,1,3,4,3.17471552411471,0.8328620758852918,5,0.1
calendar_18,calendar,1,4,4,3.1610968797083485,0.8464807202916511,5,0.1
calendar_18,calendar,1,5,4,3.207344359016649,0.8002332409833517,5,0.1
calendar_18,calendar,1,6,4,3.1980693364078827,0.8095082635921155,5,0.1
calendar_18,calendar,1,7,4,3.1655925992381326,0.8419850007618668,5,0.1
calendar_18,calendar,1,8,4,3.1063956392350076,0.901181960764993,5,0.1
calendar_18,calendar,1,9,4,3.2756923136116023,0.7318852863883974,5,0.1
calendar_18,calendar,1,0,5,3.2553124374044873,0.7522651625955123,5,0.1
calendar_18,calendar,1,1,5,3.115909410392711,0.8916681896072888,5,0.1
calendar_18,calendar,1,2,5,3.165345629615931,0.8422319703840697,5,0.1
calendar_18,calendar,1,3,5,3.1414460833343614,0.8661315166656387,5,0.1
calendar_18,calendar,1,4,5,3.159407660259476,0.8481699397405249,5,0.1
calendar_18,calendar,1,5,5,3.178726101062131,0.8288514989378679,5,0.1
calendar_18,calendar,1,6,5,3.15988788110007,0.8476897188999307,5,0.1
calendar_18,calendar,1,7,5,3.1798977747845902,0.8276798252154088,5,0.1
calendar_18,calendar,1,8,5,3.070569763113142,0.9370078368868563,5,0.1
calendar_18,calendar,1,9,5,3.251107966556319,0.7564696334436807,5,0.1
calendar_18,calendar,1,0,6,3.2834940035372973,0.7240835964627036,5,0.1
calendar_18,calendar,1,1,6,3.111148869278074,0.8964287307219267,5,0.1
calendar_18,calendar,1,2,6,3.1214654264663655,0.886112173533636,5,0.1
calendar_18,calendar,1,3,6,3.163505504355693,0.8440720956443076,5,0.1
calendar_18,calendar,1,4,6,3.119507682949373,0.8880699170506269,5,0.1
calendar_18,calendar,1,5,6,3.183393240227005,0.8241843597729946,5,0.1
calendar_18,calendar,1,6,6,3.1232800651797166,0.884297534820284,5,0.1
calendar_18,calendar,1,7,6,3.122975356090405,0.8846022439095949,5,0.1
calendar_18,calendar,1,8,6,3.0915040648098877,0.9160735351901127,5,0.1
calendar_18,calendar,1,9,6,3.3065922783378365,0.7009853216621649,5,0.1
calendar_18,calendar,1,0,7,3.2733117084520376,0.7342658915479622,5,0.1
calendar_18,calendar,1,1,7,3.102231823403034,0.9053457765969657,5,0.1
calendar_18,calendar,1,2,7,3.1656744661018417,0.8419031338981586,5,0.1
calendar_18,calendar,1,3,7,3.152509991049744,0.8550676089502558,5,0.1
calendar_18,calendar,1,4,7,3.1362320690140364,0.8713455309859639,5,0.1
calendar_18,calendar,1,5,7,3.1360756948167943,0.871501905183206,5,0.1
calendar_18,calendar,1,6,7,3.1806238623625305,0.8269537376374705,5,0.1
calendar_18,calendar,1,7,7,3.1127305840949533,0.8948470159050467,5,0.1
calendar_18,calendar,1,8,7,3.104994800431773,0.9025827995682277,5,0.1
calendar_18,calendar,1,9,7,3.3011927609015554,0.7063848390984454,5,0.1
calendar_18,calendar,1,0,8,3.234762797587162,0.7728148024128401,5,0.1
calendar_18,calendar,1,1,8,3.0138776811418264,0.9936999188581749,5,0.1
calendar_18,calendar,1,2,8,3.095323848872997,0.9122537511270035,5,0.1
calendar_18,calendar,1,3,8,3.0925589641100317,0.9150186358899682,5,0.1
calendar_18,calendar,1,4,8,3.1102834262893815,0.897294173710618,5,0.1
calendar_18,calendar,1,5,8,3.0937589252603015,0.9138186747396977,5,0.1
calendar_18,calendar,1,6,8,3.0812890380079963,0.9262885619920046,5,0.1
calendar_18,calendar,1,7,8,3.0676666175908367,0.9399109824091632,5,0.1
calendar_18,calendar,1,8,8,2.9887133306784746,1.018864269321526,5,0.1
calendar_18,calendar,1,9,8,3.2056512397101176,0.801926360289883,5,0.1
calendar_18,calendar,1,0,9,3.377628886583176,0.6299487134168237,5,0.1
calendar_18,calendar,1,1,9,3.1965428353233283,0.8110347646766722,5,0.1
calendar_18,calendar,1,2,9,3.2400291834018335,0.7675484165981651,5,0.1
calendar_18,calendar,1,3,9,3.2764734452327304,0.7311041547672711,5,0.1
calendar_18,calendar,1,4,9,3.2379831593361836,0.769594440663816,5,0.1
calendar_18,calendar,1,5,9,3.316455276030765,0.691122323969236,5,0.1
calendar_18,calendar,1,6,9,3.2537194814069643,0.7538581185930346,5,0.1
calendar_18,calendar,1,7,9,3.218628171453482,0.788949428546518,5,0.1
calendar_18,calendar,1,8,9,3.165103767875663,0.8424738321243374,5,0.1
calendar_18,calendar,1,9,9,3.376623682663539,0.6309539173364604,5,0.1
calendar_17,calendar,1,0,0,3.3731003007855676,0.6344772992144324,5,0.1
calendar_17,calendar,1,1,0,3.230888496357351,0.7766891036426498,5,0.1
calendar_17,calendar,1,2,0,3.258416818366105,0.7491607816338935,5,0.1
calendar_17,calendar,1,3,0,3.27011403796491,0.7374635620350898,5,0.1
calendar_17,calendar,1,4,0,3.2442911976297752,0.7632864023702244,5,0.1
calendar_17,calendar,1,5,0,3.2942957995803615,0.7132818004196393,5,0.1
calendar_17,calendar,1,6,0,3.27731257093237,0.7302650290676296,5,0.1
calendar_17,calendar,1,7,0,3.2660526118903945,0.7415249881096062,5,0.1
calendar_17,calendar,1,8,0,3.197907689609241,0.8096699103907596,5,0.1
calendar_17,calendar,1,9,0,3.3826146345288444,0.6249629654711574,5,0.1
calendar_17,calendar,1,0,1,3.200089812681406,0.8074877873185945,5,0.1
calendar_17,calendar,1,1,1,3.035686241702841,0.9718913582971591,5,0.1
calendar_17,calendar,1,2,1,3.059890281646387,0.9476873183536132,5,0.1
calendar_17,calendar,1,3,1,3.050985066250109,0.956592533749891,5,0.1
calendar_17,calendar,1,4,1,3.0920980710669714,0.9154795289330284,5,0.1
calendar_17,calendar,1,5,1,3.1247562737098655,0.8828213262901344,5,0.1
calendar_17,calendar,1,6,1,3.04958477238291,0.9579928276170908,5,0.1
calendar_17,calendar,1,7,1,3.044668318834916,0.9629092811650831,5,0.1
calendar_17,calendar,1,8,1,2.998750950003364,1.008826649996636,5,0.1
calendar_17,calendar,1,9,1,3.213753687450932,0.7938239125490689,5,0.1
calendar_17,calendar,1,0,2,3.277837367456212,0.7297402325437882,5,0.1
calendar_17,calendar,1,1,2,3.0889092683976833,0.9186683316023172,5,0.1
calendar_17,calendar,1,2,2,3.1438922051239957,0.863685394876004,5,0.1
calendar_17,calendar,1,3,2,3.1454734474251254,0.8621041525748738,5,0.1
calendar_17,calendar,1,4,2,3.1536038745680766,0.8539737254319215,5,0.1
calendar_17,calendar,1,5,2,3.1749472211705574,0.8326303788294429,5,0.1
calendar_17,calendar,1,6,2,3.1317789911081264,0.8757986088918734,5,0.1
calendar_17,calendar,1,7,2,3.1009673584413613,0.9066102415586389,5,0.1
calendar_17,calendar,1,8,2,3.0733251670542905,0.9342524329457099,5,0.1
calendar_17,calendar,1,9,2,3.288769449989756,0.7188081500102443,5,0.1
calendar_17,calendar,1,0,3,3.2775885164894745,0.7299890835105248,5,0.1
calendar_17,calendar,1,1,3,3.1134203333812,0.8941572666188001,5,0.1
calendar_17,calendar,1,2,3,3.138804113539948,0.8687734864600508,5,0.1
calendar_17,calendar,1,3,3,3.18199326535702,0.8255843346429796,5,0.1
calendar_17,calendar,1,4,3,3.1726221688826497,0.8349554311173497,5,0.1
calendar_17,calendar,1,5,3,3.160890295741243,0.846687304258757,5,0.1
calendar_17,calendar,1,6,3,3.1282833140930864,0.8792942859069129,5,0.1
calendar_17,calendar,1,7,3,3.1436009681206167,0.8639766318793852,5,0.1
calendar_17,calendar,1,8,3,3.060120089363737,0.947457510636264,5,0.1
calendar_17,calendar,1,9,3,3.248296409612505,0.7592811903874958,5,0.1
calendar_17,calendar,1,0,4,3.2337629205248426,0.7738146794751577,5,0.1
calendar_17,calendar,1,1,4,3.123942764207113,0.8836348357928868,5,0.1
calendar_17,calendar,1,2,4,3.1565497626164767,0.8510278373835228,5,0.1
calendar_17,calendar,1,3,4,3.149749333309344,0.8578282666906578,5,0.1
calendar_17,calendar,1,4,4,3.186860085934704,0.8207175140652967,5,0.1
calendar_17,calendar,1,5,4,3.178745720963066,0.8288318790369332,5,0.1
calendar_17,calendar,1,6,4,3.153378799887113,0.8541988001128872,5,0.1
calendar_17,calendar,1,7,4,3.1811450180437437,0.8264325819562557,5,0.1
calendar_17,calendar,1,8,4,3.135252404135448,0.8723251958645523,5,0.1
calendar_17,calendar,1,9,4,3.28674373958838,0.7208338604116217,5,0.1
calendar_17,calendar,1,0,5,3.2674536278089144,0.7401239721910853,5,0.1
calendar_17,calendar,1,1,5,3.120674239555374,0.8869033604446257,5,0.1
calendar_17,calendar,1,2,5,3.154002034130849,0.8535755658691511,5,0.1
calendar_17,calendar,1,3,5,3.1311499640255875,0.8764276359744132,5,0.1
calendar_17,calendar,1,4,5,3.1708952471361536,0.8366823528638462,5,0.1
calendar_17,calendar,1,5,5,3.2237014287431514,0.7838761712568482,5,0.1
calendar_17,calendar,1,6,5,3.176494641181778,0.831082958818222,5,0.1
calendar_17,calendar,1,7,5,3.1749529469382396,0.832624653061761,5,0.1
calendar_17,calendar,1,8,5,3.1237457759795606,0.8838318240204399,5,0.1
calendar_17,calendar,1,9,5,3.2555359094557486,0.7520416905442503,5,0.1
calendar_17,calendar,1,0,6,3.278710511162261,0.7288670888377398,5,0.1
calendar_17,calendar,1,1,6,3.1024993093681945,0.9050782906318057,5,0.1
calendar_17,calendar,1,2,6,3.194231582018734,0.813346017981266,5,0.1
calendar_17,calendar,1,3,6,3.2219218476379115,0.7856557523620887,5,0.1
calendar_17,calendar,1,4,6,3.157927492118421,0.8496501078815792,5,0.1
calendar_17,calendar,1,5,6,3.137418973020359,0.8701586269796404,5,0.1
calendar_17,calendar,1,6,6,3.15889308556823,0.8486845144317696,5,0.1
calendar_17,calendar,1,7,6,3.179306800429233,0.8282707995707672,5,0.1
calendar_17,calendar,1,8,6,3.0744219375083186,0.933155662491682,5,0.1
calendar_17,calendar,1,9,6,3.2464018986820147,0.7611757013179848,5,0.1
calendar_17,calendar,1,0,7,3.2664704029811773,0.7411071970188232,5,0.1
calendar_17,calendar,1,1,7,3.1364675913035347,0.8711100086964665,5,0.1
calendar_17,calendar,1,2,7,3.1605487017133633,0.8470288982866354,5,0.1
calendar_17,calendar,1,3,7,3.215625474026021,0.7919521259739787,5,0.1
calendar_17,calendar,1,4,7,3.1680626460981687,0.8395149539018303,5,0.1
calendar_17,calendar,1,5,7,3.125126805251406,0.8824507947485947,5,0.1
calendar_17,calendar,1,6,7,3.1330098182602875,0.8745677817397132,5,0.1
calendar_17,calendar,1,7,7,3.16071681122365,0.8468607887763482,5,0.1
calendar_17,calendar,1,8,7,3.0412230124104505,0.9663545875895497,5,0.1
calendar_17,calendar,1,9,7,3.2594414791924966,0.7481361208075029,5,0.1
calendar_17,calendar,1,0,8,3.240331146473902,0.7672464535260975,5,0.1
calendar_17,calendar,1,1,8,3.0460299707455833,0.9615476292544166,5,0.1
calendar_17,calendar,1,2,8,3.0571957752393013,0.9503818247606985,5,0.1
calendar_17,calendar,1,3,8,3.0598507070045766,0.9477268929954238,5,0.1
calendar_17,calendar,1,4,8,3.0865927288196673,0.9209848711803328,5,0.1
calendar_17,calendar,1,5,8,3.08674371339942,0.9208338866005795,5,0.1
calendar_17,calendar,1,6,8,3.0711258108789656,0.9364517891210364,5,0.1
calendar_17,calendar,1,7,8,3.0789363818005815,0.9286412181994196,5,0.1
calendar_17,calendar,1,8,8,2.9743424449791225,1.0332351550208785,5,0.1
calendar_17,calendar,1,9,8,3.1991332937485146,0.8084443062514854,5,0.1
calendar_17,calendar,1,0,9,3.3821792526774073,0.6253983473225926,5,0.1
calendar_17,calendar,1,1,9,3.2294083344738693,0.7781692655261315,5,0.1
calendar_17,calendar,1,2,9,3.2627117778194568,0.7448658221805439,5,0.1
calendar_17,calendar,1,3,9,3.2290751408383818,0.7785024591616189,5,0.1
calendar_17,calendar,1,4,9,3.257261556309317,0.7503160436906825,5,0.1
calendar_17,calendar,1,5,9,3.243530990117794,0.764046609882207,5,0.1
calendar_17,calendar,1,6,9,3.2428447298698138,0.7647328701301872,5,0.1
calendar_17,calendar,1,7,9,3.2481712130501537,0.7594063869498467,5,0.1
calendar_17,calendar,1,8,9,3.1792580804879735,0.8283195195120263,5,0.1
calendar_17,calendar,1,9,9,3.342529449266044,0.6650481507339576,5,0.1
calendar_16,calendar,2,0,0,3.3390121484388455,0.668565451561155,5,0.19999999999999998
calendar_16,calendar,2,1,0,3.147058060970208,0.8605195390297906,5,0.19999999999999998
calendar_16,calendar,2,2,0,3.2015992400507565,0.8059783599492433,5,0.19999999999999998
calendar_16,calendar,2,3,0,3.2105092789411067,0.7970683210588922,5,0.19999999999999998
calendar_16,calendar,2,4,0,3.1894152671677025,0.8181623328322971,5,0.19999999999999998
calendar_16,calendar,2,5,0,3.2222309922421175,0.7853466077578828,5,0.19999999999999998
calendar_16,calendar,2,6,0,3.1803857131358364,0.8271918868641628,5,0.19999999999999998
calendar_16,calendar,2,7,0,3.1415953332967246,0.8659822667032744,5,0.19999999999999998
calendar_16,calendar,2,8,0,3.0696460354119695,0.9379315645880313,5,0.19999999999999998
calendar_16,calendar,2,9,0,3.2673254274052783,0.7402521725947232,5,0.19999999999999998
calendar_16,calendar,2,0,1,3.126214295493505,0.8813633045064959,5,0.19999999999999998
calendar_16,calendar,2,1,1,2.9366619743105953,1.0709156256894048,5,0.19999999999999998
calendar_16,calendar,2,2,1,3.0019351012775637,1.0056424987224377,5,0.19999999999999998
calendar_16,calendar,2,3,1,2.986267418716382,1.0213101812836194,5,0.19999999999999998
calendar_16,calendar,2,4,1,3.020731201590716,0.9868463984092846,5,0.19999999999999998
calendar_16,calendar,2,5,1,2.986274299570265,1.0213033004297345,5,0.19999999999999998
calendar_16,calendar,2,6,1,2.945817208245082,1.0617603917549183,5,0.19999999999999998
calendar_16,calendar,2,7,1,2.895842981221489,1.11173461877851,5,0.19999999999999998
calendar_16,calendar,2,8,1,2.8199100229227896,1.1876675770772114,5,0.19999999999999998
calendar_16,calendar,2,9,1,3.1183463301336274,0.8892312698663737,5,0.19999999999999998
calendar_16,calendar,2,0,2,3.1805597952308196,0.827017804769179,5,0.19999999999999998
calendar_16,calendar,2,1,2,2.984560415353186,1.0230171846468146,5,0.19999999999999998
calendar_16,calendar,2,2,2,3.015957137411632,0.9916204625883694,5,0.19999999999999998
calendar_16,calendar,2,3,2,3.0576018597653802,0.9499757402346206,5,0.19999999999999998
calendar_16,calendar,2,4,2,3.0730200700744428,0.9345575299255576,5,0.19999999999999998
calendar_16,calendar,2,5,2,3.0484421273081073,0.9591354726918929,5,0.19999999999999998
calendar_16,calendar,2,6,2,3.0301212728977136,0.9774563271022867,5,0.19999999999999998
calendar_16,calendar,2,7,2,2.992468752331991,1.0151088476680086,5,0.19999999999999998
calendar_16,calendar,2,8,2,2.9223812331904453,1.0851963668095543,5,0.19999999999999998
calendar_16,calendar,2,9,2,3.1948501334622046,0.8127274665377947,5,0.19999999999999998
calendar_16,calendar,2,0,3,3.199457704797702,0.8081198952022983,5,0.19999999999999998
calendar_16,calendar,2,1,3,2.9819085320531507,1.0256690679468503,5,0.19999999999999998
calendar_16,calendar,2,2,3,3.0650772448863477,0.9425003551136506,5,0.19999999999999998
calendar_16,calendar,2,3,3,3.022375398771914,0.9852022012280857,5,0.19999999999999998
calendar_16,calendar,2,4,3,3.0706625215795236,0.9369150784204753,5,0.19999999999999998
calendar_16,calendar,2,5,3,3.0436972012456436,0.9638803987543554,5,0.19999999999999998
calendar_16,calendar,2,6,3,3.0760602226744096,0.9315173773255901,5,0.19999999999999998
calendar_16,calendar,2,7,3,3.0305732165671193,0.9770043834328805,5,0.19999999999999998
calendar_16,calendar,2,8,3,2.9322848412551994,1.075292758744803,5,0.19999999999999998
calendar_16,calendar,2,9,3,3.177979002855931,0.8295985971440685,5,0.19999999999999998
calendar_16,calendar,2,0,4,3.195786631255306,0.8117909687446954,5,0.19999999999999998
calendar_16,calendar,2,1,4,3.0401859282581314,0.9673916717418688,5,0.19999999999999998
calendar_16,calendar,2,2,4,3.0628019998514424,0.9447756001485587,5,0.19999999999999998
calendar_16,calendar,2,3,4,3.036969317112311,0.9706082828876893,5,0.19999999999999998
calendar_16,calendar,2,4,4,3.064316225056739,0.9432613749432628,5,0.19999999999999998
calendar_16,calendar,2,5,4,3.0440037726344946,0.9635738273655068,5,0.19999999999999998
calendar_16,calendar,2,6,4,3.041214194378278,0.9663634056217228,5,0.19999999999999998
calendar_16,calendar,2,7,4,3.0291770941062404,0.9784005058937604,5,0.19999999999999998
calendar_16,calendar,2,8,4,2.9397180435690364,1.067859556430963,5,0.19999999999999998
calendar_16,calendar,2,9,4,3.2002860526188064,0.8072915473811932,5,0.19999999999999998
calendar_16,calendar,2,0,5,3.1965274377021267,0.8110501622978734,5,0.19999999999999998
calendar_16,calendar,2,1,5,2.976607269055126,1.0309703309448746,5,0.19999999999999998
calendar_16,calendar,2,2,5,3.0379980272065055,0.9695795727934943,5,0.19999999999999998
calendar_16,calendar,2,3,5,3.0611794791743905,0.9463981208256103,5,0.19999999999999998
calendar_16,calendar,2,4,5,3.071224588372777,0.9363530116272224,5,0.19999999999999998
calendar_16,calendar,2,5,5,3.0286004813544816,0.9789771186455184,5,0.19999999999999998
calendar_16,calendar,2,6,5,3.0412837144350817,0.9662938855649167,5,0.19999999999999998
calendar_16,calendar,2,7,5,3.038278125396394,0.9692994746036062,5,0.19999999999999998
calendar_16,calendar,2,8,5,2.96619284667424,1.0413847533257599,5,0.19999999999999998
calendar_16,calendar,2,9,5,3.1953626044063754,0.8122149955936254,5,0.19999999999999998
calendar_16,calendar,2,0,6,3.1828878567233048,0.8246897432766972,5,0.19999999999999998
calendar_16,calendar,2,1,6,2.9524059559411366,1.0551716440588645,5,0.19999999999999998
calendar_16,calendar,2,2,6,3.0719375983520836,0.9356400016479144,5,0.19999999999999998
calendar_16,calendar,2,3,6,3.028805492177771,0.9787721078222287,5,0.19999999999999998
calendar_16,calendar,2,4,6,3.083153816822181,0.9244237831778196,5,0.19999999999999998
calendar_16,calendar,2,5,6,3.0339530518471123,0.9736245481528871,5,0.19999999999999998
calendar_16,calendar,2,6,6,3.079801922666573,0.9277756773334261,5,0.19999999999999998
calendar_16,calendar,2,7,6,3.0476704218846193,0.9599071781153811,5,0.19999999999999998
calendar_16,calendar,2,8,6,3.0449446885192417,0.9626329114807578,5,0.19999999999999998
calendar_16,calendar,2,9,6,3.2050083298650076,0.8025692701349922,5,0.19999999999999998
calendar_16,calendar,2,0,7,3.1863419943995908,0.8212356056004098,5,0.19999999999999998
calendar_16,calendar,2,1,7,2.9654321908408914,1.0421454091591087,5,0.19999999999999998
calendar_16,calendar,2,2,7,3.08569694618226,0.9218806538177404,5,0.19999999999999998
calendar_16,calendar,2,3,7,3.0775315638138387,0.930046036186162,5,0.19999999999999998
calendar_16,calendar,2,4,7,3.0490070427786056,0.9585705572213948,5,0.19999999999999998
calendar_16,calendar,2,5,7,3.0784281010571193,0.9291494989428817,5,0.19999999999999998
calendar_16,calendar,2,6,7,3.054174475672441,0.9534031243275596,5,0.19999999999999998
calendar_16,calendar,2,7,7,3.0890039566005334,0.918573643399467,5,0.19999999999999998
calendar_16,calendar,2,8,7,2.9350737765555914,1.0725038234444098,5,0.19999999999999998
calendar_16,calendar,2,9,7,3.1823298083942047,0.8252477916057952,5,0.19999999999999998
calendar_16,calendar,2,0,8,3.100838211271145,0.9067393887288554,5,0.19999999999999998
calendar_16,calendar,2,1,8,2.8768474244594495,1.1307301755405499,5,0.19999999999999998
calendar_16,calendar,2,2,8,2.951531725581994,1.0560458744180066,5,0.19999999999999998
calendar_16,calendar,2,3,8,2.942313758119514,1.0652638418804865,5,0.19999999999999998
calendar_16,calendar,2,4,8,2.9878926889148687,1.0196849110851303,5,0.19999999999999998
calendar_16,calendar,2,5,8,2.9733767545096264,1.0342008454903744,5,0.19999999999999998
calendar_16,calendar,2,6,8,2.965678384114384,1.0418992158856164,5,0.19999999999999998
calendar_16,calendar,2,7,8,2.92048890804043,1.0870886919595715,5,0.19999999999999998
calendar_16,calendar,2,8,8,2.8727844791171075,1.134793120882892,5,0.19999999999999998
calendar_16,calendar,2,9,8,3.0794225843878245,0.9281550156121761,5,0.19999999999999998
calendar_16,calendar,2,0,9,3.359583501091547,0.6479940989084528,5,0.19999999999999998
calendar_16,calendar,2,1,9,3.130952414041406,0.8766251859585945,5,0.19999999999999998
calendar_16,calendar,2,2,9,3.1544162305400194,0.853161369459981,5,0.19999999999999998
calendar_16,calendar,2,3,9,3.170878730874444,0.8366988691255557,5,0.19999999999999998
calendar_16,calendar,2,4,9,3.249194200529091,0.7583833994709086,5,0.19999999999999998
calendar_16,calendar,2,5,9,3.167185315000032,0.8403922849999674,5,0.19999999999999998
calendar_16,calendar,2,6,9,3.1813613534556104,0.8262162465443892,5,0.19999999999999998
calendar_16,calendar,2,7,9,3.123350184449159,0.8842274155508416,5,0.19999999999999998
calendar_16,calendar,2,8,9,3.104211849500296,0.9033657504997044,5,0.19999999999999998
calendar_16,calendar,2,9,9,3.2496979710683873,0.7578796289316141,5,0.19999999999999998
calendar_15,calendar,2,0,0,3.294020954474332,0.713556645525668,5,0.19999999999999998
calendar_15,calendar,2,1,0,3.1230258788296332,0.884551721170366,5,0.19999999999999998
calendar_15,calendar,2,2,0,3.132048832869381,0.8755287671306193,5,0.19999999999999998
calendar_15,calendar,2,3,0,3.1743328357202922,0.833244764279707,5,0.19999999999999998
calendar_15,calendar,2,4,0,3.188004644577566,0.8195729554224351,5,0.19999999999999998
calendar_15,calendar,2,5,0,3.168282646594645,0.8392949534053539,5,0.19999999999999998
calendar_15,calendar,2,6,0,3.186398048689064,0.8211795513109372,5,0.19999999999999998
calendar_15,calendar,2,7,0,3.153039707468413,0.854537892531587,5,0.19999999999999998
calendar_15,calendar,2,8,0,3.073169119505148,0.9344084804948513,5,0.19999999999999998
calendar_15,calendar,2,9,0,3.3228155168827813,0.6847620831172183,5,0.19999999999999998
calendar_15,calendar,2,0,1,3.13995429802306,0.8676233019769396,5,0.19999999999999998
calendar_15,calendar,2,1,1,2.851496829672414,1.1560807703275864,5,0.19999999999999998
calendar_15,calendar,2,2,1,2.9135923237857817,1.0939852762142177,5,0.19999999999999998
calendar_15,calendar,2,3,1,2.972160248844172,1.0354173511558284,5,0.19999999999999998
calendar_15,calendar,2,4,1,2.9156377782310154,1.0919398217689846,5,0.19999999999999998
calendar_15,calendar,2,5,1,2.9200862194684807,1.0874913805315216,5,0.19999999999999998
calendar_15,calendar,2,6,1,2.8964107566965938,1.1111668433034072,5,0.19999999999999998
calendar_15,calendar,2,7,1,2.9367368061035615,1.0708407938964368,5,0.19999999999999998
calendar_15,calendar,2,8,1,2.849460042235226,1.158117557764774,5,0.19999999999999998
calendar_15,calendar,2,9,1,3.1258614001754292,0.8817161998245692,5,0.19999999999999998
calendar_15,calendar,2,0,2,3.1620271495058376,0.8455504504941621,5,0.19999999999999998
calendar_15,calendar,2,1,2,2.9353701830400616,1.0722074169599378,5,0.19999999999999998
calendar_15,calendar,2,2,2,3.049351665649544,0.9582259343504569,5,0.19999999999999998
calendar_15,calendar,2,3,2,3.025824767262735,0.981752832737266,5,0.19999999999999998
calendar_15,calendar,2,4,2,2.9992075446625925,1.0083700553374073,5,0.19999999999999998
calendar_15,calendar,2,5,2,3.0153856777516297,0.992191922248371,5,0.19999999999999998
calendar_15,calendar,2,6,2,3.023208636011596,0.9843689639884038,5,0.19999999999999998
calendar_15,calendar,2,7,2,2.992824093720325,1.0147535062796758,5,0.19999999999999998
calendar_15,calendar,2,8,2,2.919029071536782,1.088548528463217,5,0.19999999999999998
calendar_15,calendar,2,9,2,3.155791287769907,0.8517863122300922,5,0.19999999999999998
calendar_15,calendar,2,0,3,3.210773141478717,0.7968044585212831,5,0.19999999999999998
calendar_15,calendar,2,1,3,2.989567174409436,1.0180104255905642,5,0.19999999999999998
calendar_15,calendar,2,2,3,3.0555315950913475,0.9520460049086531,5,0.19999999999999998
calendar_15,calendar,2,3,3,3.0113329031048783,0.9962446968951205,5,0.19999999999999998
calendar_15,calendar,2,4,3,3.0489357846930614,0.958641815306938,5,0.19999999999999998
calendar_15,calendar,2,5,3,3.07623428642315,0.9313433135768502,5,0.19999999999999998
calendar_15,calendar,2,6,3,3.03630343755018,0.9712741624498203,5,0.19999999999999998
calendar_15,calendar,2,7,3,3.046035099222529,0.9615425007774717,5,0.19999999999999998
calendar_15,calendar,2,8,3,2.9589833757714707,1.0485942242285275,5,0.19999999999999998
calendar_15,calendar,2,9,3,3.2103698562833016,0.7972077437166983,5,0.19999999999999998
calendar_15,calendar,2,0,4,3.1957234677057293,0.811854132294271,5,0.19999999999999998
calendar_15,calendar,2,1,4,2.9970321514861205,1.0105454485138803,5,0.19999999999999998
calendar_15,calendar,2,2,4,3.0488156491875333,0.9587619508124671,5,0.19999999999999998
calendar_15,calendar,2,3,4,2.9900178194715665,1.017559780528434,5,0.19999999999999998
calendar_15,calendar,2,4,4,3.0912399907220296,0.9163376092779707,5,0.19999999999999998
calendar_15,calendar,2,5,4,3.0627931879611796,0.9447844120388205,5,0.19999999999999998
calendar_15,calendar,2,6,4,3.0319291058757694,0.9756484941242306,5,0.19999999999999998
calendar_15,calendar,2,7,4,3.0158337003908606,0.9917438996091388,5,0.19999999999999998
calendar_15,calendar,2,8,4,2.9644813053712102,1.0430962946287887,5,0.19999999999999998
calendar_15,calendar,2,9,4,3.1728567860573977,0.8347208139426026,5,0.19999999999999998
calendar_15,calendar,2,0,5,3.217525548872863,0.7900520511271379,5,0.19999999999999998
calendar_15,calendar,2,1,5,2.978031948614331,1.0295456513856687,5,0.19999999999999998
calendar_15,calendar,2,2,5,3.059218294951096,0.9483593050489043,5,0.19999999999999998
calendar_15,calendar,2,3,5,3.048362411405056,0.9592151885949456,5,0.19999999999999998
calendar_15,calendar,2,4,5,3.0371356922826367,0.9704419077173629,5,0.19999999999999998
calendar_15,calendar,2,5,5,3.0600160121134365,0.9475615878865631,5,0.19999999999999998
calendar_15,calendar,2,6,5,3.04961400015628,0.9579635998437199,5,0.19999999999999998
calendar_15,calendar,2,7,5,3.0294422648748327,0.978135335125168,5,0.19999999999999998
calendar_15,calendar,2,8,5,2.9509628410654716,1.056614758934527,5,0.19999999999999998
calendar_15,calendar,2,9,5,3.213623040751491,0.7939545592485082,5,0.19999999999999998
calendar_15,calendar,2,0,6,3.1922896437921198,0.8152879562078799,5,0.19999999999999998
calendar_15,calendar,2,1,6,3.0450005413223837,0.9625770586776164,5,0.19999999999999998
calendar_15,calendar,2,2,6,3.0508577946522326,0.9567198053477682,5,0.19999999999999998
calendar_15,calendar,2,3,6,3.0726102120521395,0.9349673879478597,5,0.19999999999999998
calendar_15,calendar,2,4,6,3.0199719797933007,0.9876056202066994,5,0.19999999999999998
calendar_15,calendar,2,5,6,3.0528883539262415,0.9546892460737583,5,0.19999999999999998
calendar_15,calendar,2,6,6,3.033704425196294,0.9738731748037068,5,0.19999999999999998
calendar_15,calendar,2,7,6,3.022562539604229,0.9850150603957717,5,0.19999999999999998
calendar_15,calendar,2,8,6,3.0018946250161713,1.0056829749838279,5,0.19999999999999998
calendar_15,calendar,2,9,6,3.247620637289667,0.7599569627103325,5,0.19999999999999998
calendar_15,calendar,2,0,7,3.1697537887861507,0.8378238112138489,5,0.19999999999999998
calendar_15,calendar,2,1,7,2.961202986236681,1.0463746137633196,5,0.19999999999999998
calendar_15,calendar,2,2,7,3.084257719780083,0.9233198802199165,5,0.19999999999999998
calendar_15,calendar,2,3,7,3.042733433424253,0.9648441665757482,5,0.19999999999999998
calendar_15,calendar,2,4,7,3.0343228831004616,0.9732547168995389,5,0.19999999999999998
calendar_15,calendar,2,5,7,3.0322847829338815,0.9752928170661185,5,0.19999999999999998
calendar_15,calendar,2,6,7,2.983102507213252,1.024475092786749,5,0.19999999999999998
calendar_15,calendar,2,7,7,3.021914787373398,0.985662812626601,5,0.19999999999999998
calendar_15,calendar,2,8,7,3.007219806266919,1.0003577937330805,5,0.19999999999999998
calendar_15,calendar,2,9,7,3.2026360829555434,0.8049415170444567,5,0.19999999999999998
calendar_15,calendar,2,0,8,3.126009287207834,0.8815683127921666,5,0.19999999999999998
calendar_15,calendar,2,1,8,2.9355202521000763,1.0720573478999227,5,0.19999999999999998
calendar_15,calendar,2,2,8,2.967077752422363,1.040499847577638,5,0.19999999999999998
calendar_15,calendar,2,3,8,3.012242887278025,0.9953347127219745,5,0.19999999999999998
calendar_15,calendar,2,4,8,2.9705441605106393,1.037033439489361,5,0.19999999999999998
calendar_15,calendar,2,5,8,2.9295190839012473,1.0780585160987515,5,0.19999999999999998
calendar_15,calendar,2,6,8,2.898783949525378,1.108793650474622,5,0.19999999999999998
calendar_15,calendar,2,7,8,2.967149818175788,1.0404277818242116,5,0.19999999999999998
calendar_15,calendar,2,8,8,2.9299750545684877,1.0776025454315135,5,0.19999999999999998
calendar_15,calendar,2,9,8,3.1973760260057085,0.8102015739942897,5,0.19999999999999998
calendar_15,calendar,2,0,9,3.36300864140309,0.6445689585969092,5,0.19999999999999998
calendar_15,calendar,2,1,9,3.0945176860392287,0.9130599139607707,5,0.19999999999999998
calendar_15,calendar,2,2,9,3.1610909735328963,0.846486626467104,5,0.19999999999999998
calendar_15,calendar,2,3,9,3.2188126635216645,0.7887649364783359,5,0.19999999999999998
calendar_15,calendar,2,4,9,3.179084094818714,0.8284935051812861,5,0.19999999999999998
calendar_15,calendar,2,5,9,3.1821935198724596,0.8253840801275416,5,0.19999999999999998
calendar_15,calendar,2,6,9,3.1316545241875593,0.8759230758124403,5,0.19999999999999998
calendar_15,calendar,2,7,9,3.2119663554543627,0.7956112445456377,5,0.19999999999999998
calendar_15,calendar,2,8,9,3.171907269873518,0.8356703301264823,5,0.19999999999999998
calendar_15,calendar,2,9,9,3.3318730927866724,0.6757045072133271,5,0.19999999999999998
calendar_18,calendar,2,0,0,3.305027848771045,0.7025497512289531,5,0.19999999999999998
calendar_18,calendar,2,1,0,3.109663364036291,0.8979142359637091,5,0.19999999999999998
calendar_18,calendar,2,2,0,3.1568285068246524,0.8507490931753476,5,0.19999999999999998
calendar_18,calendar,2,3,0,3.142551138205665,0.8650264617943353,5,0.19999999999999998
calendar_18,calendar,2,4,0,3.2050439564844972,0.8025336435155029,5,0.19999999999999998
calendar_18,calendar,2,5,0,3.215421419352386,0.7921561806476151,5,0.19999999999999998
calendar_18,calendar,2,6,0,3.1658939228979297,0.8416836771020709,5,0.19999999999999998
calendar_18,calendar,2,7,0,3.1716017140348765,0.8359758859651241,5,0.19999999999999998
calendar_18,calendar,2,8,0,3.0948636572944346,0.9127139427055666,5,0.19999999999999998
calendar_18,calendar,2,9,0,3.2792028968355345,0.7283747031644653,5,0.19999999999999998
calendar_18,calendar,2,0,1,3.108128664737206,0.8994489352627946,5,0.19999999999999998
calendar_18,calendar,2,1,1,2.9003062075408934,1.1072713924591067,5,0.19999999999999998
calendar_18,calendar,2,2,1,2.9371132311453376,1.070464368854662,5,0.19999999999999998
calendar_18,calendar,2,3,1,3.0105874728313218,0.9969901271686783,5,0.19999999999999998
calendar_18,calendar,2,4,1,2.989657480912884,1.017920119087116,5,0.19999999999999998
calendar_18,calendar,2,5,1,2.9624317220316647,1.0451458779683356,5,0.19999999999999998
calendar_18,calendar,2,6,1,2.9881078786084956,1.0194697213915054,5,0.19999999999999998
calendar_18,calendar,2,7,1,2.9363931749174235,1.0711844250825766,5,0.19999999999999998
calendar_18,calendar,2,8,1,2.831979559610003,1.1755980403899966,5,0.19999999999999998
calendar_18,calendar,2,9,1,3.052961765906592,0.9546158340934073,5,0.19999999999999998
calendar_18,calendar,2,0,2,3.200540584224246,0.8070370157757542,5,0.19999999999999998
calendar_18,calendar,2,1,2,2.96213165416619,1.0454459458338103,5,0.19999999999999998
calendar_18,calendar,2,2,2,3.0141663789903816,0.9934112210096201,5,0.19999999999999998
calendar_18,calendar,2,3,2,3.0749795795400776,0.9325980204599219,5,0.19999999999999998
calendar_18,calendar,2,4,2,3.0642755288523995,0.9433020711476,5,0.19999999999999998
calendar_18,calendar,2,5,2,3.025229085469919,0.9823485145300798,5,0.19999999999999998
calendar_18,calendar,2,6,2,3.055871185790485,0.9517064142095145,5,0.19999999999999998
calendar_18,calendar,2,7,2,3.0212225166471005,0.9863550833529003,5,0.19999999999999998
calendar_18,calendar,2,8,2,2.8892826293885685,1.118294970611431,5,0.19999999999999998
calendar_18,calendar,2,9,2,3.13502310321682,0.8725544967831809,5,0.19999999999999998
calendar_18,calendar,2,0,3,3.183405880400253,0.824171719599748,5,0.19999999999999998
calendar_18,calendar,2,1,3,2.97677416536906,1.0308034346309398,5,0.19999999999999998
calendar_18,calendar,2,2,3,3.0249252367757027,0.9826523632242966,5,0.19999999999999998
calendar_18,calendar,2,3,3,3.038198756550618,0.9693788434493822,5,0.19999999999999998
calendar_18,calendar,2,4,3,3.0303802204297923,0.9771973795702086,5,0.19999999999999998
calendar_18,calendar,2,5,3,3.041898687073415,0.9656789129265866,5,0.19999999999999998
calendar_18,calendar,2,6,3,3.022685365969451,0.9848922340305494,5,0.19999999999999998
calendar_18,calendar,2,7,3,3.0314813335529527,0.9760962664470482,5,0.19999999999999998
calendar_18,calendar,2,8,3,2.9789947273040447,1.0285828726959563,5,0.19999999999999998
calendar_18,calendar,2,9,3,3.1766483157602607,0.830929284239739,5,0.19999999999999998
calendar_18,calendar,2,0,4,3.145603264330627,0.8619743356693738,5,0.19999999999999998
calendar_18,calendar,2,1,4,2.9857207671407493,1.0218568328592497,5,0.19999999999999998
calendar_18,calendar,2,2,4,3.134921929477348,0.872655670522652,5,0.19999999999999998
calendar_18,calendar,2,3,4,3.078617852535556,0.9289597474644429,5,0.19999999999999998
calendar_18,calendar,2,4,4,3.0879420642485527,0.9196355357514474,5,0.19999999999999998
calendar_18,calendar,2,5,4,3.0495664235306617,0.9580111764693379,5,0.19999999999999998
calendar_18,calendar,2,6,4,3.0341405339188077,0.9734370660811925,5,0.19999999999999998
calendar_18,calendar,2,7,4,3.064846552745235,0.9427310472547659,5,0.19999999999999998
calendar_18,calendar,2,8,4,3.0513783784066995,0.9561992215933001,5,0.19999999999999998
calendar_18,calendar,2,9,4,3.2230515992636275,0.7845260007363745,5,0.19999999999999998
calendar_18,calendar,2,0,5,3.1466893825863465,0.8608882174136545,5,0.19999999999999998
calendar_18,calendar,2,1,5,2.973323144539139,1.0342544554608613,5,0.19999999999999998
calendar_18,calendar,2,2,5,3.0489376369736916,0.9586399630263087,5,0.19999999999999998
calendar_18,calendar,2,3,5,3.0919962186303844,0.9155813813696158,5,0.19999999999999998
calendar_18,calendar,2,4,5,3.0839358359759523,0.9236417640240479,5,0.19999999999999998
calendar_18,calendar,2,5,5,3.0905554252239655,0.9170221747760354,5,0.19999999999999998
calendar_18,calendar,2,6,5,3.000514768859485,1.0070628311405154,5,0.19999999999999998
calendar_18,calendar,2,7,5,3.050702569037994,0.9568750309620065,5,0.19999999999999998
calendar_18,calendar,2,8,5,2.9797687753317534,1.0278088246682477,5,0.19999999999999998
calendar_18,calendar,2,9,5,3.235855678158544,0.7717219218414552,5,0.19999999999999998
calendar_18,calendar,2,0,6,3.177058205099901,0.8305193949001008,5,0.19999999999999998
calendar_18,calendar,2,1,6,2.9881514905258677,1.019426109474131,5,0.19999999999999998
calendar_18,calendar,2,2,6,3.065930190810362,0.9416474091896379,5,0.19999999999999998
calendar_18,calendar,2,3,6,3.0683028550887337,0.9392747449112682,5,0.19999999999999998
calendar_18,calendar,2,4,6,3.0581904634561856,0.949387136543814,5,0.19999999999999998
calendar_18,calendar,2,5,6,3.0633421167920596,0.94423548320794,5,0.19999999999999998
calendar_18,calendar,2,6,6,3.0222493331102234,0.9853282668897768,5,0.19999999999999998
calendar_18,calendar,2,7,6,3.012704247902645,0.9948733520973555,5,0.19999999999999998
calendar_18,calendar,2,8,6,2.906416870375173,1.1011607296248276,5,0.19999999999999998
calendar_18,calendar,2,9,6,3.1577567172725303,0.8498208827274695,5,0.19999999999999998
calendar_18,calendar,2,0,7,3.1239072052679875,0.8836703947320116,5,0.19999999999999998
calendar_18,calendar,2,1,7,2.9905347483229363,1.0170428516770644,5,0.19999999999999998
calendar_18,calendar,2,2,7,3.0429595623357817,0.9646180376642169,5,0.19999999999999998
calendar_18,calendar,2,3,7,3.0492422960599574,0.9583353039400412,5,0.19999999999999998
calendar_18,calendar,2,4,7,2.9958063487738453,1.0117712512261545,5,0.19999999999999998
calendar_18,calendar,2,5,7,2.9936197963960955,1.0139578036039045,5,0.19999999999999998
calendar_18,calendar,2,6,7,3.027866606591486,0.9797109934085149,5,0.19999999999999998
calendar_18,calendar,2,7,7,3.0322613264508274,0.9753162735491736,5,0.19999999999999998
calendar_18,calendar,2,8,7,2.971455474317296,1.036122125682704,5,0.19999999999999998
calendar_18,calendar,2,9,7,3.1673475109711418,0.8402300890288599,5,0.19999999999999998
calendar_18,calendar,2,0,8,3.098893249763212,0.9086843502367888,5,0.19999999999999998
calendar_18,calendar,2,1,8,2.8654882719426165,1.1420893280573836,5,0.19999999999999998
calendar_18,calendar,2,2,8,2.9491454481965285,1.058432151803471,5,0.19999999999999998
calendar_18,calendar,2,3,8,2.908575425117629,1.099002174882371,5,0.19999999999999998
calendar_18,calendar,2,4,8,2.925274418214042,1.0823031817859587,5,0.19999999999999998
calendar_18,calendar,2,5,8,2.9716298533911805,1.0359477466088185,5,0.19999999999999998
calendar_18,calendar,2,6,8,2.9536626033299744,1.0539149966700243,5,0.19999999999999998
calendar_18,calendar,2,7,8,2.943999619235504,1.0635779807644956,5,0.19999999999999998
calendar_18,calendar,2,8,8,2.8530838165707553,1.1544937834292455,5,0.19999999999999998
calendar_18,calendar,2,9,8,3.0840952774028354,0.9234823225971645,5,0.19999999999999998
calendar_18,calendar,2,0,9,3.278858857529598,0.7287187424704031,5,0.19999999999999998
calendar_18,calendar,2,1,9,3.1069976360544933,0.9005799639455064,5,0.19999999999999998
calendar_18,calendar,2,2,9,3.159959266707652,0.847618333292347,5,0.19999999999999998
calendar_18,calendar,2,3,9,3.170294382857613,0.8372832171423875,5,0.19999999999999998
calendar_18,calendar,2,4,9,3.178282651472955,0.8292949485270453,5,0.19999999999999998
calendar_18,calendar,2,5,9,3.1948667204200625,0.8127108795799382,5,0.19999999999999998
calendar_18,calendar,2,6,9,3.2171369005359187,0.7904406994640819,5,0.19999999999999998
calendar_18,calendar,2,7,9,3.1882344097505873,0.8193431902494119,5,0.19999999999999998
calendar_18,calendar,2,8,9,3.0355802523346194,0.9719973476653797,5,0.19999999999999998
calendar_18,calendar,2,9,9,3.2844084615105107,0.7231691384894907,5,0.19999999999999998
calendar_17,calendar,2,0,0,3.308781488991857,0.6987961110081442,5,0.19999999999999998
calendar_17,calendar,2,1,0,3.142114968346589,0.8654626316534113,5,0.19999999999999998
calendar_17,calendar,2,2,0,3.2031131798377714,0.8044644201622295,5,0.19999999999999998
calendar_17,calendar,2,3,0,3.1711508728298003,0.8364267271702004,5,0.19999999999999998
calendar_17,calendar,2,4,0,3.191187595926171,0.8163900040738287,5,0.19999999999999998
calendar_17,calendar,2,5,0,3.1573740104421253,0.850203589557877,5,0.19999999999999998
calendar_17,calendar,2,6,0,3.1441703677788895,0.8634072322211113,5,0.19999999999999998
calendar_17,calendar,2,7,0,3.1161864783793556,0.891391121620645,5,0.19999999999999998
calendar_17,calendar,2,8,0,3.1063817598096763,0.9011958401903235,5,0.19999999999999998
calendar_17,calendar,2,9,0,3.302586811171743,0.7049907888282568,5,0.19999999999999998
calendar_17,calendar,2,0,1,3.094849905519712,0.9127276944802887,5,0.19999999999999998
calendar_17,calendar,2,1,1,2.8598659032053293,1.147711696794671,5,0.19999999999999998
calendar_17,calendar,2,2,1,2.9522158625986843,1.0553617374013171,5,0.19999999999999998
calendar_17,calendar,2,3,1,3.041712657991223,0.9658649420087762,5,0.19999999999999998
calendar_17,calendar,2,4,1,2.9446433357991064,1.062934264200893,5,0.19999999999999998
calendar_17,calendar,2,5,1,2.9574850678583227,1.050092532141677,5,0.19999999999999998
calendar_17,calendar,2,6,1,2.922865335369192,1.0847122646308065,5,0.19999999999999998
calendar_17,calendar,2,7,1,2.9723082146748725,1.0352693853251271,5,0.19999999999999998
calendar_17,calendar,2,8,1,2.9051301421688107,1.1024474578311914,5,0.19999999999999998
calendar_17,calendar,2,9,1,3.0972040692100795,0.9103735307899222,5,0.19999999999999998
calendar_17,calendar,2,0,2,3.145225824781893,0.8623517752181085,5,0.19999999999999998
calendar_17,calendar,2,1,2,2.9320212735588065,1.0755563264411947,5,0.19999999999999998
calendar_17,calendar,2,2,2,3.040600359483648,0.9669772405163527,5,0.19999999999999998
calendar_17,calendar,2,3,2,3.0242206045836215,0.9833569954163798,5,0.19999999999999998
calendar_17,calendar,2,4,2,2.98707102737242,1.02050657262758,5,0.19999999999999998
calendar_17,calendar,2,5,2,3.023045708904123,0.9845318910958762,5,0.19999999999999998
calendar_17,calendar,2,6,2,3.0721654204880258,0.9354121795119759,5,0.19999999999999998
calendar_17,calendar,2,7,2,3.0840936332018773,0.9234839667981245,5,0.19999999999999998
calendar_17,calendar,2,8,2,2.963832954185897,1.0437446458141038,5,0.19999999999999998
calendar_17,calendar,2,9,2,3.179856244493066,0.8277213555069346,5,0.19999999999999998
calendar_17,calendar,2,0,3,3.182061713120088,0.8255158868799118,5,0.19999999999999998
calendar_17,calendar,2,1,3,3.03730118079988,0.9702764192001188,5,0.19999999999999998
calendar_17,calendar,2,2,3,3.0323042010439822,0.9752733989560193,5,0.19999999999999998
calendar_17,calendar,2,3,3,3.0587654338234307,0.948812166176569,5,0.19999999999999998
calendar_17,calendar,2,4,3,3.0535368067358037,0.9540407932641951,5,0.19999999999999998
calendar_17,calendar,2,5,3,3.0646477732329593,0.9429298267670428,5,0.19999999999999998
calendar_17,calendar,2,6,3,3.0648434071218147,0.9427341928781856,5,0.19999999999999998
calendar_17,calendar,2,7,3,3.031313092372081,0.976264507627918,5,0.19999999999999998
calendar_17,calendar,2,8,3,2.9677619683863496,1.0398156316136504,5,0.19999999999999998
calendar_17,calendar,2,9,3,3.1755861461579697,0.8319914538420315,5,0.19999999999999998
calendar_17,calendar,2,0,4,3.2246508891696726,0.7829267108303261,5,0.19999999999999998
calendar_17,calendar,2,1,4,2.9758027562021887,1.0317748437978125,5,0.19999999999999998
calendar_17,calendar,2,2,4,3.0752657992773,0.9323118007226999,5,0.19999999999999998
calendar_17,calendar,2,3,4,3.0556540206614007,0.951923579338599,5,0.19999999999999998
calendar_17,calendar,2,4,4,3.057433280270054,0.9501443197299463,5,0.19999999999999998
calendar_17,calendar,2,5,4,3.1137644269956493,0.8938131730043516,5,0.19999999999999998
calendar_17,calendar,2,6,4,3.0511287623079677,0.9564488376920331,5,0.19999999999999998
calendar_17,calendar,2,7,4,3.039081252865625,0.9684963471343765,5,0.19999999999999998
calendar_17,calendar,2,8,4,2.9722088227453844,1.0353687772546156,5,0.19999999999999998
calendar_17,calendar,2,9,4,3.1610982668780707,0.8464793331219296,5,0.19999999999999998
calendar_17,calendar,2,0,5,3.2363691918666877,0.7712084081333133,5,0.19999999999999998
calendar_17,calendar,2,1,5,2.9724682470410504,1.03510935295895,5,0.19999999999999998
calendar_17,calendar,2,2,5,3.0030702149046347,1.0045073850953652,5,0.19999999999999998
calendar_17,calendar,2,3,5,3.037203740045446,0.9703738599545537,5,0.19999999999999998
calendar_17,calendar,2,4,5,3.0798495013369376,0.927728098663062,5,0.19999999999999998
calendar_17,calendar,2,5,5,3.046846228338735,0.9607313716612654,5,0.19999999999999998
calendar_17,calendar,2,6,5,3.0700010530727844,0.937576546927216,5,0.19999999999999998
calendar_17,calendar,2,7,5,3.0846606401412577,0.9229169598587417,5,0.19999999999999998
calendar_17,calendar,2,8,5,2.9743565438401918,1.0332210561598085,5,0.19999999999999998
calendar_17,calendar,2,9,5,3.19175320002877,0.8158243999712285,5,0.19999999999999998
calendar_17,calendar,2,0,6,3.20389583767822,0.8036817623217808,5,0.19999999999999998
calendar_17,calendar,2,1,6,2.958278285975055,1.0492993140249438,5,0.19999999999999998
calendar_17,calendar,2,2,6,3.0431973433294757,0.9643802566705261,5,0.19999999999999998
calendar_17,calendar,2,3,6,3.0330120202093984,0.9745655797905998,5,0.19999999999999998
calendar_17,calendar,2,4,6,3.075345807551251,0.9322317924487494,5,0.19999999999999998
calendar_17,calendar,2,5,6,3.064382160670137,0.9431954393298643,5,0.19999999999999998
calendar_17,calendar,2,6,6,3.088114015295507,0.9194635847044935,5,0.19999999999999998
calendar_17,calendar,2,7,6,3.0699808538505087,0.9375967461494925,5,0.19999999999999998
calendar_17,calendar,2,8,6,2.9797123452466043,1.027865254753397,5,0.19999999999999998
calendar_17,calendar,2,9,6,3.186331539338458,0.8212460606615423,5,0.19999999999999998
calendar_17,calendar,2,0,7,3.1602460962110155,0.8473315037889844,5,0.19999999999999998
calendar_17,calendar,2,1,7,2.959961947314971,1.04761565268503,5,0.19999999999999998
calendar_17,calendar,2,2,7,3.003239757138833,1.0043378428611682,5,0.19999999999999998
calendar_17,calendar,2,3,7,3.0658517878151548,0.9417258121848454,5,0.19999999999999998
calendar_17,calendar,2,4,7,3.0622440122058454,0.9453335877941537,5,0.19999999999999998
calendar_17,calendar,2,5,7,3.0547008839332257,0.9528767160667756,5,0.19999999999999998
calendar_17,calendar,2,6,7,3.0699263357642628,0.9376512642357371,5,0.19999999999999998
calendar_17,calendar,2,7,7,3.0568604317258177,0.9507171682741826,5,0.19999999999999998
calendar_17,calendar,2,8,7,2.917388055777488,1.0901895442225107,5,0.19999999999999998
calendar_17,calendar,2,9,7,3.1681872800212667,0.8393903199787333,5,0.19999999999999998
calendar_17,calendar,2,0,8,3.0958415971186763,0.9117360028813231,5,0.19999999999999998
calendar_17,calendar,2,1,8,2.831882911908944,1.1756946880910557,5,0.19999999999999998
calendar_17,calendar,2,2,8,2.9441956121304123,1.0633819878695885,5,0.19999999999999998
calendar_17,calendar,2,3,8,2.9444134671777227,1.0631641328222772,5,0.19999999999999998
calendar_17,calendar,2,4,8,2.9905494997750868,1.0170281002249126,5,0.19999999999999998
calendar_17,calendar,2,5,8,2.961039165803331,1.04653843419667,5,0.19999999999999998
calendar_17,calendar,2,6,8,3.006125036295939,1.0014525637040603,5,0.19999999999999998
calendar_17,calendar,2,7,8,2.94496277639435,1.0626148236056507,5,0.19999999999999998
calendar_17,calendar,2,8,8,2.835569326076941,1.17200827392306,5,0.19999999999999998
calendar_17,calendar,2,9,8,3.120547715894807,0.8870298841051926,5,0.19999999999999998
calendar_17,calendar,2,0,9,3.3201930504800807,0.6873845495199201,5,0.19999999999999998
calendar_17,calendar,2,1,9,3.1282281750010372,0.8793494249989628,5,0.19999999999999998
calendar_17,calendar,2,2,9,3.1474087911354793,0.8601688088645216,5,0.19999999999999998
calendar_17,calendar,2,3,9,3.2245345414702116,0.7830430585297893,5,0.19999999999999998
calendar_17,calendar,2,4,9,3.165085168072014,0.8424924319279866,5,0.19999999999999998
calendar_17,calendar,2,5,9,3.177071648231323,0.8305059517686759,5,0.19999999999999998
calendar_17,calendar,2,6,9,3.1915615814959692,0.8160160185040306,5,0.19999999999999998
calendar_17,calendar,2,7,9,3.160365073276486,0.8472125267235155,5,0.19999999999999998
calendar_17,calendar,2,8,9,3.110225513663274,0.8973520863367251,5,0.19999999999999998
calendar_17,calendar,2,9,9,3.301439147548974,0.7061384524510254,5,0.19999999999999998
calendar_16,calendar,3,0,0,3.198947007141882,0.8086305928581179,5,0.3
calendar_16,calendar,3,1,0,2.9962670831583353,1.0113105168416647,5,0.3
calendar_16,calendar,3,2,0,3.027703299213249,0.9798743007867526,5,0.3
calendar_16,calendar,3,3,0,3.021922095004045,0.9856555049959559,5,0.3
calendar_16,calendar,3,4,0,3.0163178941155855,0.9912597058844154,5,0.3
calendar_16,calendar,3,5,0,3.067666929452161,0.9399106705478387,5,0.3
calendar_16,calendar,3,6,0,3.0710845240806752,0.9364930759193238,5,0.3
calendar_16,calendar,3,7,0,3.048718073403388,0.9588595265966121,5,0.3
calendar_16,calendar,3,8,0,2.9655821047464697,1.0419954952535304,5,0.3
calendar_16,calendar,3,9,0,3.2178533983866173,0.7897242016133821,5,0.3
calendar_16,calendar,3,0,1,2.936844781258783,1.0707328187412182,5,0.3
calendar_16,calendar,3,1,1,2.6437806218285744,1.3637969781714259,5,0.3
calendar_16,calendar,3,2,1,2.7716991750570363,1.2358784249429637,5,0.3
calendar_16,calendar,3,3,1,2.76912446214951,1.2384531378504893,5,0.3
calendar_16,calendar,3,4,1,2.7644492782174264,1.2431283217825728,5,0.3
calendar_16,calendar,3,5,1,2.773323873548142,1.2342537264518587,5,0.3
calendar_16,calendar,3,6,1,2.822680496249246,1.1848971037507539,5,0.3
calendar_16,calendar,3,7,1,2.7553538741478754,1.2522237258521247,5,0.3
calendar_16,calendar,3,8,1,2.638642438873052,1.368935161126949,5,0.3
calendar_16,calendar,3,9,1,2.9265344272620952,1.081043172737906,5,0.3
calendar_16,calendar,3,0,2,3.034913399736112,0.9726642002638869,5,0.3
calendar_16,calendar,3,1,2,2.7349456960961143,1.2726319039038847,5,0.3
calendar_16,calendar,3,2,2,2.842010173432721,1.1655674265672784,5,0.3
calendar_16,calendar,3,3,2,2.885133481348414,1.122444118651586,5,0.3
calendar_16,calendar,3,4,2,2.8492714821732226,1.1583061178267777,5,0.3
calendar_16,calendar,3,5,2,2.855254733313526,1.1523228666864744,5,0.3
calendar_16,calendar,3,6,2,2.8687662621113117,1.1388113378886895,5,0.3
calendar_16,calendar,3,7,2,2.910298896462293,1.097278703537708,5,0.3
calendar_16,calendar,3,8,2,2.7566597521915646,1.250917847808436,5,0.3
calendar_16,calendar,3,9,2,3.048043042193005,0.9595345578069961,5,0.3
calendar_16,calendar,3,0,3,3.066627925923416,0.9409496740765841,5,0.3
calendar_16,calendar,3,1,3,2.7952900415119006,1.2122875584881003,5,0.3
calendar_16,calendar,3,2,3,2.8906906060125297,1.1168869939874706,5,0.3
calendar_16,calendar,3,3,3,2.955370736730618,1.0522068632693813,5,0.3
calendar_16,calendar,3,4,3,2.893425537409505,1.1141520625904968,5,0.3
calendar_16,calendar,3,5,3,2.8858630570845287,1.1217145429154707,5,0.3
calendar_16,calendar,3,6,3,2.9670920618921395,1.0404855381078602,5,0.3
calendar_16,calendar,3,7,3,2.945072417159408,1.0625051828405934,5,0.3
calendar_16,calendar,3,8,3,2.821051774450184,1.186525825549816,5,0.3
calendar_16,calendar,3,9,3,3.0426670095871264,0.9649105904128742,5,0.3
calendar_16,calendar,3,0,4,3.0755665581820337,0.9320110418179671,5,0.3
calendar_16,calendar,3,1,4,2.8553261307019553,1.1522514692980452,5,0.3
calendar_16,calendar,3,2,4,2.900633048329217,1.1069445516707832,5,0.3
calendar_16,calendar,3,3,4,2.916622911162865,1.0909546888371349,5,0.3
calendar_16,calendar,3,4,4,2.9071603898898024,1.1004172101101977,5,0.3
calendar_16,calendar,3,5,4,2.9271424139687925,1.080435186031207,5,0.3
calendar_16,calendar,3,6,4,2.961776560926564,1.0458010390734362,5,0.3
calendar_16,calendar,3,7,4,2.855912878007601,1.1516647219923999,5,0.3
calendar_16,calendar,3,8,4,2.799224417276946,1.2083531827230538,5,0.3
calendar_16,calendar,3,9,4,3.0736671632052457,0.9339104367947546,5,0.3
calendar_16,calendar,3,0,5,3.070611298445215,0.936966301554784,5,0.3
calendar_16,calendar,3,1,5,2.809449182339526,1.1981284176604727,5,0.3
calendar_16,calendar,3,2,5,2.929515675402503,1.0780619245974965,5,0.3
calendar_16,calendar,3,3,5,2.9439159007955262,1.0636616992044738,5,0.3
calendar_16,calendar,3,4,5,2.9207272677337093,1.0868503322662917,5,0.3
calendar_16,calendar,3,5,5,2.8843222553172962,1.1232553446827038,5,0.3
calendar_16,calendar,3,6,5,2.9241151443686033,1.0834624556313963,5,0.3
calendar_16,calendar,3,7,5,2.9026915533085744,1.104886046691426,5,0.3
calendar_16,calendar,3,8,5,2.803955661614261,1.2036219383857387,5,0.3
calendar_16,calendar,3,9,5,3.166752770709452,0.8408248292905484,5,0.3
calendar_16,calendar,3,0,6,3.094505289578458,0.9130723104215429,5,0.3
calendar_16,calendar,3,1,6,2.820205292738344,1.187372307261656,5,0.3
calendar_16,calendar,3,2,6,2.981550565594664,1.026027034405336,5,0.3
calendar_16,calendar,3,3,6,2.940481649591417,1.067095950408584,5,0.3
calendar_16,calendar,3,4,6,2.904308314326674,1.1032692856733257,5,0.3
calendar_16,calendar,3,5,6,2.855713945688643,1.1518636543113567,5,0.3
calendar_16,calendar,3,6,6,2.934644214675337,1.0729333853246639,5,0.3
calendar_16,calendar,3,7,6,2.9209815480153685,1.086596051984631,5,0.3
calendar_16,calendar,3,8,6,2.8416159594585095,1.1659616405414914,5,0.3
calendar_16,calendar,3,9,6,3.136043401972916,0.8715341980270853,5,0.3
calendar_16,calendar,3,0,7,3.040038423143671,0.9675391768563297,5,0.3
calendar_16,calendar,3,1,7,2.8023055215175163,1.2052720784824846,5,0.3
calendar_16,calendar,3,2,7,2.8899106242035795,1.1176669757964204,5,0.3
calendar_16,calendar,3,3,7,2.9135936515084997,1.0939839484914995,5,0.3
calendar_16,calendar,3,4,7,2.9168422840616977,1.0907353159383022,5,0.3
calendar_16,calendar,3,5,7,2.8993988805756232,1.1081787194243768,5,0.3
calendar_16,calendar,3,6,7,2.871258623042458,1.136318976957541,5,0.3
calendar_16,calendar,3,7,7,2.873941385019183,1.1336362149808177,5,0.3
calendar_16,calendar,3,8,7,2.860741251075382,1.146836348924618,5,0.3
calendar_16,calendar,3,9,7,3.0760256577429113,0.9315519422570884,5,0.3
calendar_16,calendar,3,0,8,2.9910616146024056,1.0165159853975927,5,0.3
calendar_16,calendar,3,1,8,2.712938553595657,1.294639046404342,5,0.3
calendar_16,calendar,3,2,8,2.8209719817438117,1.1866056182561875,5,0.3
calendar_16,calendar,3,3,8,2.838373856849288,1.169203743150712,5,0.3
calendar_16,calendar,3,4,8,2.8273053259697467,1.180272274030253,5,0.3
calendar_16,calendar,3,5,8,2.781594037597687,1.225983562402314,5,0.3
calendar_16,calendar,3,6,8,2.78326857908736,1.224309020912641,5,0.3
calendar_16,calendar,3,7,8,2.8130237739753863,1.1945538260246134,5,0.3
calendar_16,calendar,3,8,8,2.686584663070276,1.3209929369297237,5,0.3
calendar_16,calendar,3,9,8,2.970432010103313,1.0371455898966866,5,0.3
calendar_16,calendar,3,0,9,3.1696838541029027,0.8378937458970986,5,0.3
calendar_16,calendar,3,1,9,2.987027372081901,1.0205502279180987,5,0.3
calendar_16,calendar,3,2,9,3.0862522941629966,0.9213253058370034,5,0.3
calendar_16,calendar,3,3,9,3.0988995395092185,0.9086780604907816,5,0.3
calendar_16,calendar,3,4,9,3.0896293452154966,0.9179482547845033,5,0.3
calendar_16,calendar,3,5,9,3.0278806766473987,0.9796969233526016,5,0.3
calendar_16,calendar,3,6,9,3.0420127773607213,0.9655648226392781,5,0.3
calendar_16,calendar,3,7,9,3.035655631246343,0.9719219687536564,5,0.3
calendar_16,calendar,3,8,9,2.9878319648929237,1.0197456351070775,5,0.3
calendar_16,calendar,3,9,9,3.200019262404518,0.8075583375954828,5,0.3
calendar_15,calendar,3,0,0,3.239921274875266,0.767656325124732,5,0.3
calendar_15,calendar,3,1,0,2.9693812577834593,1.0381963422165412,5,0.3
calendar_15,calendar,3,2,0,3.0242644689961358,0.983313131003865,5,0.3
calendar_15,calendar,3,3,0,3.0355534317006794,0.9720241682993184,5,0.3
calendar_15,calendar,3,4,0,3.0634634629436803,0.9441141370563203,5,0.3
calendar_15,calendar,3,5,0,3.0975870901768294,0.909990509823171,5,0.3
calendar_15,calendar,3,6,0,3.1094630531377705,0.8981145468622299,5,0.3
calendar_15,calendar,3,7,0,3.0860226403821076,0.921554959617893,5,0.3
calendar_15,calendar,3,8,0,3.062609102883428,0.9449684971165722,5,0.3
calendar_15,calendar,3,9,0,3.2878692503293268,0.7197083496706751,5,0.3
calendar_15,calendar,3,0,1,2.9846600730987887,1.022917526901212,5,0.3
calendar_15,calendar,3,1,1,2.6388403441966024,1.3687372558033986,5,0.3
calendar_15,calendar,3,2,1,2.76817732030357,1.2394002796964292,5,0.3
calendar_15,calendar,3,3,1,2.815250943474615,1.1923266565253863,5,0.3
calendar_15,calendar,3,4,1,2.803128559292889,1.2044490407071111,5,0.3
calendar_15,calendar,3,5,1,2.821745913224964,1.1858316867750371,5,0.3
calendar_15,calendar,3,6,1,2.831065048424938,1.1765125515750627,5,0.3
calendar_15,calendar,3,7,1,2.8306914999270907,1.1768861000729098,5,0.3
calendar_15,calendar,3,8,1,2.7352990074883183,1.2722785925116826,5,0.3
calendar_15,calendar,3,9,1,3.030547426554556,0.977030173445445,5,0.3
calendar_15,calendar,3,0,2,3.0995531645564007,0.9080244354436005,5,0.3
calendar_15,calendar,3,1,2,2.788517345897466,1.219060254102534,5,0.3
calendar_15,calendar,3,2,2,2.89121253445628,1.1163650655437203,5,0.3
calendar_15,calendar,3,3,2,2.8454629606192867,1.162114639380714,5,0.3
calendar_15,calendar,3,4,2,2.9223888915367517,1.0851887084632474,5,0.3
calendar_15,calendar,3,5,2,2.877563188994084,1.1300144110059158,5,0.3
calendar_15,calendar,3,6,2,2.9085253498874057,1.099052250112594,5,0.3
calendar_15,calendar,3,7,2,2.912713739134064,1.0948638608659365,5,0.3
calendar_15,calendar,3,8,2,2.8308074669972547,1.1767701330027454,5,0.3
calendar_15,calendar,3,9,2,3.062372648971493,0.9452049510285078,5,0.3
calendar_15,calendar,3,0,3,3.101276792656597,0.9063008073434038,5,0.3
calendar_15,calendar,3,1,3,2.856439636660574,1.1511379633394276,5,0.3
calendar_15,calendar,3,2,3,2.9481238622009376,1.0594537377990632,5,0.3
calendar_15,calendar,3,3,3,2.8999274605481555,1.1076501394518443,5,0.3
calendar_15,calendar,3,4,3,2.9046125378542444,1.1029650621457554,5,0.3
calendar_15,calendar,3,5,3,2.9238140315814385,1.0837635684185611,5,0.3
calendar_15,calendar,3,6,3,2.903922135779989,1.1036554642200112,5,0.3
calendar_15,calendar,3,7,3,2.898813526409212,1.1087640735907889,5,0.3
calendar_15,calendar,3,8,3,2.830065643494712,1.1775119565052872,5,0.3
calendar_15,calendar,3,9,3,3.085764705020889,0.9218128949791108,5,0.3
calendar_15,calendar,3,0,4,3.0668879103116327,0.9406896896883674,5,0.3
calendar_15,calendar,3,1,4,2.805766912594446,1.2018106874055534,5,0.3
calendar_15,calendar,3,2,4,2.944938912132075,1.0626386878679255,5,0.3
calendar_15,calendar,3,3,4,2.911827241330671,1.0957503586693293,5,0.3
calendar_15,calendar,3,4,4,2.870601553715195,1.136976046284805,5,0.3
calendar_15,calendar,3,5,4,2.908859886165206,1.098717713834794,5,0.3
calendar_15,calendar,3,6,4,2.94623244256004,1.0613451574399597,5,0.3
calendar_15,calendar,3,7,4,2.8879944995793574,1.1195831004206425,5,0.3
calendar_15,calendar,3,8,4,2.8621551578125137,1.1454224421874863,5,0.3
calendar_15,calendar,3,9,4,3.1215493196135333,0.8860282803864667,5,0.3
calendar_15,calendar,3,0,5,3.0420397715865226,0.9655378284134788,5,0.3
calendar_15,calendar,3,1,5,2.7765752458772632,1.2310023541227362,5,0.3
calendar_15,calendar,3,2,5,2.9247011398576848,1.0828764601423146,5,0.3
calendar_15,calendar,3,3,5,2.8921479872274096,1.11542961277259,5,0.3
calendar_15,calendar,3,4,5,2.8776959257975783,1.129881674202423,5,0.3
calendar_15,calendar,3,5,5,2.90433255355249,1.1032450464475099,5,0.3
calendar_15,calendar,3,6,5,2.9383592416282545,1.0692183583717454,5,0.3
calendar_15,calendar,3,7,5,2.9043068098710916,1.1032707901289078,5,0.3
calendar_15,calendar,3,8,5,2.860754069261517,1.146823530738484,5,0.3
calendar_15,calendar,3,9,5,3.0832139673057366,0.9243636326942638,5,0.3
calendar_15,calendar,3,0,6,3.025622853034792,0.9819547469652075,5,0.3
calendar_15,calendar,3,1,6,2.8630926660503673,1.144484933949633,5,0.3
calendar_15,calendar,3,2,6,2.928534485404419,1.0790431145955803,5,0.3
calendar_15,calendar,3,3,6,2.888928794724539,1.118648805275461,5,0.3
calendar_15,calendar,3,4,6,2.890714530069501,1.116863069930499,5,0.3
calendar_15,calendar,3,5,6,2.9127858939902462,1.0947917060097532,5,0.3
calendar_15,calendar,3,6,6,2.954433902166841,1.053143697833159,5,0.3
calendar_15,calendar,3,7,6,2.911646289660865,1.0959313103391362,5,0.3
calendar_15,calendar,3,8,6,2.8267463879389108,1.1808312120610882,5,0.3
calendar_15,calendar,3,9,6,3.019774994263937,0.987802605736062,5,0.3
calendar_15,calendar,3,0,7,3.0815170056649848,0.9260605943350143,5,0.3
calendar_15,calendar,3,1,7,2.797823165179451,1.2097544348205496,5,0.3
calendar_15,calendar,3,2,7,2.8326002570359416,1.1749773429640589,5,0.3
calendar_15,calendar,3,3,7,2.8521312063959425,1.1554463936040569,5,0.3
calendar_15,calendar,3,4,7,2.9439192032317907,1.0636583967682096,5,0.3
calendar_15,calendar,3,5,7,2.878973380369059,1.128604219630941,5,0.3
calendar_15,calendar,3,6,7,2.87229440198735,1.1352831980126505,5,0.3
calendar_15,calendar,3,7,7,2.909298066812835,1.0982795331871666,5,0.3
calendar_15,calendar,3,8,7,2.788277940678783,1.2192996593212164,5,0.3
calendar_15,calendar,3,9,7,3.074961668307227,0.9326159316927743,5,0.3
calendar_15,calendar,3,0,8,2.9646513549394378,1.042926245060563,5,0.3
calendar_15,calendar,3,1,8,2.686342792053545,1.3212348079464555,5,0.3
calendar_15,calendar,3,2,8,2.7521400991462217,1.255437500853777,5,0.3
calendar_15,calendar,3,3,8,2.7938420633220296,1.2137355366779716,5,0.3
calendar_15,calendar,3,4,8,2.8600714889014545,1.1475061110985454,5,0.3
calendar_15,calendar,3,5,8,2.8662380891449746,1.1413395108550257,5,0.3
calendar_15,calendar,3,6,8,2.832564104951952,1.1750134950480486,5,0.3
calendar_15,calendar,3,7,8,2.791902364371763,1.2156752356282376,5,0.3
calendar_15,calendar,3,8,8,2.734029085112454,1.273548514887545,5,0.3
calendar_15,calendar,3,9,8,3.0443613387197774,0.9632162612802221,5,0.3
calendar_15,calendar,3,0,9,3.246349808991785,0.7612277910082159,5,0.3
calendar_15,calendar,3,1,9,2.9826135105033234,1.024964089496678,5,0.3
calendar_15,calendar,3,2,9,3.070413236827312,0.9371643631726864,5,0.3
calendar_15,calendar,3,3,9,3.1044874269269402,0.9030901730730606,5,0.3
calendar_15,calendar,3,4,9,3.1624441435304074,0.8451334564695921,5,0.3
calendar_15,calendar,3,5,9,3.094778142684497,0.9127994573155037,5,0.3
calendar_15,calendar,3,6,9,3.0712793519684456,0.9362982480315541,5,0.3
calendar_15,calendar,3,7,9,3.1009414035810012,0.9066361964189978,5,0.3
calendar_15,calendar,3,8,9,2.969697191118338,1.0378804088816618,5,0.3
calendar_15,calendar,3,9,9,3.214841658157842,0.7927359418421587,5,0.3
calendar_18,calendar,3,0,0,3.234642063088997,0.7729355369110025,5,0.3
calendar_18,calendar,3,1,0,2.9845096218920237,1.0230679781079761,5,0.3
calendar_18,calendar,3,2,0,3.0535620913106274,0.9540155086893727,5,0.3
calendar_18,calendar,3,3,0,3.066151102898992,0.941426497101008,5,0.3
calendar_18,calendar,3,4,0,3.0993804072680167,0.9081971927319843,5,0.3
calendar_18,calendar,3,5,0,3.078016797181433,0.9295608028185673,5,0.3
calendar_18,calendar,3,6,0,3.0759804514855276,0.9315971485144722,5,0.3
calendar_18,calendar,3,7,0,3.0347004411094685,0.9728771588905322,5,0.3
calendar_18,calendar,3,8,0,2.997876786054316,1.0097008139456844,5,0.3
calendar_18,calendar,3,9,0,3.2167157503668085,0.7908618496331917,5,0.3
calendar_18,calendar,3,0,1,2.9636201652715735,1.0439574347284268,5,0.3
calendar_18,calendar,3,1,1,2.6526567688573994,1.3549208311426002,5,0.3
calendar_18,calendar,3,2,1,2.7971189528341602,1.2104586471658394,5,0.3
calendar_18,calendar,3,3,1,2.805753717071748,1.2018238829282522,5,0.3
calendar_18,calendar,3,4,1,2.839991953818805,1.1675856461811955,5,0.3
calendar_18,calendar,3,5,1,2.783719651014317,1.223857948985682,5,0.3
calendar_18,calendar,3,6,1,2.772701827959988,1.234875772040011,5,0.3
calendar_18,calendar,3,7,1,2.7980218021713803,1.2095557978286182,5,0.3
calendar_18,calendar,3,8,1,2.686799683700475,1.3207779162995246,5,0.3
calendar_18,calendar,3,9,1,2.9541007784612354,1.0534768215387649,5,0.3
calendar_18,calendar,3,0,2,3.111067831498589,0.8965097685014091,5,0.3
calendar_18,calendar,3,1,2,2.7645677367117583,1.2430098632882425,5,0.3
calendar_18,calendar,3,2,2,2.836075312399075,1.171502287600924,5,0.3
calendar_18,calendar,3,3,2,2.8598719944694904,1.1477056055305102,5,0.3
calendar_18,calendar,3,4,2,2.8960188510260014,1.1115587489739978,5,0.3
calendar_18,calendar,3,5,2,2.8592295674802153,1.148348032519785,5,0.3
calendar_18,calendar,3,6,2,2.8262382099046413,1.1813393900953586,5,0.3
calendar_18,calendar,3,7,2,2.839852874589251,1.1677247254107492,5,0.3
calendar_18,calendar,3,8,2,2.790489701420405,1.2170878985795945,5,0.3
calendar_18,calendar,3,9,2,3.048222982502495,0.9593546174975052,5,0.3
calendar_18,calendar,3,0,3,3.1068174298426703,0.9007601701573309,5,0.3
calendar_18,calendar,3,1,3,2.817711472305185,1.189866127694815,5,0.3
calendar_18,calendar,3,2,3,2.8731417950397584,1.1344358049602414,5,0.3
calendar_18,calendar,3,3,3,2.91349946165139,1.0940781383486087,5,0.3
calendar_18,calendar,3,4,3,2.928311387131446,1.079266212868555,5,0.3
calendar_18,calendar,3,5,3,2.885917152405785,1.1216604475942153,5,0.3
calendar_18,calendar,3,6,3,2.882796355602869,1.1247812443971295,5,0.3
calendar_18,calendar,3,7,3,2.9175496850447646,1.0900279149552352,5,0.3
calendar_18,calendar,3,8,3,2.8436316883362474,1.1639459116637534,5,0.3
calendar_18,calendar,3,9,3,3.078391118408835,0.9291864815911653,5,0.3
calendar_18,calendar,3,0,4,3.0845132221255103,0.923064377874489,5,0.3
calendar_18,calendar,3,1,4,2.8012360346644574,1.2063415653355418,5,0.3
calendar_18,calendar,3,2,4,2.9050352412317744,1.1025423587682261,5,0.3
calendar_18,calendar,3,3,4,2.8687474384031995,1.1388301615968002,5,0.3
calendar_18,calendar,3,4,4,2.9175517881021893,1.09002581189781,5,0.3
calendar_18,calendar,3,5,4,2.893058747122574,1.1145188528774277,5,0.3
calendar_18,calendar,3,6,4,2.91620249170991,1.0913751082900915,5,0.3
calendar_18,calendar,3,7,4,2.961208513090296,1.0463690869097042,5,0.3
calendar_18,calendar,3,8,4,2.81299220100648,1.1945853989935193,5,0.3
calendar_18,calendar,3,9,4,3.0794940271934683,0.9280835728065314,5,0.3
calendar_18,calendar,3,0,5,3.0651193334313356,0.9424582665686654,5,0.3
calendar_18,calendar,3,1,5,2.8360204893145164,1.171557110685485,5,0.3
calendar_18,calendar,3,2,5,2.857460216461253,1.150117383538747,5,0.3
calendar_18,calendar,3,3,5,2.8560950819010227,1.1514825180989765,5,0.3
calendar_18,calendar,3,4,5,2.933371608613279,1.0742059913867221,5,0.3
calendar_18,calendar,3,5,5,2.9115591220296633,1.0960184779703372,5,0.3
calendar_18,calendar,3,6,5,2.902523388034324,1.1050542119656752,5,0.3
calendar_18,calendar,3,7,5,2.9190464669571488,1.0885311330428504,5,0.3
calendar_18,calendar,3,8,5,2.7847458943954204,1.2228317056045783,5,0.3
calendar_18,calendar,3,9,5,3.05295025580344,0.9546273441965614,5,0.3
calendar_18,calendar,3,0,6,3.0313798304853625,0.9761977695146371,5,0.3
calendar_18,calendar,3,1,6,2.7623282572029724,1.245249342797029,5,0.3
calendar_18,calendar,3,2,6,2.887428898021588,1.1201487019784138,5,0.3
calendar_18,calendar,3,3,6,2.868772160073423,1.1388054399265772,5,0.3
calendar_18,calendar,3,4,6,2.8791891993965852,1.1283884006034153,5,0.3
calendar_18,calendar,3,5,6,2.926056705808179,1.0815208941918206,5,0.3
calendar_18,calendar,3,6,6,2.8427042297864524,1.164873370213546,5,0.3
calendar_18,calendar,3,7,6,2.8703884796791646,1.1371891203208355,5,0.3
calendar_18,calendar,3,8,6,2.791122183480883,1.216455416519117,5,0.3
calendar_18,calendar,3,9,6,3.0483466093228326,0.9592309906771663,5,0.3
calendar_18,calendar,3,0,7,3.03067349497818,0.9769041050218199,5,0.3
calendar_18,calendar,3,1,7,2.7823739207775278,1.2252036792224728,5,0.3
calendar_18,calendar,3,2,7,2.8742350529826504,1.1333425470173493,5,0.3
calendar_18,calendar,3,3,7,2.900186212295027,1.1073913877049728,5,0.3
calendar_18,calendar,3,4,7,2.9286313708974467,1.0789462291025536,5,0.3
calendar_18,calendar,3,5,7,2.8888151826587722,1.118762417341228,5,0.3
calendar_18,calendar,3,6,7,2.8784114960691745,1.1291661039308263,5,0.3
calendar_18,calendar,3,7,7,2.8491626467412976,1.1584149532587023,5,0.3
calendar_18,calendar,3,8,7,2.7773583832303537,1.2302192167696462,5,0.3
calendar_18,calendar,3,9,7,3.070903680749767,0.9366739192502326,5,0.3
calendar_18,calendar,3,0,8,3.0098598197073,0.9977177802927001,5,0.3
calendar_18,calendar,3,1,8,2.6597234359044952,1.3478541640955044,5,0.3
calendar_18,calendar,3,2,8,2.7966583711160973,1.2109192288839024,5,0.3
calendar_18,calendar,3,3,8,2.7792658252568807,1.2283117747431191,5,0.3
calendar_18,calendar,3,4,8,2.8117954278786104,1.1957821721213906,5,0.3
calendar_18,calendar,3,5,8,2.8332766850748765,1.1743009149251238,5,0.3
calendar_18,calendar,3,6,8,2.775734348392883,1.2318432516071176,5,0.3
calendar_18,calendar,3,7,8,2.7924292489135754,1.2151483510864263,5,0.3
calendar_18,calendar,3,8,8,2.7174828589695164,1.2900947410304833,5,0.3
calendar_18,calendar,3,9,8,2.9529103098857736,1.0546672901142262,5,0.3
calendar_18,calendar,3,0,9,3.2158898871429784,0.7916877128570226,5,0.3
calendar_18,calendar,3,1,9,2.9189245878311385,1.0886530121688605,5,0.3
calendar_18,calendar,3,2,9,2.980616133029737,1.0269614669702634,5,0.3
calendar_18,calendar,3,3,9,3.0340107906463043,0.9735668093536954,5,0.3
calendar_18,calendar,3,4,9,3.1240578791080624,0.8835197208919379,5,0.3
calendar_18,calendar,3,5,9,3.0725316306199026,0.935045969380096,5,0.3
calendar_18,calendar,3,6,9,3.07807420928687,0.9295033907131309,5,0.3
calendar_18,calendar,3,7,9,3.073151978520407,0.934425621479593,5,0.3
calendar_18,calendar,3,8,9,3.015948147885081,0.991629452114918,5,0.3
calendar_18,calendar,3,9,9,3.2234470255797594,0.7841305744202413,5,0.3
calendar_17,calendar,3,0,0,3.240680753906562,0.7668968460934376,5,0.3
calendar_17,calendar,3,1,0,3.027644802538419,0.9799327974615804,5,0.3
calendar_17,calendar,3,2,0,3.0743850079152346,0.9331925920847651,5,0.3
calendar_17,calendar,3,3,0,3.0993991953822464,0.908178404617754,5,0.3
calendar_17,calendar,3,4,0,3.087942030553994,0.9196355694460061,5,0.3
calendar_17,calendar,3,5,0,3.049817290491731,0.9577603095082686,5,0.3
calendar_17,calendar,3,6,0,3.031612800611434,0.9759647993885662,5,0.3
calendar_17,calendar,3,7,0,3.0467320764597083,0.9608455235402911,5,0.3
calendar_17,calendar,3,8,0,2.9624332626177985,1.0451443373822027,5,0.3
calendar_17,calendar,3,9,0,3.2279007717492654,0.7796768282507351,5,0.3
calendar_17,calendar,3,0,1,2.9930617680194733,1.0145158319805254,5,0.3
calendar_17,calendar,3,1,1,2.697035599450388,1.3105420005496131,5,0.3
calendar_17,calendar,3,2,1,2.853528625863977,1.1540489741360238,5,0.3
calendar_17,calendar,3,3,1,2.804053867168381,1.2035237328316186,5,0.3
calendar_17,calendar,3,4,1,2.793614528619536,1.2139630713804639,5,0.3
calendar_17,calendar,3,5,1,2.7930224863230064,1.2145551136769925,5,0.3
calendar_17,calendar,3,6,1,2.769301515448794,1.2382760845512062,5,0.3
calendar_17,calendar,3,7,1,2.772345132367662,1.2352324676323383,5,0.3
calendar_17,calendar,3,8,1,2.6885130978183565,1.3190645021816436,5,0.3
calendar_17,calendar,3,9,1,2.9689761417032328,1.0386014582967682,5,0.3
calendar_17,calendar,3,0,2,3.0995919251250017,0.9079856748749979,5,0.3
calendar_17,calendar,3,1,2,2.764491247650008,1.2430863523499918,5,0.3
calendar_17,calendar,3,2,2,2.8674917964902615,1.1400858035097385,5,0.3
calendar_17,calendar,3,3,2,2.887895248557528,1.119682351442473,5,0.3
calendar_17,calendar,3,4,2,2.8982304256666116,1.1093471743333885,5,0.3
calendar_17,calendar,3,5,2,2.8652219816797264,1.1423556183202739,5,0.3
calendar_17,calendar,3,6,2,2.901574595480748,1.1060030045192533,5,0.3
calendar_17,calendar,3,7,2,2.8359590080325625,1.1716185919674371,5,0.3
calendar_17,calendar,3,8,2,2.7711109103247304,1.2364666896752696,5,0.3
calendar_17,calendar,3,9,2,3.054769505860319,0.9528080941396803,5,0.3
calendar_17,calendar,3,0,3,3.088671242158067,0.9189063578419324,5,0.3
calendar_17,calendar,3,1,3,2.8243908010076484,1.1831867989923524,5,0.3
calendar_17,calendar,3,2,3,2.8760370223020324,1.1315405776979681,5,0.3
calendar_17,calendar,3,3,3,2.9082007060228476,1.099376893977152,5,0.3
calendar_17,calendar,3,4,3,2.891047138992229,1.1165304610077715,5,0.3
calendar_17,calendar,3,5,3,2.906704305900204,1.1008732940997956,5,0.3
calendar_17,calendar,3,6,3,2.928067515695259,1.0795100843047412,5,0.3
calendar_17,calendar,3,7,3,2.895578281777563,1.1119993182224368,5,0.3
calendar_17,calendar,3,8,3,2.8208635155731323,1.186714084426867,5,0.3
calendar_17,calendar,3,9,3,3.106952282518805,0.9006253174811951,5,0.3
calendar_17,calendar,3,0,4,3.121354955467993,0.8862226445320067,5,0.3
calendar_17,calendar,3,1,4,2.8570986263585785,1.1504789736414212,5,0.3
calendar_17,calendar,3,2,4,2.894057538940629,1.1135200610593707,5,0.3
calendar_17,calendar,3,3,4,2.885210371380294,1.1223672286197046,5,0.3
calendar_17,calendar,3,4,4,2.920794161061223,1.0867834389387778,5,0.3
calendar_17,calendar,3,5,4,2.9173896434011564,1.0901879565988435,5,0.3
calendar_17,calendar,3,6,4,2.9030846991928074,1.1044929008071918,5,0.3
calendar_17,calendar,3,7,4,2.910634840371689,1.0969427596283101,5,0.3
calendar_17,calendar,3,8,4,2.8122237532698353,1.1953538467301643,5,0.3
calendar_17,calendar,3,9,4,3.0639045377407115,0.9436730622592892,5,0.3
calendar_17,calendar,3,0,5,3.1396532866236146,0.8679243133763842,5,0.3
calendar_17,calendar,3,1,5,2.849735623748961,1.157841976251038,5,0.3
calendar_17,calendar,3,2,5,2.8889738329184333,1.1186037670815663,5,0.3
calendar_17,calendar,3,3,5,2.878764801224211,1.1288127987757886,5,0.3
calendar_17,calendar,3,4,5,2.91147078291049,1.0961068170895119,5,0.3
calendar_17,calendar,3,5,5,2.9012264718308445,1.1063511281691567,5,0.3
calendar_17,calendar,3,6,5,2.9363988408630406,1.071178759136958,5,0.3
calendar_17,calendar,3,7,5,2.948900254737701,1.0586773452622995,5,0.3
calendar_17,calendar,3,8,5,2.774925916744183,1.2326516832558168,5,0.3
calendar_17,calendar,3,9,5,3.0827423011712325,0.9248352988287684,5,0.3
calendar_17,calendar,3,0,6,3.110222371441982,0.8973552285580183,5,0.3
calendar_17,calendar,3,1,6,2.8157500072318196,1.1918275927681814,5,0.3
calendar_17,calendar,3,2,6,2.9066773516069078,1.100900248393092,5,0.3
calendar_17,calendar,3,3,6,2.897402509408944,1.110175090591056,5,0.3
calendar_17,calendar,3,4,6,2.929863568183545,1.0777140318164553,5,0.3
calendar_17,calendar,3,5,6,2.902304899028128,1.105272700971872,5,0.3
calendar_17,calendar,3,6,6,2.9078067949539372,1.0997708050460626,5,0.3
calendar_17,calendar,3,7,6,2.9185602089924108,1.0890173910075893,5,0.3
calendar_17,calendar,3,8,6,2.77953556508381,1.2280420349161905,5,0.3
calendar_17,calendar,3,9,6,3.0447198737781314,0.9628577262218682,5,0.3
calendar_17,calendar,3,0,7,3.095472146861861,0.9121054531381395,5,0.3
calendar_17,calendar,3,1,7,2.7934070425643553,1.2141705574356447,5,0.3
calendar_17,calendar,3,2,7,2.8947929629033347,1.1127846370966659,5,0.3
calendar_17,calendar,3,3,7,2.9540508183512375,1.0535267816487621,5,0.3
calendar_17,calendar,3,4,7,2.9584222663446615,1.0491553336553385,5,0.3
calendar_17,calendar,3,5,7,2.924917614502262,1.0826599854977388,5,0.3
calendar_17,calendar,3,6,7,2.9175283769395683,1.0900492230604322,5,0.3
calendar_17,calendar,3,7,7,2.8789532574976837,1.1286243425023168,5,0.3
calendar_17,calendar,3,8,7,2.7229774447199833,1.284600155280017,5,0.3
calendar_17,calendar,3,9,7,3.0773032436260803,0.9302743563739213,5,0.3
calendar_17,calendar,3,0,8,3.0192721327826106,0.988305467217389,5,0.3
calendar_17,calendar,3,1,8,2.7338445355186587,1.2737330644813407,5,0.3
calendar_17,calendar,3,2,8,2.7659624225535384,1.2416151774464619,5,0.3
calendar_17,calendar,3,3,8,2.7433964428585584,1.2641811571414416,5,0.3
calendar_17,calendar,3,4,8,2.8590515243552126,1.1485260756447875,5,0.3
calendar_17,calendar,3,5,8,2.831706668943612,1.175870931056387,5,0.3
calendar_17,calendar,3,6,8,2.784154156194752,1.2234234438052476,5,0.3
calendar_17,calendar,3,7,8,2.772369194532374,1.2352084054676262,5,0.3
calendar_17,calendar,3,8,8,2.6377983323665255,1.3697792676334752,5,0.3
calendar_17,calendar,3,9,8,2.953588664833351,1.0539889351666485,5,0.3
calendar_17,calendar,3,0,9,3.2191167259364897,0.7884608740635106,5,0.3
calendar_17,calendar,3,1,9,2.9755164559153595,1.0320611440846406,5,0.3
calendar_17,calendar,3,2,9,3.0011538659501054,1.0064237340498947,5,0.3
calendar_17,calendar,3,3,9,3.0604719200001957,0.9471056799998046,5,0.3
calendar_17,calendar,3,4,9,3.0415897637945903,0.9659878362054096,5,0.3
calendar_17,calendar,3,5,9,3.056910400100396,0.9506671998996045,5,0.3
calendar_17,calendar,3,6,9,3.1144506691213882,0.893126930878612,5,0.3
calendar_17,calendar,3,7,9,3.0771861307923674,0.9303914692076332,5,0.3
calendar_17,calendar,3,8,9,2.9546458957531923,1.0529317042468076,5,0.3
calendar_17,calendar,3,9,9,3.1749083358820105,0.8326692641179914,5,0.3
calendar_20,calendar,1,0,0,3.4152636897942132,0.5923139102057868,5,0.1
calendar_20,calendar,1,1,0,3.2092895611659924,0.7982880388340078,5,0.1
calendar_20,calendar,1,2,0,3.2739540576560517,0.7336235423439478,5,0.1
calendar_20,calendar,1,3,0,3.2752662497500156,0.7323113502499848,5,0.1
calendar_20,calendar,1,4,0,3.2608462519564707,0.7467313480435305,5,0.1
calendar_20,calendar,1,5,0,3.319786534626822,0.6877910653731777,5,0.1
calendar_20,calendar,1,6,0,3.2995656572353553,0.7080119427646442,5,0.1
calendar_20,calendar,1,7,0,3.27314032419131,0.7344372758086911,5,0.1
calendar_20,calendar,1,8,0,3.208448294634575,0.7991293053654233,5,0.1
calendar_20,calendar,1,9,0,3.3720099247932644,0.635567675206735,5,0.1
calendar_20,calendar,1,0,1,3.225354400457641,0.7822231995423579,5,0.1
calendar_20,calendar,1,1,1,2.9959546391094256,1.0116229608905745,5,0.1
calendar_20,calendar,1,2,1,3.068373290309673,0.9392043096903272,5,0.1
calendar_20,calendar,1,3,1,3.1007572126189387,0.9068203873810611,5,0.1
calendar_20,calendar,1,4,1,3.129348963617541,0.8782286363824594,5,0.1
calendar_20,calendar,1,5,1,3.101456494185842,0.9061211058141594,5,0.1
calendar_20,calendar,1,6,1,3.1272817780998223,0.8802958219001784,5,0.1
calendar_20,calendar,1,7,1,3.0783550267303212,0.9292225732696797,5,0.1
calendar_20,calendar,1,8,1,2.9584823810336265,1.0490952189663745,5,0.1
calendar_20,calendar,1,9,1,3.2137986969014314,0.793778903098568,5,0.1
calendar_20,calendar,1,0,2,3.24085664199184,0.7667209580081609,5,0.1
calendar_20,calendar,1,1,2,3.02725910689977,0.9803184931002313,5,0.1
calendar_20,calendar,1,2,2,3.1120235088469888,0.8955540911530104,5,0.1
calendar_20,calendar,1,3,2,3.182307841663069,0.8252697583369324,5,0.1
calendar_20,calendar,1,4,2,3.160968723648768,0.8466088763512315,5,0.1
calendar_20,calendar,1,5,2,3.1929896435432346,0.8145879564567661,5,0.1
calendar_20,calendar,1,6,2,3.178494844544917,0.8290827554550826,5,0.1
calendar_20,calendar,1,7,2,3.1056670265048174,0.9019105734951833,5,0.1
calendar_20,calendar,1,8,2,3.034885627869051,0.9726919721309494,5,0.1
calendar_20,calendar,1,9,2,3.278417371439586,0.7291602285604135,5,0.1
calendar_20,calendar,1,0,3,3.2262053024937227,0.7813722975062787,5,0.1
calendar_20,calendar,1,1,3,3.056824389846668,0.9507532101533314,5,0.1
calendar_20,calendar,1,2,3,3.1515686712182793,0.8560089287817203,5,0.1
calendar_20,calendar,1,3,3,3.121292279954896,0.8862853200451047,5,0.1
calendar_20,calendar,1,4,3,3.1383621665582297,0.869215433441771,5,0.1
calendar_20,calendar,1,5,3,3.18192333938055,0.8256542606194499,5,0.1
calendar_20,calendar,1,6,3,3.1802373923222618,0.8273402076777389,5,0.1
calendar_20,calendar,1,7,3,3.1026240710760913,0.9049535289239086,5,0.1
calendar_20,calendar,1,8,3,3.0901244857105006,0.917453114289499,5,0.1
calendar_20,calendar,1,9,3,3.2958311349028713,0.711746465097127,5,0.1
calendar_20,calendar,1,0,4,3.2160222634309594,0.7915553365690403,5,0.1
calendar_20,calendar,1,1,4,3.0924391180180706,0.9151384819819309,5,0.1
calendar_20,calendar,1,2,4,3.1465000810244237,0.8610775189755775,5,0.1
calendar_20,calendar,1,3,4,3.1910376066993518,0.8165399933006484,5,0.1
calendar_20,calendar,1,4,4,3.207703971447746,0.799873628552254,5,0.1
calendar_20,calendar,1,5,4,3.2186598984349635,0.7889177015650364,5,0.1
calendar_20,calendar,1,6,4,3.199129986165527,0.8084476138344735,5,0.1
calendar_20,calendar,1,7,4,3.162118762302823,0.8454588376971779,5,0.1
calendar_20,calendar,1,8,4,3.0899889357952572,0.9175886642047436,5,0.1
calendar_20,calendar,1,9,4,3.2643955990737177,0.7431820009262832,5,0.1
calendar_20,calendar,1,0,5,3.244084973076259,0.7634926269237411,5,0.1
calendar_20,calendar,1,1,5,3.0961578384854,0.9114197615145994,5,0.1
calendar_20,calendar,1,2,5,3.1712054515744486,0.8363721484255517,5,0.1
calendar_20,calendar,1,3,5,3.1596650151305137,0.8479125848694871,5,0.1
calendar_20,calendar,1,4,5,3.189663379533229,0.8179142204667708,5,0.1
calendar_20,calendar,1,5,5,3.2148565656633425,0.7927210343366567,5,0.1
calendar_20,calendar,1,6,5,3.232433400969287,0.7751441990307139,5,0.1
calendar_20,calendar,1,7,5,3.1168513773029276,0.890726222697073,5,0.1
calendar_20,calendar,1,8,5,3.0877248601489766,0.9198527398510234,5,0.1
calendar_20,calendar,1,9,5,3.229470164935536,0.7781074350644653,5,0.1
calendar_20,calendar,1,0,6,3.260345081046756,0.7472325189532449,5,0.1
calendar_20,calendar,1,1,6,3.1073957171855513,0.9001818828144487,5,0.1
calendar_20,calendar,1,2,6,3.1530721009163667,0.8545054990836345,5,0.1
calendar_20,calendar,1,3,6,3.164785614407228,0.8427919855927717,5,0.1
calendar_20,calendar,1,4,6,3.1292340265374503,0.8783435734625502,5,0.1
calendar_20,calendar,1,5,6,3.192356084983278,0.8152215150167205,5,0.1
calendar_20,calendar,1,6,6,3.1728097634673573,0.834767836532642,5,0.1
calendar_20,calendar,1,7,6,3.1841861506049685,0.8233914493950303,5,0.1
calendar_20,calendar,1,8,6,3.0533317976404892,0.9542458023595106,5,0.1
calendar_20,calendar,1,9,6,3.2454427558350876,0.7621348441649107,5,0.1
calendar_20,calendar,1,0,7,3.2814923900515427,0.7260852099484578,5,0.1
calendar_20,calendar,1,1,7,3.0870874806671003,0.9204901193328996,5,0.1
calendar_20,calendar,1,2,7,3.134501615047522,0.8730759849524772,5,0.1
calendar_20,calendar,1,3,7,3.1894549094707947,0.8181226905292047,5,0.1
calendar_20,calendar,1,4,7,3.193149198747729,0.8144284012522708,5,0.1
calendar_20,calendar,1,5,7,3.1736558439419005,0.8339217560580996,5,0.1
calendar_20,calendar,1,6,7,3.1447253932456265,0.8628522067543745,5,0.1
calendar_20,calendar,1,7,7,3.1594625349821177,0.8481150650178827,5,0.1
calendar_20,calendar,1,8,7,3.051226964998708,0.9563506350012938,5,0.1
calendar_20,calendar,1,9,7,3.2691924840184106,0.7383851159815888,5,0.1
calendar_20,calendar,1,0,8,3.243245681480289,0.764331918519711,5,0.1
calendar_20,calendar,1,1,8,3.074553011640104,0.933024588359895,5,0.1
calendar_20,calendar,1,2,8,3.1338098417913898,0.87376775820861,5,0.1
calendar_20,calendar,1,3,8,3.084136570622135,0.9234410293778659,5,0.1
calendar_20,calendar,1,4,8,3.1033872436333967,0.9041903563666032,5,0.1
calendar_20,calendar,1,5,8,3.10750800490973,0.9000695950902694,5,0.1
calendar_20,calendar,1,6,8,3.1359705737156536,0.8716070262843475,5,0.1
calendar_20,calendar,1,7,8,3.024313798500433,0.9832638014995676,5,0.1
calendar_20,calendar,1,8,8,3.004894571109763,1.0026830288902366,5,0.1
calendar_20,calendar,1,9,8,3.1631081619945323,0.8444694380054685,5,0.1
calendar_20,calendar,1,0,9,3.3752782249163973,0.6322993750836038,5,0.1
calendar_20,calendar,1,1,9,3.261654246848095,0.7459233531519049,5,0.1
calendar_20,calendar,1,2,9,3.312059280958585,0.6955183190414153,5,0.1
calendar_20,calendar,1,3,9,3.2728896937906393,0.7346879062093602,5,0.1
calendar_20,calendar,1,4,9,3.2377334198429417,0.7698441801570591,5,0.1
calendar_20,calendar,1,5,9,3.2713089536861855,0.7362686463138148,5,0.1
calendar_20,calendar,1,6,9,3.273856472658116,0.7337211273418833,5,0.1
calendar_20,calendar,1,7,9,3.3136841548838714,0.6938934451161284,5,0.1
calendar_20,calendar,1,8,9,3.2503276209076652,0.7572499790923344,5,0.1
calendar_20,calendar,1,9,9,3.346789577537102,0.6607880224628996,5,0.1
calendar_19,calendar,1,0,0,3.3922548804350474,0.6153227195649511,5,0.1
calendar_19,calendar,1,1,0,3.2551160996067607,0.7524615003932398,5,0.1
calendar_19,calendar,1,2,0,3.270821085154458,0.7367565148455404,5,0.1
calendar_19,calendar,1,3,0,3.3327306843894484,0.6748469156105509,5,0.1
calendar_19,calendar,1,4,0,3.3076103301634348,0.6999672698365663,5,0.1
calendar_19,calendar,1,5,0,3.274328437570682,0.733249162429318,5,0.1
calendar_19,calendar,1,6,0,3.296757570875832,0.710820029124169,5,0.1
calendar_19,calendar,1,7,0,3.2837871905699614,0.7237904094300366,5,0.1
calendar_19,calendar,1,8,0,3.203376870463056,0.8042007295369454,5,0.1
calendar_19,calendar,1,9,0,3.3744331272981096,0.6331444727018902,5,0.1
calendar_19,calendar,1,0,1,3.212936173980915,0.794641426019085,5,0.1
calendar_19,calendar,1,1,1,3.0643796054830568,0.9431979945169432,5,0.1
calendar_19,calendar,1,2,1,3.1345843717892983,0.8729932282107015,5,0.1
calendar_19,calendar,1,3,1,3.108545445742712,0.8990321542572883,5,0.1
calendar_19,calendar,1,4,1,3.1540703863474358,0.8535072136525641,5,0.1
calendar_19,calendar,1,5,1,3.1150386417164864,0.8925389582835154,5,0.1
calendar_19,calendar,1,6,1,3.0777421562994864,0.929835443700514,5,0.1
calendar_19,calendar,1,7,1,3.0853289215022266,0.9222486784977733,5,0.1
calendar_19,calendar,1,8,1,2.970410572833334,1.0371670271666666,5,0.1
calendar_19,calendar,1,9,1,3.1834602061140225,0.8241173938859785,5,0.1
calendar_19,calendar,1,0,2,3.2820622942205984,0.7255153057794027,5,0.1
calendar_19,calendar,1,1,2,3.128970814694379,0.8786067853056211,5,0.1
calendar_19,calendar,1,2,2,3.15242278719762,0.8551548128023807,5,0.1
calendar_19,calendar,1,3,2,3.1916170340390515,0.8159605659609477,5,0.1
calendar_19,calendar,1,4,2,3.1412195408902233,0.8663580591097764,5,0.1
calendar_19,calendar,1,5,2,3.137860859452928,0.869716740547073,5,0.1
calendar_19,calendar,1,6,2,3.132462243691307,0.8751153563086933,5,0.1
calendar_19,calendar,1,7,2,3.158898666091604,0.8486789339083967,5,0.1
calendar_19,calendar,1,8,2,3.0960717964762434,0.9115058035237575,5,0.1
calendar_19,calendar,1,9,2,3.3053601810059763,0.7022174189940235,5,0.1
calendar_19,calendar,1,0,3,3.281575175882858,0.7260024241171403,5,0.1
calendar_19,calendar,1,1,3,3.1119025745328335,0.8956750254671656,5,0.1
calendar_19,calendar,1,2,3,3.158175739261947,0.8494018607380553,5,0.1
calendar_19,calendar,1,3,3,3.1961154652368173,0.8114621347631839,5,0.1
calendar_19,calendar,1,4,3,3.1547851550644963,0.8527924449355027,5,0.1
calendar_19,calendar,1,5,3,3.1921728473592994,0.815404752640701,5,0.1
calendar_19,calendar,1,6,3,3.1877819988634433,0.8197956011365567,5,0.1
calendar_19,calendar,1,7,3,3.1383520017414477,0.8692255982585535,5,0.1
calendar_19,calendar,1,8,3,3.1235749770719528,0.8840026229280489,5,0.1
calendar_19,calendar,1,9,3,3.308382870093114,0.6991947299068862,5,0.1
calendar_19,calendar,1,0,4,3.2581640787675146,0.7494135212324858,5,0.1
calendar_19,calendar,1,1,4,3.1169965795518566,0.8905810204481427,5,0.1
calendar_19,calendar,1,2,4,3.1485383354363927,0.8590392645636069,5,0.1
calendar_19,calendar,1,3,4,3.167994753516588,0.8395828464834122,5,0.1
calendar_19,calendar,1,4,4,3.1782223772085616,0.8293552227914373,5,0.1
calendar_19,calendar,1,5,4,3.1866081701976587,0.8209694298023411,5,0.1
calendar_19,calendar,1,6,4,3.142855916047654,0.8647216839523472,5,0.1
calendar_19,calendar,1,7,4,3.1705037010844253,0.8370738989155742,5,0.1
calendar_19,calendar,1,8,4,3.090264601179302,0.917312998820698,5,0.1
calendar_19,calendar,1,9,4,3.315767159558417,0.6918104404415832,5,0.1
calendar_19,calendar,1,0,5,3.300624719928178,0.7069528800718223,5,0.1
calendar_19,calendar,1,1,5,3.132664335725026,0.8749132642749742,5,0.1
calendar_19,calendar,1,2,5,3.155145796371805,0.8524318036281944,5,0.1
calendar_19,calendar,1,3,5,3.165494696551809,0.8420829034481916,5,0.1
calendar_19,calendar,1,4,5,3.1716742190485467,0.8359033809514529,5,0.1
calendar_19,calendar,1,5,5,3.155243177817668,0.8523344221823314,5,0.1
calendar_19,calendar,1,6,5,3.1732724834024952,0.8343051165975053,5,0.1
calendar_19,calendar,1,7,5,3.144817704961356,0.8627598950386433,5,0.1
calendar_19,calendar,1,8,5,3.0608749179901964,0.9467026820098033,5,0.1
calendar_19,calendar,1,9,5,3.24358027929872,0.7639973207012802,5,0.1
calendar_19,calendar,1,0,6,3.2904614779876904,0.7171161220123111,5,0.1
calendar_19,calendar,1,1,6,3.0796172749482746,0.9279603250517253,5,0.1
calendar_19,calendar,1,2,6,3.1332757333866956,0.874301866613305,5,0.1
calendar_19,calendar,1,3,6,3.1572171559095614,0.8503604440904375,5,0.1
calendar_19,calendar,1,4,6,3.1528921755269894,0.8546854244730112,5,0.1
calendar_19,calendar,1,5,6,3.163620931251332,0.843956668748668,5,0.1
calendar_19,calendar,1,6,6,3.170465141124005,0.8371124588759956,5,0.1
calendar_19,calendar,1,7,6,3.1422350735183717,0.8653425264816297,5,0.1
calendar_19,calendar,1,8,6,3.086578617824914,0.9209989821750861,5,0.1
calendar_19,calendar,1,9,6,3.211657267988883,0.795920332011117,5,0.1
calendar_19,calendar,1,0,7,3.2837124812300242,0.7238651187699766,5,0.1
calendar_19,calendar,1,1,7,3.10347194342592,0.9041056565740813,5,0.1
calendar_19,calendar,1,2,7,3.1221647553900898,0.8854128446099094,5,0.1
calendar_19,calendar,1,3,7,3.130893079297778,0.8766845207022214,5,0.1
calendar_19,calendar,1,4,7,3.135337530288861,0.872240069711138,5,0.1
calendar_19,calendar,1,5,7,3.1275187480872457,0.8800588519127552,5,0.1
calendar_19,calendar,1,6,7,3.1623735643007604,0.84520403569924,5,0.1
calendar_19,calendar,1,7,7,3.150556441584332,0.8570211584156688,5,0.1
calendar_19,calendar,1,8,7,3.0279435341320315,0.9796340658679685,5,0.1
calendar_19,calendar,1,9,7,3.2451391169728714,0.7624384830271304,5,0.1
calendar_19,calendar,1,0,8,3.2367544485536053,0.7708231514463942,5,0.1
calendar_19,calendar,1,1,8,3.0205209365632193,0.9870566634367804,5,0.1
calendar_19,calendar,1,2,8,3.0335292414477215,0.9740483585522792,5,0.1
calendar_19,calendar,1,3,8,3.0853346293303088,0.922242970669692,5,0.1
calendar_19,calendar,1,4,8,3.048119604349564,0.959457995650436,5,0.1
calendar_19,calendar,1,5,8,3.101786363340943,0.9057912366590568,5,0.1
calendar_19,calendar,1,6,8,3.083037147183734,0.9245404528162666,5,0.1
calendar_19,calendar,1,7,8,3.0915940089248393,0.9159835910751609,5,0.1
calendar_19,calendar,1,8,8,3.026410267471819,0.9811673325281812,5,0.1
calendar_19,calendar,1,9,8,3.2049663837029856,0.8026112162970149,5,0.1
calendar_19,calendar,1,0,9,3.411257641697225,0.5963199583027747,5,0.1
calendar_19,calendar,1,1,9,3.2335291541930817,0.7740484458069173,5,0.1
calendar_19,calendar,1,2,9,3.294283098704907,0.7132945012950923,5,0.1
calendar_19,calendar,1,3,9,3.2824691139568736,0.725108486043127,5,0.1
calendar_19,calendar,1,4,9,3.2386336459434935,0.7689439540565087,5,0.1
calendar_19,calendar,1,5,9,3.268047817440177,0.7395297825598232,5,0.1
calendar_19,calendar,1,6,9,3.3414665873291693,0.6661110126708306,5,0.1
calendar_19,calendar,1,7,9,3.2617653696252815,0.7458122303747174,5,0.1
calendar_19,calendar,1,8,9,3.24801328222737,0.7595643177726292,5,0.1
calendar_19,calendar,1,9,9,3.378571546660122,0.6290060533398772,5,0.1
calendar_22,calendar,1,0,0,3.3477410693788467,0.6598365306211526,5,0.1
calendar_22,calendar,1,1,0,3.171339999000127,0.8362376009998738,5,0.1
calendar_22,calendar,1,2,0,3.246321008229787,0.7612565917702123,5,0.1
calendar_22,calendar,1,3,0,3.2457621346567533,0.7618154653432474,5,0.1
calendar_22,calendar,1,4,0,3.2253656393795356,0.7822119606204635,5,0.1
calendar_22,calendar,1,5,0,3.2153735704742985,0.7922040295257005,5,0.1
calendar_22,calendar,1,6,0,3.2483842417205877,0.7591933582794143,5,0.1
calendar_22,calendar,1,7,0,3.2579243163320206,0.7496532836679783,5,0.1
calendar_22,calendar,1,8,0,3.2013040444626304,0.806273555537371,5,0.1
calendar_22,calendar,1,9,0,3.369089893598196,0.6384877064018037,5,0.1
calendar_22,calendar,1,0,1,3.2086928020154586,0.798884797984542,5,0.1
calendar_22,calendar,1,1,1,2.960318614457346,1.0472589855426533,5,0.1
calendar_22,calendar,1,2,1,3.0465787971703695,0.9609988028296296,5,0.1
calendar_22,calendar,1,3,1,3.0880660515551126,0.9195115484448886,5,0.1
calendar_22,calendar,1,4,1,3.0765650385782553,0.9310125614217454,5,0.1
calendar_22,calendar,1,5,1,3.063715811095986,0.9438617889040143,5,0.1
calendar_22,calendar,1,6,1,3.0848120376737462,0.9227655623262538,5,0.1
calendar_22,calendar,1,7,1,3.1006013815383473,0.9069762184616522,5,0.1
calendar_22,calendar,1,8,1,2.986255042613991,1.021322557386009,5,0.1
calendar_22,calendar,1,9,1,3.218881692673822,0.7886959073261788,5,0.1
calendar_22,calendar,1,0,2,3.2905541735604995,0.7170234264395003,5,0.1
calendar_22,calendar,1,1,2,3.0841099196115405,0.9234676803884598,5,0.1
calendar_22,calendar,1,2,2,3.173107479144941,0.8344701208550592,5,0.1
calendar_22,calendar,1,3,2,3.158228498447121,0.8493491015528797,5,0.1
calendar_22,calendar,1,4,2,3.1511624270629945,0.8564151729370044,5,0.1
calendar_22,calendar,1,5,2,3.183538002219187,0.8240395977808131,5,0.1
calendar_22,calendar,1,6,2,3.174849756382783,0.832727843617219,5,0.1
calendar_22,calendar,1,7,2,3.178138536559498,0.8294390634405028,5,0.1
calendar_22,calendar,1,8,2,3.1043946578304107,0.9031829421695895,5,0.1
calendar_22,calendar,1,9,2,3.2873966200029976,0.720180979997004,5,0.1
calendar_22,calendar,1,0,3,3.27817720690231,0.7294003930976903,5,0.1
calendar_22,calendar,1,1,3,3.1044952158276016,0.9030823841723994,5,0.1
calendar_22,calendar,1,2,3,3.142848291741766,0.8647293082582345,5,0.1
calendar_22,calendar,1,3,3,3.171882147563104,0.8356954524368969,5,0.1
calendar_22,calendar,1,4,3,3.1851549364875695,0.8224226635124302,5,0.1
calendar_22,calendar,1,5,3,3.1704228775373844,0.8371547224626159,5,0.1
calendar_22,calendar,1,6,3,3.1596776124812824,0.8478999875187171,5,0.1
calendar_22,calendar,1,7,3,3.171496653815446,0.8360809461845543,5,0.1
calendar_22,calendar,1,8,3,3.11638112415408,0.891196475845921,5,0.1
calendar_22,calendar,1,9,3,3.239834675865781,0.7677429241342186,5,0.1
calendar_22,calendar,1,0,4,3.2844619586458657,0.7231156413541345,5,0.1
calendar_22,calendar,1,1,4,3.083143538316189,0.9244340616838119,5,0.1
calendar_22,calendar,1,2,4,3.1443606493895393,0.8632169506104629,5,0.1
calendar_22,calendar,1,3,4,3.1683599776196805,0.839217622380319,5,0.1
calendar_22,calendar,1,4,4,3.226038447585034,0.7815391524149654,5,0.1
calendar_22,calendar,1,5,4,3.2008136092065036,0.8067639907934958,5,0.1
calendar_22,calendar,1,6,4,3.1785226835319382,0.829054916468061,5,0.1
calendar_22,calendar,1,7,4,3.1934500013732454,0.814127598626755,5,0.1
calendar_22,calendar,1,8,4,3.0991643226148877,0.908413277385114,5,0.1
calendar_22,calendar,1,9,4,3.2338688123235015,0.773708787676498,5,0.1
calendar_22,calendar,1,0,5,3.250635670847841,0.7569419291521599,5,0.1
calendar_22,calendar,1,1,5,3.0858724941363085,0.9217051058636909,5,0.1
calendar_22,calendar,1,2,5,3.193969957497592,0.8136076425024082,5,0.1
calendar_22,calendar,1,3,5,3.19018633618227,0.8173912638177305,5,0.1
calendar_22,calendar,1,4,5,3.209872226506442,0.7977053734935566,5,0.1
calendar_22,calendar,1,5,5,3.2050083623777277,0.8025692376222727,5,0.1
calendar_22,calendar,1,6,5,3.157670044287205,0.8499075557127954,5,0.1
calendar_22,calendar,1,7,5,3.157817356005365,0.849760243994635,5,0.1
calendar_22,calendar,1,8,5,3.0834528103061145,0.9241247896938862,5,0.1
calendar_22,calendar,1,9,5,3.2691392607973393,0.7384383392026603,5,0.1
calendar_22,calendar,1,0,6,3.2344335983948196,0.7731440016051803,5,0.1
calendar_22,calendar,1,1,6,3.0829352677345225,0.9246423322654775,5,0.1
calendar_22,calendar,1,2,6,3.11760906797352,0.8899685320264807,5,0.1
calendar_22,calendar,1,3,6,3.186937390510357,0.8206402094896404,5,0.1
calendar_22,calendar,1,4,6,3.1942130142573912,0.8133645857426076,5,0.1
calendar_22,calendar,1,5,6,3.1896911409200324,0.8178864590799684,5,0.1
calendar_22,calendar,1,6,6,3.1426671284514107,0.8649104715485898,5,0.1
calendar_22,calendar,1,7,6,3.1601415683729015,0.8474360316270985,5,0.1
calendar_22,calendar,1,8,6,3.121753918706891,0.8858236812931088,5,0.1
calendar_22,calendar,1,9,6,3.270667295760234,0.7369103042397657,5,0.1
calendar_22,calendar,1,0,7,3.2487898483754987,0.7587877516245017,5,0.1
calendar_22,calendar,1,1,7,3.0637258606187783,0.9438517393812232,5,0.1
calendar_22,calendar,1,2,7,3.097834881133824,0.9097427188661764,5,0.1
calendar_22,calendar,1,3,7,3.115965986532483,0.8916116134675163,5,0.1
calendar_22,calendar,1,4,7,3.137825249659553,0.8697523503404476,5,0.1
calendar_22,calendar,1,5,7,3.1909488148735012,0.8166287851264978,5,0.1
calendar_22,calendar,1,6,7,3.18313286018234,0.8244447398176601,5,0.1
calendar_22,calendar,1,7,7,3.188217986929875,0.8193596130701246,5,0.1
calendar_22,calendar,1,8,7,3.0814119972726326,0.9261656027273649,5,0.1
calendar_22,calendar,1,9,7,3.3434360884310554,0.6641415115689443,5,0.1
calendar_22,calendar,1,0,8,3.2278023427066107,0.7797752572933897,5,0.1
calendar_22,calendar,1,1,8,3.014875724386568,0.9927018756134334,5,0.1
calendar_22,calendar,1,2,8,3.055505816215977,0.952071783784024,5,0.1
calendar_22,calendar,1,3,8,3.0886487040001747,0.9189288959998256,5,0.1
calendar_22,calendar,1,4,8,3.0701092723946006,0.9374683276053989,5,0.1
calendar_22,calendar,1,5,8,3.1079830905079393,0.8995945094920608,5,0.1
calendar_22,calendar,1,6,8,3.1276554102810024,0.8799221897189979,5,0.1
calendar_22,calendar,1,7,8,3.085778748036846,0.9217988519631538,5,0.1
calendar_22,calendar,1,8,8,2.99612317043214,1.0114544295678605,5,0.1
calendar_22,calendar,1,9,8,3.20645962732869,0.8011179726713094,5,0.1
calendar_22,calendar,1,0,9,3.406315193258184,0.6012624067418164,5,0.1
calendar_22,calendar,1,1,9,3.210204935423462,0.7973726645765383,5,0.1
calendar_22,calendar,1,2,9,3.2704216831681983,0.7371559168318025,5,0.1
calendar_22,calendar,1,3,9,3.2780251420259305,0.7295524579740702,5,0.1
calendar_22,calendar,1,4,9,3.275271486569813,0.7323061134301869,5,0.1
calendar_22,calendar,1,5,9,3.2602738572066614,0.7473037427933386,5,0.1
calendar_22,calendar,1,6,9,3.248251258556332,0.7593263414436682,5,0.1
calendar_22,calendar,1,7,9,3.264878093554591,0.7426995064454102,5,0.1
calendar_22,calendar,1,8,9,3.1839044213350864,0.8236731786649131,5,0.1
calendar_22,calendar,1,9,9,3.3359055483608375,0.6716720516391632,5,0.1
calendar_21,calendar,1,0,0,3.423179246853326,0.5843983531466753,5,0.1
calendar_21,calendar,1,1,0,3.22565087302334,0.7819267269766594,5,0.1
calendar_21,calendar,1,2,0,3.2846827310047595,0.7228948689952401,5,0.1
calendar_21,calendar,1,3,0,3.2339776757598275,0.7735999242401728,5,0.1
calendar_21,calendar,1,4,0,3.260526823433796,0.7470507765662044,5,0.1
calendar_21,calendar,1,5,0,3.2410868641915505,0.7664907358084493,5,0.1
calendar_21,calendar,1,6,0,3.2650305041344603,0.7425470958655405,5,0.1
calendar_21,calendar,1,7,0,3.240587063721696,0.7669905362783043,5,0.1
calendar_21,calendar,1,8,0,3.1989129748985388,0.8086646251014601,5,0.1
calendar_21,calendar,1,9,0,3.3523168476888783,0.655260752311121,5,0.1
calendar_21,calendar,1,0,1,3.2463962109808215,0.7611813890191778,5,0.1
calendar_21,calendar,1,1,1,3.0362215886224146,0.971356011377586,5,0.1
calendar_21,calendar,1,2,1,3.1111977441089596,0.896379855891041,5,0.1
calendar_21,calendar,1,3,1,3.071532938564768,0.9360446614352318,5,0.1
calendar_21,calendar,1,4,1,3.0859988909788,0.9215787090212006,5,0.1
calendar_21,calendar,1,5,1,3.1431085264111767,0.8644690735888224,5,0.1
calendar_21,calendar,1,6,1,3.0896086666442137,0.9179689333557864,5,0.1
calendar_21,calendar,1,7,1,3.0737413186919436,0.9338362813080581,5,0.1
calendar_21,calendar,1,8,1,2.995489638720578,1.0120879612794218,5,0.1
calendar_21,calendar,1,9,1,3.1941454580642716,0.8134321419357298,5,0.1
calendar_21,calendar,1,0,2,3.2683530530012366,0.7392245469987628,5,0.1
calendar_21,calendar,1,1,2,3.103899124589526,0.9036784754104739,5,0.1
calendar_21,calendar,1,2,2,3.1789806727871057,0.8285969272128934,5,0.1
calendar_21,calendar,1,3,2,3.1931464999542523,0.8144311000457484,5,0.1
calendar_21,calendar,1,4,2,3.1369480485698595,0.8706295514301408,5,0.1
calendar_21,calendar,1,5,2,3.1099165626864536,0.8976610373135455,5,0.1
calendar_21,calendar,1,6,2,3.1358214567803326,0.8717561432196671,5,0.1
calendar_21,calendar,1,7,2,3.1321625140335443,0.8754150859664567,5,0.1
calendar_21,calendar,1,8,2,3.0757979255967736,0.9317796744032267,5,0.1
calendar_21,calendar,1,9,2,3.3242830477081173,0.6832945522918838,5,0.1
calendar_21,calendar,1,0,3,3.24396170842525,0.7636158915747498,5,0.1
calendar_21,calendar,1,1,3,3.082780994643552,0.9247966053564498,5,0.1
calendar_21,calendar,1,2,3,3.1532997893383055,0.8542778106616943,5,0.1
calendar_21,calendar,1,3,3,3.184054117265445,0.8235234827345542,5,0.1
calendar_21,calendar,1,4,3,3.1876459474992562,0.819931652500744,5,0.1
calendar_21,calendar,1,5,3,3.162837183885419,0.8447404161145805,5,0.1
calendar_21,calendar,1,6,3,3.1297227484121812,0.8778548515878184,5,0.1
calendar_21,calendar,1,7,3,3.1307794692169115,0.8767981307830874,5,0.1
calendar_21,calendar,1,8,3,3.122824973773648,0.8847526262263525,5,0.1
calendar_21,calendar,1,9,3,3.283012282168865,0.7245653178311349,5,0.1
calendar_21,calendar,1,0,4,3.2484755702395836,0.7591020297604173,5,0.1
calendar_21,calendar,1,1,4,3.09500151944303,0.9125760805569718,5,0.1
calendar_21,calendar,1,2,4,3.1572061310059225,0.8503714689940779,5,0.1
calendar_21,calendar,1,3,4,3.2058311263198216,0.8017464736801789,5,0.1
calendar_21,calendar,1,4,4,3.156554624298446,0.8510229757015538,5,0.1
calendar_21,calendar,1,5,4,3.1889183848943223,0.8186592151056779,5,0.1
calendar_21,calendar,1,6,4,3.1444216258716158,0.8631559741283841,5,0.1
calendar_21,calendar,1,7,4,3.152932367806499,0.8546452321935007,5,0.1
calendar_21,calendar,1,8,4,3.0949163435577924,0.9126612564422079,5,0.1
calendar_21,calendar,1,9,4,3.2228298287921064,0.7847477712078933,5,0.1
calendar_21,calendar,1,0,5,3.2952804712414543,0.7122971287585453,5,0.1
calendar_21,calendar,1,1,5,3.0752549719475653,0.932322628052436,5,0.1
calendar_21,calendar,1,2,5,3.1551671822051452,0.8524104177948523,5,0.1
calendar_21,calendar,1,3,5,3.1617186413921763,0.8458589586078243,5,0.1
calendar_21,calendar,1,4,5,3.1915464483074976,0.8160311516925033,5,0.1
calendar_21,calendar,1,5,5,3.145274193224665,0.8623034067753359,5,0.1
calendar_21,calendar,1,6,5,3.1887678268109627,0.8188097731890366,5,0.1
calendar_21,calendar,1,7,5,3.127622967003513,0.8799546329964884,5,0.1
calendar_21,calendar,1,8,5,3.1027368621519575,0.9048407378480413,5,0.1
calendar_21,calendar,1,9,5,3.2896699525961144,0.7179076474038861,5,0.1
calendar_21,calendar,1,0,6,3.2605274230864287,0.7470501769135726,5,0.1
calendar_21,calendar,1,1,6,3.080156493901405,0.9274211060985958,5,0.1
calendar_21,calendar,1,2,6,3.1294182156723434,0.8781593843276575,5,0.1
calendar_21,calendar,1,3,6,3.154225994192414,0.853351605807585,5,0.1
calendar_21,calendar,1,4,6,3.148918824445687,0.8586587755543125,5,0.1
calendar_21,calendar,1,5,6,3.126679316847156,0.8808982831528449,5,0.1
calendar_21,calendar,1,6,6,3.1951922901388015,0.8123853098611988,5,0.1
calendar_21,calendar,1,7,6,3.2008101841384513,0.8067674158615472,5,0.1
calendar_21,calendar,1,8,6,3.1331882875563237,0.8743893124436748,5,0.1
calendar_21,calendar,1,9,6,3.285158372358387,0.7224192276416134,5,0.1
calendar_21,calendar,1,0,7,3.223446685012476,0.7841309149875234,5,0.1
calendar_21,calendar,1,1,7,3.0370110786403557,0.9705665213596437,5,0.1
calendar_21,calendar,1,2,7,3.132064585556067,0.8755130144439335,5,0.1
calendar_21,calendar,1,3,7,3.1549651843600657,0.8526124156399358,5,0.1
calendar_21,calendar,1,4,7,3.1706449994588475,0.8369326005411531,5,0.1
calendar_21,calendar,1,5,7,3.159257654516777,0.8483199454832222,5,0.1
calendar_21,calendar,1,6,7,3.112915025612011,0.8946625743879884,5,0.1
calendar_21,calendar,1,7,7,3.1014077256784884,0.9061698743215116,5,0.1
calendar_21,calendar,1,8,7,3.1016047353172094,0.9059728646827908,5,0.1
calendar_21,calendar,1,9,7,3.28608240134956,0.7214951986504394,5,0.1
calendar_21,calendar,1,0,8,3.1606792122645517,0.8468983877354477,5,0.1
calendar_21,calendar,1,1,8,2.989675419751061,1.0179021802489399,5,0.1
calendar_21,calendar,1,2,8,3.0924912956182227,0.9150863043817767,5,0.1
calendar_21,calendar,1,3,8,3.0939745522388233,0.9136030477611777,5,0.1
calendar_21,calendar,1,4,8,3.0874921719846804,0.9200854280153198,5,0.1
calendar_21,calendar,1,5,8,3.0755031190366275,0.9320744809633732,5,0.1
calendar_21,calendar,1,6,8,3.104186547450596,0.9033910525494038,5,0.1
calendar_21,calendar,1,7,8,3.0948935286362915,0.9126840713637091,5,0.1
calendar_21,calendar,1,8,8,3.0020686328853277,1.005508967114672,5,0.1
calendar_21,calendar,1,9,8,3.232448601671005,0.775128998328996,5,0.1
calendar_21,calendar,1,0,9,3.33659787557976,0.6709797244202389,5,0.1
calendar_21,calendar,1,1,9,3.203820330812975,0.8037572691870246,5,0.1
calendar_21,calendar,1,2,9,3.2322242200897824,0.7753533799102164,5,0.1
calendar_21,calendar,1,3,9,3.2821663326469044,0.7254112673530942,5,0.1
calendar_21,calendar,1,4,9,3.3017066710977065,0.7058709289022939,5,0.1
calendar_21,calendar,1,5,9,3.25529284482834,0.7522847551716604,5,0.1
calendar_21,calendar,1,6,9,3.250912018214583,0.7566655817854178,5,0.1
calendar_21,calendar,1,7,9,3.2623680311621928,0.7452095688378068,5,0.1
calendar_21,calendar,1,8,9,3.2043726867156477,0.8032049132843533,5,0.1
calendar_21,calendar,1,9,9,3.376391430998201,0.6311861690017987,5,0.1
calendar_20,calendar,2,0,0,3.263756731389588,0.7438208686104126,5,0.19999999999999998
calendar_20,calendar,2,1,0,3.0311334576722135,0.9764441423277866,5,0.19999999999999998
calendar_20,calendar,2,2,0,3.147428127583197,0.8601494724168036,5,0.19999999999999998
calendar_20,calendar,2,3,0,3.2246595372416333,0.7829180627583665,5,0.19999999999999998
calendar_20,calendar,2,4,0,3.1509961417550865,0.8565814582449144,5,0.19999999999999998
calendar_20,calendar,2,5,0,3.1753989306858617,0.8321786693141391,5,0.19999999999999998
calendar_20,calendar,2,6,0,3.1925492675529363,0.8150283324470631,5,0.19999999999999998
calendar_20,calendar,2,7,0,3.1446259099070204,0.8629516900929801,5,0.19999999999999998
calendar_20,calendar,2,8,0,3.1173718656489604,0.8902057343510399,5,0.19999999999999998
calendar_20,calendar,2,9,0,3.330454974990598,0.6771226250094,5,0.19999999999999998
calendar_20,calendar,2,0,1,3.0867318664708026,0.9208457335291971,5,0.19999999999999998
calendar_20,calendar,2,1,1,2.8192462558710845,1.1883313441289156,5,0.19999999999999998
calendar_20,calendar,2,2,1,2.931403651068564,1.0761739489314364,5,0.19999999999999998
calendar_20,calendar,2,3,1,2.9791130281159615,1.028464571884038,5,0.19999999999999998
calendar_20,calendar,2,4,1,2.982504915112887,1.025072684887113,5,0.19999999999999998
calendar_20,calendar,2,5,1,2.95899484352748,1.0485827564725194,5,0.19999999999999998
calendar_20,calendar,2,6,1,2.9385851713130444,1.068992428686956,5,0.19999999999999998
calendar_20,calendar,2,7,1,2.9118938122376856,1.0956837877623151,5,0.19999999999999998
calendar_20,calendar,2,8,1,2.8323916351679186,1.1751859648320822,5,0.19999999999999998
calendar_20,calendar,2,9,1,3.1316158704514443,0.8759617295485558,5,0.19999999999999998
calendar_20,calendar,2,0,2,3.1603156502474765,0.8472619497525234,5,0.19999999999999998
calendar_20,calendar,2,1,2,2.978933481065352,1.0286441189346478,5,0.19999999999999998
calendar_20,calendar,2,2,2,3.05543232341813,0.9521452765818692,5,0.19999999999999998
calendar_20,calendar,2,3,2,3.061594771428583,0.945982828571417,5,0.19999999999999998
calendar_20,calendar,2,4,2,3.046230170818834,0.9613474291811666,5,0.19999999999999998
calendar_20,calendar,2,5,2,3.0607078752149093,0.9468697247850915,5,0.19999999999999998
calendar_20,calendar,2,6,2,3.048190767498067,0.9593868325019337,5,0.19999999999999998
calendar_20,calendar,2,7,2,3.049596071607295,0.9579815283927049,5,0.19999999999999998
calendar_20,calendar,2,8,2,2.9335298615445633,1.0740477384554366,5,0.19999999999999998
calendar_20,calendar,2,9,2,3.15529564041121,0.8522819595887922,5,0.19999999999999998
calendar_20,calendar,2,0,3,3.1409415652671937,0.8666360347328061,5,0.19999999999999998
calendar_20,calendar,2,1,3,2.945681460901095,1.0618961390989035,5,0.19999999999999998
calendar_20,calendar,2,2,3,3.020742302364991,0.9868352976350088,5,0.19999999999999998
calendar_20,calendar,2,3,3,3.0739021259793162,0.9336754740206853,5,0.19999999999999998
calendar_20,calendar,2,4,3,3.0359254617267344,0.9716521382732647,5,0.19999999999999998
calendar_20,calendar,2,5,3,3.0737605564830655,0.9338170435169362,5,0.19999999999999998
calendar_20,calendar,2,6,3,3.079186721734538,0.9283908782654615,5,0.19999999999999998
calendar_20,calendar,2,7,3,3.0664447028510984,0.9411328971489011,5,0.19999999999999998
calendar_20,calendar,2,8,3,2.934066491609524,1.073511108390476,5,0.19999999999999998
calendar_20,calendar,2,9,3,3.1687496362585272,0.8388279637414734,5,0.19999999999999998
calendar_20,calendar,2,0,4,3.1924118249969906,0.8151657750030079,5,0.19999999999999998
calendar_20,calendar,2,1,4,2.928938835318986,1.0786387646810138,5,0.19999999999999998
calendar_20,calendar,2,2,4,3.035565827313484,0.9720117726865174,5,0.19999999999999998
calendar_20,calendar,2,3,4,3.108594387703101,0.8989832122968995,5,0.19999999999999998
calendar_20,calendar,2,4,4,3.0557860792094047,0.9517915207905966,5,0.19999999999999998
calendar_20,calendar,2,5,4,3.0584117977678016,0.9491658022321974,5,0.19999999999999998
calendar_20,calendar,2,6,4,3.081625367656126,0.9259522323438749,5,0.19999999999999998
calendar_20,calendar,2,7,4,3.0351342555954233,0.9724433444045765,5,0.19999999999999998
calendar_20,calendar,2,8,4,2.939062978541357,1.0685146214586434,5,0.19999999999999998
calendar_20,calendar,2,9,4,3.1919179249195038,0.8156596750804971,5,0.19999999999999998
calendar_20,calendar,2,0,5,3.1538925553863204,0.8536850446136794,5,0.19999999999999998
calendar_20,calendar,2,1,5,2.961304259984497,1.046273340015502,5,0.19999999999999998
calendar_20,calendar,2,2,5,3.037572919509315,0.970004680490684,5,0.19999999999999998
calendar_20,calendar,2,3,5,3.084677958566189,0.9228996414338105,5,0.19999999999999998
calendar_20,calendar,2,4,5,3.057591378864404,0.9499862211355972,5,0.19999999999999998
calendar_20,calendar,2,5,5,3.0336821491290267,0.9738954508709722,5,0.19999999999999998
calendar_20,calendar,2,6,5,3.087058728024294,0.9205188719757071,5,0.19999999999999998
calendar_20,calendar,2,7,5,3.108785464427062,0.8987921355729387,5,0.19999999999999998
calendar_20,calendar,2,8,5,2.993130035805011,1.01444756419499,5,0.19999999999999998
calendar_20,calendar,2,9,5,3.156906099132865,0.8506715008671352,5,0.19999999999999998
calendar_20,calendar,2,0,6,3.1582176301971083,0.8493599698028897,5,0.19999999999999998
calendar_20,calendar,2,1,6,2.9196968560313277,1.087880743968672,5,0.19999999999999998
calendar_20,calendar,2,2,6,3.061486048373668,0.9460915516263322,5,0.19999999999999998
calendar_20,calendar,2,3,6,3.042571210408255,0.9650063895917461,5,0.19999999999999998
calendar_20,calendar,2,4,6,2.9955591343886034,1.0120184656113953,5,0.19999999999999998
calendar_20,calendar,2,5,6,3.044565862601295,0.963011737398705,5,0.19999999999999998
calendar_20,calendar,2,6,6,3.059463470695539,0.9481141293044628,5,0.19999999999999998
calendar_20,calendar,2,7,6,3.08546905450305,0.9221085454969512,5,0.19999999999999998
calendar_20,calendar,2,8,6,2.9848084869772826,1.0227691130227177,5,0.19999999999999998
calendar_20,calendar,2,9,6,3.1626132594041105,0.8449643405958898,5,0.19999999999999998
calendar_20,calendar,2,0,7,3.159880607495093,0.8476969925049067,5,0.19999999999999998
calendar_20,calendar,2,1,7,2.9153612089571785,1.0922163910428213,5,0.19999999999999998
calendar_20,calendar,2,2,7,3.031514164274294,0.9760634357257062,5,0.19999999999999998
calendar_20,calendar,2,3,7,3.038551767019663,0.9690258329803375,5,0.19999999999999998
calendar_20,calendar,2,4,7,3.023791141040091,0.9837864589599093,5,0.19999999999999998
calendar_20,calendar,2,5,7,3.0298613678741337,0.9777162321258668,5,0.19999999999999998
calendar_20,calendar,2,6,7,3.0106630348576564,0.9969145651423431,5,0.19999999999999998
calendar_20,calendar,2,7,7,2.986779364666731,1.0207982353332705,5,0.19999999999999998
calendar_20,calendar,2,8,7,2.9419053015597227,1.0656722984402769,5,0.19999999999999998
calendar_20,calendar,2,9,7,3.16415268880885,0.8434249111911513,5,0.19999999999999998
calendar_20,calendar,2,0,8,3.151975509690896,0.8556020903091031,5,0.19999999999999998
calendar_20,calendar,2,1,8,2.860986293021186,1.1465913069788152,5,0.19999999999999998
calendar_20,calendar,2,2,8,2.9389714486437533,1.0686061513562464,5,0.19999999999999998
calendar_20,calendar,2,3,8,2.9918574446289385,1.015720155371063,5,0.19999999999999998
calendar_20,calendar,2,4,8,2.974419375617935,1.0331582243820658,5,0.19999999999999998
calendar_20,calendar,2,5,8,2.956356047920305,1.0512215520796948,5,0.19999999999999998
calendar_20,calendar,2,6,8,2.9452285567628342,1.062349043237167,5,0.19999999999999998
calendar_20,calendar,2,7,8,2.902880775162657,1.1046968248373432,5,0.19999999999999998
calendar_20,calendar,2,8,8,2.8560358534097277,1.1515417465902713,5,0.19999999999999998
calendar_20,calendar,2,9,8,3.1306868235824585,0.8768907764175413,5,0.19999999999999998
calendar_20,calendar,2,0,9,3.303945740477899,0.7036318595221002,5,0.19999999999999998
calendar_20,calendar,2,1,9,3.0963519342640713,0.9112256657359293,5,0.19999999999999998
calendar_20,calendar,2,2,9,3.157051626747472,0.8505259732525278,5,0.19999999999999998
calendar_20,calendar,2,3,9,3.2517356063727334,0.7558419936272681,5,0.19999999999999998
calendar_20,calendar,2,4,9,3.209258959154648,0.7983186408453515,5,0.19999999999999998
calendar_20,calendar,2,5,9,3.166725836297846,0.8408517637021536,5,0.19999999999999998
calendar_20,calendar,2,6,9,3.1572553262878875,0.8503222737121127,5,0.19999999999999998
calendar_20,calendar,2,7,9,3.1649683535120205,0.8426092464879801,5,0.19999999999999998
calendar_20,calendar,2,8,9,3.099128828288114,0.9084487717118853,5,0.19999999999999998
calendar_20,calendar,2,9,9,3.287863055261689,0.719714544738311,5,0.19999999999999998
calendar_19,calendar,2,0,0,3.3265881908805146,0.6809894091194851,5,0.19999999999999998
calendar_19,calendar,2,1,0,3.111178125385165,0.8963994746148366,5,0.19999999999999998
calendar_19,calendar,2,2,0,3.163933083807223,0.843644516192778,5,0.19999999999999998
calendar_19,calendar,2,3,0,3.158867957048185,0.8487096429518151,5,0.19999999999999998
calendar_19,calendar,2,4,0,3.175453593364234,0.8321240066357671,5,0.19999999999999998
calendar_19,calendar,2,5,0,3.187846138795429,0.8197314612045722,5,0.19999999999999998
calendar_19,calendar,2,6,0,3.2175354786628287,0.7900421213371712,5,0.19999999999999998
calendar_19,calendar,2,7,0,3.2119467453547377,0.7956308546452608,5,0.19999999999999998
calendar_19,calendar,2,8,0,3.0831882214883497,0.9243893785116509,5,0.19999999999999998
calendar_19,calendar,2,9,0,3.3128778418630795,0.6946997581369202,5,0.19999999999999998
calendar_19,calendar,2,0,1,3.1427268054972037,0.8648507945027961,5,0.19999999999999998
calendar_19,calendar,2,1,1,2.8484000533086062,1.1591775466913936,5,0.19999999999999998
calendar_19,calendar,2,2,1,2.9322161807414604,1.0753614192585406,5,0.19999999999999998
calendar_19,calendar,2,3,1,2.965046180651378,1.0425314193486233,5,0.19999999999999998
calendar_19,calendar,2,4,1,2.9558463268505797,1.0517312731494208,5,0.19999999999999998
calendar_19,calendar,2,5,1,2.927676449763159,1.0799011502368405,5,0.19999999999999998
calendar_19,calendar,2,6,1,2.957003843685951,1.0505737563140503,5,0.19999999999999998
calendar_19,calendar,2,7,1,2.9171619635354236,1.0904156364645767,5,0.19999999999999998
calendar_19,calendar,2,8,1,2.869510811416553,1.1380667885834457,5,0.19999999999999998
calendar_19,calendar,2,9,1,3.093397345689391,0.9141802543106097,5,0.19999999999999998
calendar_19,calendar,2,0,2,3.173285897572338,0.8342917024276624,5,0.19999999999999998
calendar_19,calendar,2,1,2,2.962048872535322,1.0455287274646783,5,0.19999999999999998
calendar_19,calendar,2,2,2,3.050212661018134,0.9573649389818649,5,0.19999999999999998
calendar_19,calendar,2,3,2,3.0211523106670826,0.9864252893329163,5,0.19999999999999998
calendar_19,calendar,2,4,2,3.0378961402309224,0.9696814597690776,5,0.19999999999999998
calendar_19,calendar,2,5,2,3.028117126955495,0.979460473044506,5,0.19999999999999998
calendar_19,calendar,2,6,2,3.0514856853852645,0.9560919146147354,5,0.19999999999999998
calendar_19,calendar,2,7,2,3.007404038112792,1.000173561887207,5,0.19999999999999998
calendar_19,calendar,2,8,2,2.9458177529493934,1.0617598470506067,5,0.19999999999999998
calendar_19,calendar,2,9,2,3.2016976955159664,0.8058799044840348,5,0.19999999999999998
calendar_19,calendar,2,0,3,3.183444405642129,0.824133194357872,5,0.19999999999999998
calendar_19,calendar,2,1,3,2.9529973285433995,1.0545802714566022,5,0.19999999999999998
calendar_19,calendar,2,2,3,3.059446662055108,0.9481309379448931,5,0.19999999999999998
calendar_19,calendar,2,3,3,3.0435978621102415,0.9639797378897591,5,0.19999999999999998
calendar_19,calendar,2,4,3,3.067336514243927,0.9402410857560743,5,0.19999999999999998
calendar_19,calendar,2,5,3,3.069943996067915,0.9376336039320841,5,0.19999999999999998
calendar_19,calendar,2,6,3,3.0415257082573324,0.966051891742668,5,0.19999999999999998
calendar_19,calendar,2,7,3,3.065765480225675,0.9418121197743259,5,0.19999999999999998
calendar_19,calendar,2,8,3,2.955940099154522,1.0516375008454768,5,0.19999999999999998
calendar_19,calendar,2,9,3,3.1850265886415885,0.8225510113584124,5,0.19999999999999998
calendar_19,calendar,2,0,4,3.2229517131513963,0.7846258868486038,5,0.19999999999999998
calendar_19,calendar,2,1,4,3.006666669023041,1.0009109309769586,5,0.19999999999999998
calendar_19,calendar,2,2,4,3.007055162347933,1.000522437652067,5,0.19999999999999998
calendar_19,calendar,2,3,4,3.025921824786442,0.9816557752135584,5,0.19999999999999998
calendar_19,calendar,2,4,4,3.0416563392534135,0.9659212607465852,5,0.19999999999999998
calendar_19,calendar,2,5,4,3.052071610736973,0.9555059892630283,5,0.19999999999999998
calendar_19,calendar,2,6,4,3.0961374639577066,0.911440136042293,5,0.19999999999999998
calendar_19,calendar,2,7,4,3.0930676606572476,0.9145099393427526,5,0.19999999999999998
calendar_19,calendar,2,8,4,2.933692057524332,1.073885542475668,5,0.19999999999999998
calendar_19,calendar,2,9,4,3.1507378633491596,0.8568397366508416,5,0.19999999999999998
calendar_19,calendar,2,0,5,3.2574219673254965,0.7501556326745036,5,0.19999999999999998
calendar_19,calendar,2,1,5,3.002863909297993,1.0047136907020056,5,0.19999999999999998
calendar_19,calendar,2,2,5,2.996198437160531,1.0113791628394688,5,0.19999999999999998
calendar_19,calendar,2,3,5,3.0746308340287527,0.9329467659712464,5,0.19999999999999998
calendar_19,calendar,2,4,5,3.0294809845852853,0.9780966154147146,5,0.19999999999999998
calendar_19,calendar,2,5,5,3.1047279591150323,0.902849640884968,5,0.19999999999999998
calendar_19,calendar,2,6,5,3.0572323579909284,0.9503452420090714,5,0.19999999999999998
calendar_19,calendar,2,7,5,3.0582208619950793,0.9493567380049214,5,0.19999999999999998
calendar_19,calendar,2,8,5,2.960619904710568,1.0469576952894333,5,0.19999999999999998
calendar_19,calendar,2,9,5,3.218618761226884,0.7889588387731157,5,0.19999999999999998
calendar_19,calendar,2,0,6,3.2099585558736328,0.7976190441263671,5,0.19999999999999998
calendar_19,calendar,2,1,6,2.9531765289578296,1.0544010710421698,5,0.19999999999999998
calendar_19,calendar,2,2,6,3.0205045251236253,0.9870730748763736,5,0.19999999999999998
calendar_19,calendar,2,3,6,3.042259422742178,0.9653181772578221,5,0.19999999999999998
calendar_19,calendar,2,4,6,3.0363870230464216,0.9711905769535782,5,0.19999999999999998
calendar_19,calendar,2,5,6,3.0543421725464235,0.9532354274535756,5,0.19999999999999998
calendar_19,calendar,2,6,6,3.0794147545826567,0.9281628454173412,5,0.19999999999999998
calendar_19,calendar,2,7,6,3.0506227310197556,0.9569548689802457,5,0.19999999999999998
calendar_19,calendar,2,8,6,2.974564203405545,1.0330133965944543,5,0.19999999999999998
calendar_19,calendar,2,9,6,3.1968498631917455,0.8107277368082546,5,0.19999999999999998
calendar_19,calendar,2,0,7,3.1483892409550096,0.8591883590449914,5,0.19999999999999998
calendar_19,calendar,2,1,7,2.947412840211503,1.0601647597884971,5,0.19999999999999998
calendar_19,calendar,2,2,7,3.0433718082976435,0.9642057917023553,5,0.19999999999999998
calendar_19,calendar,2,3,7,3.0306860020826782,0.9768915979173228,5,0.19999999999999998
calendar_19,calendar,2,4,7,3.046800584198375,0.9607770158016246,5,0.19999999999999998
calendar_19,calendar,2,5,7,3.0269755768087903,0.9806020231912109,5,0.19999999999999998
calendar_19,calendar,2,6,7,3.073803932155664,0.9337736678443355,5,0.19999999999999998
calendar_19,calendar,2,7,7,3.0949985940602005,0.9125790059398,5,0.19999999999999998
calendar_19,calendar,2,8,7,2.9701046233854402,1.0374729766145603,5,0.19999999999999998
calendar_19,calendar,2,9,7,3.2048580694969515,0.8027195305030486,5,0.19999999999999998
calendar_19,calendar,2,0,8,3.165908859146171,0.8416687408538274,5,0.19999999999999998
calendar_19,calendar,2,1,8,2.860634185643497,1.146943414356502,5,0.19999999999999998
calendar_19,calendar,2,2,8,2.9376325776485026,1.069945022351498,5,0.19999999999999998
calendar_19,calendar,2,3,8,2.9393109638110446,1.068266636188955,5,0.19999999999999998
calendar_19,calendar,2,4,8,2.935082732298846,1.072494867701155,5,0.19999999999999998
calendar_19,calendar,2,5,8,2.9599193327057582,1.0476582672942427,5,0.19999999999999998
calendar_19,calendar,2,6,8,2.9998398737745555,1.0077377262254432,5,0.19999999999999998
calendar_19,calendar,2,7,8,3.003710857333057,1.0038667426669448,5,0.19999999999999998
calendar_19,calendar,2,8,8,2.860888349628526,1.1466892503714743,5,0.19999999999999998
calendar_19,calendar,2,9,8,3.1214490974829983,0.8861285025170025,5,0.19999999999999998
calendar_19,calendar,2,0,9,3.306827555051937,0.7007500449480643,5,0.19999999999999998
calendar_19,calendar,2,1,9,3.12874910896984,0.8788284910301606,5,0.19999999999999998
calendar_19,calendar,2,2,9,3.2019363551513345,0.805641244848667,5,0.19999999999999998
calendar_19,calendar,2,3,9,3.199932285236563,0.8076453147634369,5,0.19999999999999998
calendar_19,calendar,2,4,9,3.178395313658411,0.829182286341589,5,0.19999999999999998
calendar_19,calendar,2,5,9,3.1407787467101316,0.8667988532898708,5,0.19999999999999998
calendar_19,calendar,2,6,9,3.1940542577460027,0.8135233422539987,5,0.19999999999999998
calendar_19,calendar,2,7,9,3.1767007319565312,0.830876868043469,5,0.19999999999999998
calendar_19,calendar,2,8,9,3.0944926928843057,0.9130849071156943,5,0.19999999999999998
calendar_19,calendar,2,9,9,3.3324258227845553,0.6751517772154441,5,0.19999999999999998
calendar_22,calendar,2,0,0,3.3733589797813757,0.6342186202186256,5,0.19999999999999998
calendar_22,calendar,2,1,0,3.1329548376474383,0.874622762352562,5,0.19999999999999998
calendar_22,calendar,2,2,0,3.146613156257697,0.8609644437423033,5,0.19999999999999998
calendar_22,calendar,2,3,0,3.1300920104441308,0.8774855895558688,5,0.19999999999999998
calendar_22,calendar,2,4,0,3.167196768301253,0.8403808316987476,5,0.19999999999999998
calendar_22,calendar,2,5,0,3.197439304829079,0.8101382951709208,5,0.19999999999999998
calendar_22,calendar,2,6,0,3.1975146301529436,0.8100629698470574,5,0.19999999999999998
calendar_22,calendar,2,7,0,3.164189774061439,0.8433878259385615,5,0.19999999999999998
calendar_22,calendar,2,8,0,3.132627156634199,0.8749504433658004,5,0.19999999999999998
calendar_22,calendar,2,9,0,3.3387811281232684,0.6687964718767319,5,0.19999999999999998
calendar_22,calendar,2,0,1,3.13504542089392,0.8725321791060805,5,0.19999999999999998
calendar_22,calendar,2,1,1,2.8639303475018654,1.1436472524981343,5,0.19999999999999998
calendar_22,calendar,2,2,1,2.9068705342564924,1.1007070657435067,5,0.19999999999999998
calendar_22,calendar,2,3,1,2.96635244688642,1.0412251531135797,5,0.19999999999999998
calendar_22,calendar,2,4,1,2.9590175358630892,1.0485600641369102,5,0.19999999999999998
calendar_22,calendar,2,5,1,2.9908611964839236,1.016716403516075,5,0.19999999999999998
calendar_22,calendar,2,6,1,3.0062505881199377,1.0013270118800632,5,0.19999999999999998
calendar_22,calendar,2,7,1,3.0236993831210675,0.9838782168789315,5,0.19999999999999998
calendar_22,calendar,2,8,1,2.8842419782280597,1.12333562177194,5,0.19999999999999998
calendar_22,calendar,2,9,1,3.101797585974299,0.9057800140257009,5,0.19999999999999998
calendar_22,calendar,2,0,2,3.1913154647947573,0.8162621352052425,5,0.19999999999999998
calendar_22,calendar,2,1,2,2.9555816909084736,1.0519959090915263,5,0.19999999999999998
calendar_22,calendar,2,2,2,3.042221523475387,0.965356076524613,5,0.19999999999999998
calendar_22,calendar,2,3,2,2.995445181404077,1.0121324185959248,5,0.19999999999999998
calendar_22,calendar,2,4,2,3.0483963882945075,0.959181211705493,5,0.19999999999999998
calendar_22,calendar,2,5,2,3.0794879261758146,0.9280896738241842,5,0.19999999999999998
calendar_22,calendar,2,6,2,3.0801280986729602,0.9274495013270387,5,0.19999999999999998
calendar_22,calendar,2,7,2,3.0370447532434652,0.9705328467565346,5,0.19999999999999998
calendar_22,calendar,2,8,2,3.002096376885808,1.005481223114192,5,0.19999999999999998
calendar_22,calendar,2,9,2,3.215460376228766,0.7921172237712335,5,0.19999999999999998
calendar_22,calendar,2,0,3,3.208702684422816,0.7988749155771834,5,0.19999999999999998
calendar_22,calendar,2,1,3,2.964176977851201,1.0434006221487997,5,0.19999999999999998
calendar_22,calendar,2,2,3,3.049379357399829,0.9581982426001713,5,0.19999999999999998
calendar_22,calendar,2,3,3,3.0427790350175457,0.9647985649824535,5,0.19999999999999998
calendar_22,calendar,2,4,3,3.0657705405478555,0.9418070594521448,5,0.19999999999999998
calendar_22,calendar,2,5,3,3.028791642892037,0.9787859571079633,5,0.19999999999999998
calendar_22,calendar,2,6,3,3.0665341564469624,0.9410434435530395,5,0.19999999999999998
calendar_22,calendar,2,7,3,3.0924863404218996,0.9150912595781007,5,0.19999999999999998
calendar_22,calendar,2,8,3,3.030422697659463,0.977154902340537,5,0.19999999999999998
calendar_22,calendar,2,9,3,3.1733442696348897,0.8342333303651102,5,0.19999999999999998
calendar_22,calendar,2,0,4,3.256981400830124,0.7505961991698754,5,0.19999999999999998
calendar_22,calendar,2,1,4,2.99685853256909,1.0107190674309097,5,0.19999999999999998
calendar_22,calendar,2,2,4,3.050554821583613,0.957022778416388,5,0.19999999999999998
calendar_22,calendar,2,3,4,3.0274928618190398,0.9800847381809606,5,0.19999999999999998
calendar_22,calendar,2,4,4,3.0537484881847963,0.9538291118152052,5,0.19999999999999998
calendar_22,calendar,2,5,4,3.0944579686580536,0.9131196313419473,5,0.19999999999999998
calendar_22,calendar,2,6,4,3.056550035220053,0.9510275647799473,5,0.19999999999999998
calendar_22,calendar,2,7,4,3.0804149475174545,0.9271626524825465,5,0.19999999999999998
calendar_22,calendar,2,8,4,2.993151254022806,1.0144263459771945,5,0.19999999999999998
calendar_22,calendar,2,9,4,3.246909534270041,0.7606680657299597,5,0.19999999999999998
calendar_22,calendar,2,0,5,3.239921892999736,0.7676557070002632,5,0.19999999999999998
calendar_22,calendar,2,1,5,3.026661635093741,0.9809159649062585,5,0.19999999999999998
calendar_22,calendar,2,2,5,3.056078921641374,0.9514986783586251,5,0.19999999999999998
calendar_22,calendar,2,3,5,3.0335428122100394,0.9740347877899618,5,0.19999999999999998
calendar_22,calendar,2,4,5,3.058824053601993,0.9487535463980067,5,0.19999999999999998
calendar_22,calendar,2,5,5,3.0875824336343154,0.919995166365685,5,0.19999999999999998
calendar_22,calendar,2,6,5,3.0303401378092434,0.9772374621907557,5,0.19999999999999998
calendar_22,calendar,2,7,5,3.0787432548877347,0.9288343451122637,5,0.19999999999999998
calendar_22,calendar,2,8,5,2.9732955181720495,1.0342820818279501,5,0.19999999999999998
calendar_22,calendar,2,9,5,3.170338237637618,0.8372393623623812,5,0.19999999999999998
calendar_22,calendar,2,0,6,3.1813900255920253,0.8261875744079741,5,0.19999999999999998
calendar_22,calendar,2,1,6,2.9763355451926072,1.0312420548073933,5,0.19999999999999998
calendar_22,calendar,2,2,6,3.0476965255767907,0.9598810744232082,5,0.19999999999999998
calendar_22,calendar,2,3,6,3.0519885608841957,0.9555890391158038,5,0.19999999999999998
calendar_22,calendar,2,4,6,3.0446700333715513,0.9629075666284481,5,0.19999999999999998
calendar_22,calendar,2,5,6,3.0529565282623587,0.954621071737643,5,0.19999999999999998
calendar_22,calendar,2,6,6,3.101026336699107,0.9065512633008947,5,0.19999999999999998
calendar_22,calendar,2,7,6,3.0155447983255144,0.9920328016744858,5,0.19999999999999998
calendar_22,calendar,2,8,6,2.906469297477815,1.1011083025221846,5,0.19999999999999998
calendar_22,calendar,2,9,6,3.2319288718045716,0.7756487281954292,5,0.19999999999999998
calendar_22,calendar,2,0,7,3.162002162522028,0.8455754374779728,5,0.19999999999999998
calendar_22,calendar,2,1,7,2.9137368721561034,1.0938407278438975,5,0.19999999999999998
calendar_22,calendar,2,2,7,2.9744415590103865,1.033136040989614,5,0.19999999999999998
calendar_22,calendar,2,3,7,3.0314139013855477,0.9761636986144513,5,0.19999999999999998
calendar_22,calendar,2,4,7,3.0292335202120912,0.9783440797879088,5,0.19999999999999998
calendar_22,calendar,2,5,7,3.0291547388392526,0.9784228611607472,5,0.19999999999999998
calendar_22,calendar,2,6,7,3.040063836918522,0.9675137630814785,5,0.19999999999999998
calendar_22,calendar,2,7,7,3.0323278087596526,0.9752497912403459,5,0.19999999999999998
calendar_22,calendar,2,8,7,2.912587956340389,1.0949896436596103,5,0.19999999999999998
calendar_22,calendar,2,9,7,3.1684204548485826,0.8391571451514167,5,0.19999999999999998
calendar_22,calendar,2,0,8,3.1174204806709653,0.8901571193290353,5,0.19999999999999998
calendar_22,calendar,2,1,8,2.8994140056792395,1.1081635943207617,5,0.19999999999999998
calendar_22,calendar,2,2,8,2.9422584058581283,1.0653191941418718,5,0.19999999999999998
calendar_22,calendar,2,3,8,2.96420701844589,1.0433705815541097,5,0.19999999999999998
calendar_22,calendar,2,4,8,2.953624240429465,1.053953359570535,5,0.19999999999999998
calendar_22,calendar,2,5,8,2.941248941336412,1.0663286586635896,5,0.19999999999999998
calendar_22,calendar,2,6,8,2.9764822202338643,1.0310953797661353,5,0.19999999999999998
calendar_22,calendar,2,7,8,2.9097405434545327,1.0978370565454687,5,0.19999999999999998
calendar_22,calendar,2,8,8,2.8165226209976946,1.1910549790023057,5,0.19999999999999998
calendar_22,calendar,2,9,8,3.104724820639185,0.9028527793608143,5,0.19999999999999998
calendar_22,calendar,2,0,9,3.331953138888473,0.6756244611115265,5,0.19999999999999998
calendar_22,calendar,2,1,9,3.1405518588245527,0.8670257411754464,5,0.19999999999999998
calendar_22,calendar,2,2,9,3.138522522584234,0.8690550774157656,5,0.19999999999999998
calendar_22,calendar,2,3,9,3.1625237987327006,0.8450538012672998,5,0.19999999999999998
calendar_22,calendar,2,4,9,3.1746669693690053,0.832910630630997,5,0.19999999999999998
calendar_22,calendar,2,5,9,3.236367131475903,0.771210468524098,5,0.19999999999999998
calendar_22,calendar,2,6,9,3.2216393814633695,0.7859382185366296,5,0.19999999999999998
calendar_22,calendar,2,7,9,3.174702178777881,0.8328754212221184,5,0.19999999999999998
calendar_22,calendar,2,8,9,3.109365770333912,0.8982118296660866,5,0.19999999999999998
calendar_22,calendar,2,9,9,3.293550114046734,0.7140274859532658,5,0.19999999999999998
calendar_21,calendar,2,0,0,3.3070674548397356,0.7005101451602644,5,0.19999999999999998
calendar_21,calendar,2,1,0,3.072066016603914,0.9355115833960858,5,0.19999999999999998
calendar_21,calendar,2,2,0,3.1985253502871966,0.8090522497128033,5,0.19999999999999998
calendar_21,calendar,2,3,0,3.224260660311638,0.7833169396883622,5,0.19999999999999998
calendar_21,calendar,2,4,0,3.2415835347103963,0.7659940652896051,5,0.19999999999999998
calendar_21,calendar,2,5,0,3.225246648610983,0.7823309513890179,5,0.19999999999999998
calendar_21,calendar,2,6,0,3.2092559414853206,0.79832165851468,5,0.19999999999999998
calendar_21,calendar,2,7,0,3.1729438554916807,0.8346337445083204,5,0.19999999999999998
calendar_21,calendar,2,8,0,3.104713300609168,0.9028642993908322,5,0.19999999999999998
calendar_21,calendar,2,9,0,3.2772964517269263,0.7302811482730727,5,0.19999999999999998
calendar_21,calendar,2,0,1,3.1319502036949656,0.8756273963050346,5,0.19999999999999998
calendar_21,calendar,2,1,1,2.847259607401106,1.1603179925988953,5,0.19999999999999998
calendar_21,calendar,2,2,1,2.939199887237001,1.068377712762999,5,0.19999999999999998
calendar_21,calendar,2,3,1,2.9825242381394794,1.0250533618605204,5,0.19999999999999998
calendar_21,calendar,2,4,1,2.9331534168466,1.0744241831534003,5,0.19999999999999998
calendar_21,calendar,2,5,1,2.9850155965329743,1.0225620034670255,5,0.19999999999999998
calendar_21,calendar,2,6,1,3.0138416247819153,0.9937359752180867,5,0.19999999999999998
calendar_21,calendar,2,7,1,2.940884727672788,1.0666928723272127,5,0.19999999999999998
calendar_21,calendar,2,8,1,2.8237505332246338,1.1838270667753663,5,0.19999999999999998
calendar_21,calendar,2,9,1,3.061799196223201,0.9457784037767999,5,0.19999999999999998
calendar_21,calendar,2,0,2,3.170002379706421,0.8375752202935791,5,0.19999999999999998
calendar_21,calendar,2,1,2,2.936999658591456,1.0705779414085452,5,0.19999999999999998
calendar_21,calendar,2,2,2,3.0225008518598186,0.9850767481401823,5,0.19999999999999998
calendar_21,calendar,2,3,2,3.033468530108241,0.974109069891761,5,0.19999999999999998
calendar_21,calendar,2,4,2,3.0424032640523047,0.9651743359476954,5,0.19999999999999998
calendar_21,calendar,2,5,2,3.049523346835737,0.9580542531642646,5,0.19999999999999998
calendar_21,calendar,2,6,2,3.098354131005554,0.9092234689944455,5,0.19999999999999998
calendar_21,calendar,2,7,2,3.034642907703098,0.9729346922969027,5,0.19999999999999998
calendar_21,calendar,2,8,2,2.9133986567285195,1.0941789432714795,5,0.19999999999999998
calendar_21,calendar,2,9,2,3.1558685572021954,0.851709042797804,5,0.19999999999999998
calendar_21,calendar,2,0,3,3.1857257363983047,0.8218518636016963,5,0.19999999999999998
calendar_21,calendar,2,1,3,2.967962886818091,1.0396147131819105,5,0.19999999999999998
calendar_21,calendar,2,2,3,3.102303789543067,0.9052738104569332,5,0.19999999999999998
calendar_21,calendar,2,3,3,3.0502519444247866,0.9573256555752145,5,0.19999999999999998
calendar_21,calendar,2,4,3,3.060460546142965,0.9471170538570356,5,0.19999999999999998
calendar_21,calendar,2,5,3,3.057130064630489,0.9504475353695113,5,0.19999999999999998
calendar_21,calendar,2,6,3,3.0327261243880517,0.9748514756119498,5,0.19999999999999998
calendar_21,calendar,2,7,3,3.0520233763688926,0.9555542236311071,5,0.19999999999999998
calendar_21,calendar,2,8,3,2.978333598959496,1.0292440010405048,5,0.19999999999999998
calendar_21,calendar,2,9,3,3.150400637677522,0.8571769623224771,5,0.19999999999999998
calendar_21,calendar,2,0,4,3.2407281906123733,0.7668494093876275,5,0.19999999999999998
calendar_21,calendar,2,1,4,2.954550243371758,1.0530273566282424,5,0.19999999999999998
calendar_21,calendar,2,2,4,3.0308793821638136,0.9766982178361866,5,0.19999999999999998
calendar_21,calendar,2,3,4,3.082266774506891,0.9253108254931101,5,0.19999999999999998
calendar_21,calendar,2,4,4,3.04718940762512,0.9603881923748806,5,0.19999999999999998
calendar_21,calendar,2,5,4,3.047623896568416,0.9599537034315846,5,0.19999999999999998
calendar_21,calendar,2,6,4,3.0774101355789356,0.9301674644210638,5,0.19999999999999998
calendar_21,calendar,2,7,4,3.027301502941262,0.9802760970587393,5,0.19999999999999998
calendar_21,calendar,2,8,4,2.981232459213302,1.0263451407866977,5,0.19999999999999998
calendar_21,calendar,2,9,4,3.168239810727784,0.8393377892722181,5,0.19999999999999998
calendar_21,calendar,2,0,5,3.170666956298394,0.836910643701608,5,0.19999999999999998
calendar_21,calendar,2,1,5,3.0081029495370375,0.999474650462962,5,0.19999999999999998
calendar_21,calendar,2,2,5,3.056858574351986,0.9507190256480134,5,0.19999999999999998
calendar_21,calendar,2,3,5,3.084227699805578,0.9233499001944214,5,0.19999999999999998
calendar_21,calendar,2,4,5,3.083094064801871,0.9244835351981283,5,0.19999999999999998
calendar_21,calendar,2,5,5,3.0650405491856305,0.9425370508143694,5,0.19999999999999998
calendar_21,calendar,2,6,5,3.0766514701758245,0.9309261298241749,5,0.19999999999999998
calendar_21,calendar,2,7,5,3.0851363948916024,0.9224412051083962,5,0.19999999999999998
calendar_21,calendar,2,8,5,2.9645481950679424,1.0430294049320572,5,0.19999999999999998
calendar_21,calendar,2,9,5,3.1365016802995997,0.8710759197004017,5,0.19999999999999998
calendar_21,calendar,2,0,6,3.1779466226374127,0.829630977362588,5,0.19999999999999998
calendar_21,calendar,2,1,6,2.9555082562998196,1.0520693437001811,5,0.19999999999999998
calendar_21,calendar,2,2,6,3.016383189266715,0.9911944107332857,5,0.19999999999999998
calendar_21,calendar,2,3,6,3.023032799953296,0.9845448000467036,5,0.19999999999999998
calendar_21,calendar,2,4,6,3.049234257332526,0.9583433426674748,5,0.19999999999999998
calendar_21,calendar,2,5,6,3.031996805703272,0.9755807942967297,5,0.19999999999999998
calendar_21,calendar,2,6,6,3.0062106729496856,1.0013669270503145,5,0.19999999999999998
calendar_21,calendar,2,7,6,3.043544910905313,0.9640326890946862,5,0.19999999999999998
calendar_21,calendar,2,8,6,2.931254488458713,1.0763231115412877,5,0.19999999999999998
calendar_21,calendar,2,9,6,3.1652870094607937,0.8422905905392049,5,0.19999999999999998
calendar_21,calendar,2,0,7,3.17849770364736,0.8290798963526405,5,0.19999999999999998
calendar_21,calendar,2,1,7,2.9443131618135245,1.0632644381864749,5,0.19999999999999998
calendar_21,calendar,2,2,7,3.025411826961617,0.9821657730383839,5,0.19999999999999998
calendar_21,calendar,2,3,7,3.011510712716965,0.9960668872830358,5,0.19999999999999998
calendar_21,calendar,2,4,7,3.0645781582313636,0.9429994417686371,5,0.19999999999999998
calendar_21,calendar,2,5,7,3.0207262088015354,0.9868513911984654,5,0.19999999999999998
calendar_21,calendar,2,6,7,3.009338665845185,0.9982389341548137,5,0.19999999999999998
calendar_21,calendar,2,7,7,3.006623124056178,1.000954475943821,5,0.19999999999999998
calendar_21,calendar,2,8,7,2.9877200248775933,1.019857575122407,5,0.19999999999999998
calendar_21,calendar,2,9,7,3.2107371358864487,0.7968404641135518,5,0.19999999999999998
calendar_21,calendar,2,0,8,3.113983240593396,0.8935943594066045,5,0.19999999999999998
calendar_21,calendar,2,1,8,2.869866851721022,1.137710748278978,5,0.19999999999999998
calendar_21,calendar,2,2,8,2.943263602393626,1.0643139976063736,5,0.19999999999999998
calendar_21,calendar,2,3,8,2.9745983221856434,1.0329792778143572,5,0.19999999999999998
calendar_21,calendar,2,4,8,2.941776036173487,1.0658015638265128,5,0.19999999999999998
calendar_21,calendar,2,5,8,2.9771180625425013,1.0304595374574976,5,0.19999999999999998
calendar_21,calendar,2,6,8,2.9237330254674654,1.0838445745325345,5,0.19999999999999998
calendar_21,calendar,2,7,8,2.973058327067881,1.0345192729321193,5,0.19999999999999998
calendar_21,calendar,2,8,8,2.9461188491201717,1.0614587508798283,5,0.19999999999999998
calendar_21,calendar,2,9,8,3.1142554809812766,0.8933221190187236,5,0.19999999999999998
calendar_21,calendar,2,0,9,3.3204985162846823,0.6870790837153185,5,0.19999999999999998
calendar_21,calendar,2,1,9,3.1170187288040836,0.8905588711959176,5,0.19999999999999998
calendar_21,calendar,2,2,9,3.185235451981206,0.8223421480187949,5,0.19999999999999998
calendar_21,calendar,2,3,9,3.1914380781350475,0.8161395218649525,5,0.19999999999999998
calendar_21,calendar,2,4,9,3.2266484258338726,0.7809291741661258,5,0.19999999999999998
calendar_21,calendar,2,5,9,3.17493937999992,0.8326382200000789,5,0.19999999999999998
calendar_21,calendar,2,6,9,3.192353497362603,0.8152241026373972,5,0.19999999999999998
calendar_21,calendar,2,7,9,3.1707288977040804,0.8368487022959196,5,0.19999999999999998
calendar_21,calendar,2,8,9,3.112804307310584,0.8947732926894153,5,0.19999999999999998
calendar_21,calendar,2,9,9,3.2953031264356514,0.7122744735643505,5,0.19999999999999998
calendar_20,calendar,3,0,0,3.237151998387492,0.7704256016125076,5,0.3
calendar_20,calendar,3,1,0,2.9645789850008395,1.0429986149991595,5,0.3
calendar_20,calendar,3,2,0,3.0698247263365057,0.937752873663495,5,0.3
calendar_20,calendar,3,3,0,3.080537287174259,0.9270403128257418,5,0.3
calendar_20,calendar,3,4,0,3.0329820786457775,0.9745955213542223,5,0.3
calendar_20,calendar,3,5,0,3.102582593737039,0.9049950062629593,5,0.3
calendar_20,calendar,3,6,0,3.0506470790342286,0.9569305209657718,5,0.3
calendar_20,calendar,3,7,0,3.045111299575984,0.9624663004240164,5,0.3
calendar_20,calendar,3,8,0,2.982785147016807,1.0247924529831927,5,0.3
calendar_20,calendar,3,9,0,3.2536438910212286,0.7539337089787715,5,0.3
calendar_20,calendar,3,0,1,2.999092733591335,1.0084848664086645,5,0.3
calendar_20,calendar,3,1,1,2.7001318952084796,1.30744570479152,5,0.3
calendar_20,calendar,3,2,1,2.839018275743373,1.168559324256628,5,0.3
calendar_20,calendar,3,3,1,2.8561245734052307,1.1514530265947684,5,0.3
calendar_20,calendar,3,4,1,2.7879420407682467,1.2196355592317536,5,0.3
calendar_20,calendar,3,5,1,2.7952342208386076,1.2123433791613927,5,0.3
calendar_20,calendar,3,6,1,2.7810400920438707,1.2265375079561291,5,0.3
calendar_20,calendar,3,7,1,2.7618174449250943,1.2457601550749062,5,0.3
calendar_20,calendar,3,8,1,2.660530000065661,1.347047599934339,5,0.3
calendar_20,calendar,3,9,1,2.9749073940682167,1.032670205931783,5,0.3
calendar_20,calendar,3,0,2,3.064372061712195,0.9432055382878055,5,0.3
calendar_20,calendar,3,1,2,2.7954605208290686,1.212117079170933,5,0.3
calendar_20,calendar,3,2,2,2.9146736018207626,1.092903998179236,5,0.3
calendar_20,calendar,3,3,2,2.9131350785560324,1.0944425214439688,5,0.3
calendar_20,calendar,3,4,2,2.9153232631934856,1.0922543368065152,5,0.3
calendar_20,calendar,3,5,2,2.8525778532309327,1.1549997467690676,5,0.3
calendar_20,calendar,3,6,2,2.8699114397881833,1.1376661602118157,5,0.3
calendar_20,calendar,3,7,2,2.8843631734772948,1.1232144265227055,5,0.3
calendar_20,calendar,3,8,2,2.780109508192467,1.2274680918075331,5,0.3
calendar_20,calendar,3,9,2,3.0839256852554726,0.9236519147445281,5,0.3
calendar_20,calendar,3,0,3,3.0836663654289755,0.9239112345710246,5,0.3
calendar_20,calendar,3,1,3,2.818015849906178,1.1895617500938238,5,0.3
calendar_20,calendar,3,2,3,2.894666464116384,1.1129111358836157,5,0.3
calendar_20,calendar,3,3,3,2.9558788178117203,1.05169878218828,5,0.3
calendar_20,calendar,3,4,3,2.9376924124772423,1.0698851875227586,5,0.3
calendar_20,calendar,3,5,3,2.908931883902094,1.0986457160979062,5,0.3
calendar_20,calendar,3,6,3,2.8997721363761024,1.107805463623898,5,0.3
calendar_20,calendar,3,7,3,2.8196759843928683,1.1879016156071325,5,0.3
calendar_20,calendar,3,8,3,2.7979708091304953,1.2096067908695047,5,0.3
calendar_20,calendar,3,9,3,3.122540726664223,0.8850368733357766,5,0.3
calendar_20,calendar,3,0,4,3.092943680616,0.914633919384,5,0.3
calendar_20,calendar,3,1,4,2.8223677791928803,1.18520982080712,5,0.3
calendar_20,calendar,3,2,4,2.9150342047888773,1.0925433952111225,5,0.3
calendar_20,calendar,3,3,4,2.8859136109788426,1.1216639890211584,5,0.3
calendar_20,calendar,3,4,4,2.909730040928234,1.0978475590717665,5,0.3
calendar_20,calendar,3,5,4,2.8760536330001782,1.1315239669998223,5,0.3
calendar_20,calendar,3,6,4,2.892025633118255,1.1155519668817446,5,0.3
calendar_20,calendar,3,7,4,2.8671416644228596,1.1404359355771396,5,0.3
calendar_20,calendar,3,8,4,2.7467855663595033,1.2607920336404983,5,0.3
calendar_20,calendar,3,9,4,3.1190800958248373,0.8884975041751624,5,0.3
calendar_20,calendar,3,0,5,3.0595982656215526,0.9479793343784494,5,0.3
calendar_20,calendar,3,1,5,2.7729562906158414,1.234621309384159,5,0.3
calendar_20,calendar,3,2,5,2.883040124185489,1.1245374758145124,5,0.3
calendar_20,calendar,3,3,5,2.9574391644902365,1.050138435509763,5,0.3
calendar_20,calendar,3,4,5,2.903590279348506,1.1039873206514943,5,0.3
calendar_20,calendar,3,5,5,2.913577295274083,1.094000304725917,5,0.3
calendar_20,calendar,3,6,5,2.9210379247752436,1.0865396752247585,5,0.3
calendar_20,calendar,3,7,5,2.886605123697015,1.1209724763029842,5,0.3
calendar_20,calendar,3,8,5,2.8286849747229166,1.1788926252770848,5,0.3
calendar_20,calendar,3,9,5,3.0437366380722386,0.963840961927761,5,0.3
calendar_20,calendar,3,0,6,3.0693948734262393,0.9381827265737609,5,0.3
calendar_20,calendar,3,1,6,2.7440491378732497,1.26352846212675,5,0.3
calendar_20,calendar,3,2,6,2.8640499628763623,1.1435276371236378,5,0.3
calendar_20,calendar,3,3,6,2.890838905280916,1.1167386947190845,5,0.3
calendar_20,calendar,3,4,6,2.896096753508778,1.1114808464912231,5,0.3
calendar_20,calendar,3,5,6,2.9233934867986706,1.084184113201329,5,0.3
calendar_20,calendar,3,6,6,2.958823671658155,1.0487539283418452,5,0.3
calendar_20,calendar,3,7,6,2.896856882829733,1.110720717170268,5,0.3
calendar_20,calendar,3,8,6,2.803610500309444,1.203967099690556,5,0.3
calendar_20,calendar,3,9,6,3.134464754079383,0.8731128459206166,5,0.3
calendar_20,calendar,3,0,7,3.042197176091517,0.9653804239084834,5,0.3
calendar_20,calendar,3,1,7,2.78449952298703,1.2230780770129712,5,0.3
calendar_20,calendar,3,2,7,2.8567563651798173,1.1508212348201823,5,0.3
calendar_20,calendar,3,3,7,2.9075518915440695,1.1000257084559304,5,0.3
calendar_20,calendar,3,4,7,2.884376700642657,1.1232008993573426,5,0.3
calendar_20,calendar,3,5,7,2.9017795397649326,1.1057980602350677,5,0.3
calendar_20,calendar,3,6,7,2.860109865792882,1.1474677342071173,5,0.3
calendar_20,calendar,3,7,7,2.8789613186207434,1.1286162813792557,5,0.3
calendar_20,calendar,3,8,7,2.7919207627371665,1.2156568372628345,5,0.3
calendar_20,calendar,3,9,7,3.055408404330645,0.9521691956693537,5,0.3
calendar_20,calendar,3,0,8,2.9430084622737214,1.0645691377262794,5,0.3
calendar_20,calendar,3,1,8,2.6299373817880354,1.3776402182119643,5,0.3
calendar_20,calendar,3,2,8,2.7557553829368677,1.251822217063133,5,0.3
calendar_20,calendar,3,3,8,2.790581276120453,1.216996323879546,5,0.3
calendar_20,calendar,3,4,8,2.791361551065108,1.2162160489348919,5,0.3
calendar_20,calendar,3,5,8,2.7654560556234653,1.2421215443765357,5,0.3
calendar_20,calendar,3,6,8,2.7981696403283887,1.2094079596716103,5,0.3
calendar_20,calendar,3,7,8,2.7683782782526025,1.2391993217473967,5,0.3
calendar_20,calendar,3,8,8,2.6960657985203436,1.3115118014796567,5,0.3
calendar_20,calendar,3,9,8,3.0135229376131356,0.9940546623868648,5,0.3
calendar_20,calendar,3,0,9,3.183593414924686,0.8239841850753155,5,0.3
calendar_20,calendar,3,1,9,2.954382411819596,1.0531951881804031,5,0.3
calendar_20,calendar,3,2,9,3.036565558924398,0.9710120410756024,5,0.3
calendar_20,calendar,3,3,9,3.0953641875863465,0.9122134124136543,5,0.3
calendar_20,calendar,3,4,9,3.0605121984997288,0.9470654015002715,5,0.3
calendar_20,calendar,3,5,9,3.067239509056886,0.9403380909431138,5,0.3
calendar_20,calendar,3,6,9,3.0667116306503126,0.9408659693496881,5,0.3
calendar_20,calendar,3,7,9,3.069923606834684,0.9376539931653151,5,0.3
calendar_20,calendar,3,8,9,2.9846408574323,1.0229367425676994,5,0.3
calendar_20,calendar,3,9,9,3.1724721544879118,0.8351054455120894,5,0.3
calendar_19,calendar,3,0,0,3.217237286584279,0.7903403134157201,5,0.3
calendar_19,calendar,3,1,0,2.939906833997463,1.0676707660025366,5,0.3
calendar_19,calendar,3,2,0,3.048836170746227,0.9587414292537725,5,0.3
calendar_19,calendar,3,3,0,3.0761235956178963,0.9314540043821035,5,0.3
calendar_19,calendar,3,4,0,3.1042732819047605,0.9033043180952394,5,0.3
calendar_19,calendar,3,5,0,3.09231007646156,0.9152675235384387,5,0.3
calendar_19,calendar,3,6,0,3.0984292178212263,0.9091483821787744,5,0.3
calendar_19,calendar,3,7,0,3.076582751486136,0.9309948485138643,5,0.3
calendar_19,calendar,3,8,0,3.0276391476670175,0.9799384523329824,5,0.3
calendar_19,calendar,3,9,0,3.246115684899714,0.761461915100287,5,0.3
calendar_19,calendar,3,0,1,2.9601502309832814,1.0474273690167193,5,0.3
calendar_19,calendar,3,1,1,2.675324409449124,1.3322531905508768,5,0.3
calendar_19,calendar,3,2,1,2.7743221837577035,1.233255416242295,5,0.3
calendar_19,calendar,3,3,1,2.822558969595317,1.1850186304046835,5,0.3
calendar_19,calendar,3,4,1,2.803960480064863,1.203617119935138,5,0.3
calendar_19,calendar,3,5,1,2.8049128661020313,1.2026647338979681,5,0.3
calendar_19,calendar,3,6,1,2.8603593611676827,1.147218238832317,5,0.3
calendar_19,calendar,3,7,1,2.84905458521574,1.15852301478426,5,0.3
calendar_19,calendar,3,8,1,2.7463282787134733,1.261249321286526,5,0.3
calendar_19,calendar,3,9,1,3.0368138033354826,0.9707637966645174,5,0.3
calendar_19,calendar,3,0,2,3.020613608460322,0.9869639915396792,5,0.3
calendar_19,calendar,3,1,2,2.805545715689848,1.202031884310153,5,0.3
calendar_19,calendar,3,2,2,2.9238807230927946,1.0836968769072055,5,0.3
calendar_19,calendar,3,3,2,2.9130946938187017,1.094482906181298,5,0.3
calendar_19,calendar,3,4,2,2.890590879574637,1.1169867204253636,5,0.3
calendar_19,calendar,3,5,2,2.930151885928863,1.0774257140711374,5,0.3
calendar_19,calendar,3,6,2,2.9069808586164902,1.1005967413835103,5,0.3
calendar_19,calendar,3,7,2,2.912102791226983,1.0954748087730164,5,0.3
calendar_19,calendar,3,8,2,2.8272375563128866,1.1803400436871132,5,0.3
calendar_19,calendar,3,9,2,3.102073338634523,0.9055042613654775,5,0.3
calendar_19,calendar,3,0,3,3.099900486268715,0.9076771137312851,5,0.3
calendar_19,calendar,3,1,3,2.8234375159590726,1.1841400840409273,5,0.3
calendar_19,calendar,3,2,3,2.9300972733928705,1.0774803266071307,5,0.3
calendar_19,calendar,3,3,3,2.9209580122695344,1.0866195877304659,5,0.3
calendar_19,calendar,3,4,3,2.9429564475011216,1.0646211524988785,5,0.3
calendar_19,calendar,3,5,3,2.907626694800492,1.0999509051995089,5,0.3
calendar_19,calendar,3,6,3,2.926815860869392,1.0807617391306081,5,0.3
calendar_19,calendar,3,7,3,2.88341172445361,1.12416587554639,5,0.3
calendar_19,calendar,3,8,3,2.8311530452093154,1.176424554790685,5,0.3
calendar_19,calendar,3,9,3,3.084676707262977,0.9229008927370232,5,0.3
calendar_19,calendar,3,0,4,3.098052215520022,0.9095253844799769,5,0.3
calendar_19,calendar,3,1,4,2.8320802773851153,1.1754973226148833,5,0.3
calendar_19,calendar,3,2,4,2.8926889835576386,1.1148886164423606,5,0.3
calendar_19,calendar,3,3,4,2.967152454408273,1.0404251455917262,5,0.3
calendar_19,calendar,3,4,4,2.945062825377385,1.0625147746226145,5,0.3
calendar_19,calendar,3,5,4,2.98247600579694,1.0251015942030601,5,0.3
calendar_19,calendar,3,6,4,2.9257496476150577,1.081827952384941,5,0.3
calendar_19,calendar,3,7,4,2.9050757317537346,1.1025018682462655,5,0.3
calendar_19,calendar,3,8,4,2.791082285727623,1.216495314272377,5,0.3
calendar_19,calendar,3,9,4,3.089802628256771,0.9177749717432275,5,0.3
calendar_19,calendar,3,0,5,3.0704759219780913,0.9371016780219076,5,0.3
calendar_19,calendar,3,1,5,2.812873417259967,1.1947041827400333,5,0.3
calendar_19,calendar,3,2,5,2.9234687029001756,1.0841088970998243,5,0.3
calendar_19,calendar,3,3,5,2.910500597676369,1.0970770023236307,5,0.3
calendar_19,calendar,3,4,5,2.904891968158101,1.1026856318419003,5,0.3
calendar_19,calendar,3,5,5,2.916025886249918,1.0915517137500828,5,0.3
calendar_19,calendar,3,6,5,2.9333980571526572,1.0741795428473428,5,0.3
calendar_19,calendar,3,7,5,2.893635432791047,1.1139421672089527,5,0.3
calendar_19,calendar,3,8,5,2.7991768236865697,1.2084007763134297,5,0.3
calendar_19,calendar,3,9,5,3.0710783543422475,0.9364992456577528,5,0.3
calendar_19,calendar,3,0,6,3.0824964153367427,0.9250811846632572,5,0.3
calendar_19,calendar,3,1,6,2.809051621955215,1.1985259780447852,5,0.3
calendar_19,calendar,3,2,6,2.935643535259656,1.0719340647403446,5,0.3
calendar_19,calendar,3,3,6,2.905341396273771,1.1022362037262292,5,0.3
calendar_19,calendar,3,4,6,2.920920121478926,1.0866574785210739,5,0.3
calendar_19,calendar,3,5,6,2.9133496466216617,1.094227953378338,5,0.3
calendar_19,calendar,3,6,6,2.8703072225179698,1.1372703774820299,5,0.3
calendar_19,calendar,3,7,6,2.8746997449401976,1.1328778550598022,5,0.3
calendar_19,calendar,3,8,6,2.845612284843272,1.1619653151567277,5,0.3
calendar_19,calendar,3,9,6,3.131901133862602,0.8756764661373967,5,0.3
calendar_19,calendar,3,0,7,3.0528589853869965,0.9547186146130029,5,0.3
calendar_19,calendar,3,1,7,2.7863572948920985,1.221220305107902,5,0.3
calendar_19,calendar,3,2,7,2.9009089507798884,1.106668649220112,5,0.3
calendar_19,calendar,3,3,7,2.870094568781359,1.1374830312186406,5,0.3
calendar_19,calendar,3,4,7,2.9065558056252603,1.1010217943747396,5,0.3
calendar_19,calendar,3,5,7,2.9022163679397903,1.1053612320602104,5,0.3
calendar_19,calendar,3,6,7,2.8884705029736826,1.119107097026317,5,0.3
calendar_19,calendar,3,7,7,2.8641659147494978,1.143411685250504,5,0.3
calendar_19,calendar,3,8,7,2.808699495234235,1.1988781047657664,5,0.3
calendar_19,calendar,3,9,7,3.0692838783269196,0.9382937216730792,5,0.3
calendar_19,calendar,3,0,8,3.04709144785026,0.9604861521497402,5,0.3
calendar_19,calendar,3,1,8,2.710527985871476,1.2970496141285235,5,0.3
calendar_19,calendar,3,2,8,2.731887674663482,1.275689925336518,5,0.3
calendar_19,calendar,3,3,8,2.8304384620383236,1.177139137961676,5,0.3
calendar_19,calendar,3,4,8,2.7900489690476893,1.217528630952311,5,0.3
calendar_19,calendar,3,5,8,2.851570061236298,1.1560075387637019,5,0.3
calendar_19,calendar,3,6,8,2.803659076196832,1.2039185238031687,5,0.3
calendar_19,calendar,3,7,8,2.7577737082767073,1.2498038917232923,5,0.3
calendar_19,calendar,3,8,8,2.675895871068741,1.33168172893126,5,0.3
calendar_19,calendar,3,9,8,3.006693897710896,1.0008837022891048,5,0.3
calendar_19,calendar,3,0,9,3.237345864904912,0.7702317350950879,5,0.3
calendar_19,calendar,3,1,9,2.9849711968451516,1.0226064031548494,5,0.3
calendar_19,calendar,3,2,9,3.0852415842181142,0.9223360157818873,5,0.3
calendar_19,calendar,3,3,9,3.0726711277305316,0.9349064722694688,5,0.3
calendar_19,calendar,3,4,9,3.0308580769340243,0.9767195230659761,5,0.3
calendar_19,calendar,3,5,9,3.0948053191078015,0.9127722808921983,5,0.3
calendar_19,calendar,3,6,9,3.065955191702256,0.9416224082977437,5,0.3
calendar_19,calendar,3,7,9,3.023342962366812,0.9842346376331876,5,0.3
calendar_19,calendar,3,8,9,3.021934501845327,0.9856430981546743,5,0.3
calendar_19,calendar,3,9,9,3.2200238663163248,0.7875537336836749,5,0.3
calendar_22,calendar,3,0,0,3.2467898634751537,0.7607877365248468,5,0.3
calendar_22,calendar,3,1,0,2.9944500546007307,1.0131275453992687,5,0.3
calendar_22,calendar,3,2,0,3.039260049103353,0.9683175508966472,5,0.3
calendar_22,calendar,3,3,0,3.0803837131337817,0.9271938868662186,5,0.3
calendar_22,calendar,3,4,0,3.0519853243110324,0.955592275688968,5,0.3
calendar_22,calendar,3,5,0,3.043237873154798,0.9643397268452024,5,0.3
calendar_22,calendar,3,6,0,3.081820493621316,0.9257571063786846,5,0.3
calendar_22,calendar,3,7,0,3.085232252732222,0.9223453472677765,5,0.3
calendar_22,calendar,3,8,0,2.9894118019113414,1.0181657980886565,5,0.3
calendar_22,calendar,3,9,0,3.2135932455947125,0.793984354405288,5,0.3
calendar_22,calendar,3,0,1,3.0425065860220473,0.9650710139779538,5,0.3
calendar_22,calendar,3,1,1,2.6988260826327037,1.308751517367297,5,0.3
calendar_22,calendar,3,2,1,2.772054073269978,1.2355235267300229,5,0.3
calendar_22,calendar,3,3,1,2.7791137429725787,1.2284638570274224,5,0.3
calendar_22,calendar,3,4,1,2.761578967626402,1.2459986323735976,5,0.3
calendar_22,calendar,3,5,1,2.795923714459008,1.2116538855409908,5,0.3
calendar_22,calendar,3,6,1,2.782622022888239,1.2249555771117633,5,0.3
calendar_22,calendar,3,7,1,2.7725530231230873,1.2350245768769137,5,0.3
calendar_22,calendar,3,8,1,2.6658277472007312,1.3417498527992686,5,0.3
calendar_22,calendar,3,9,1,2.992046380868903,1.015531219131098,5,0.3
calendar_22,calendar,3,0,2,3.095338265831824,0.912239334168175,5,0.3
calendar_22,calendar,3,1,2,2.783409751406426,1.2241678485935739,5,0.3
calendar_22,calendar,3,2,2,2.8135373201552163,1.1940402798447844,5,0.3
calendar_22,calendar,3,3,2,2.8942293547289273,1.1133482452710728,5,0.3
calendar_22,calendar,3,4,2,2.85047126554726,1.1571063344527392,5,0.3
calendar_22,calendar,3,5,2,2.8663222205822785,1.1412553794177205,5,0.3
calendar_22,calendar,3,6,2,2.8814471164649316,1.126130483535068,5,0.3
calendar_22,calendar,3,7,2,2.870115380306714,1.1374622196932873,5,0.3
calendar_22,calendar,3,8,2,2.8145771558361203,1.1930004441638788,5,0.3
calendar_22,calendar,3,9,2,3.0384280524921037,0.969149547507898,5,0.3
calendar_22,calendar,3,0,3,3.079141485735313,0.9284361142646864,5,0.3
calendar_22,calendar,3,1,3,2.7904858118412417,1.2170917881587575,5,0.3
calendar_22,calendar,3,2,3,2.8535329117001154,1.1540446882998847,5,0.3
calendar_22,calendar,3,3,3,2.920859421348219,1.0867181786517812,5,0.3
calendar_22,calendar,3,4,3,2.8723132275842675,1.1352643724157319,5,0.3
calendar_22,calendar,3,5,3,2.897613608610734,1.1099639913892656,5,0.3
calendar_22,calendar,3,6,3,2.901642265847394,1.1059353341526057,5,0.3
calendar_22,calendar,3,7,3,2.8927280988489303,1.1148495011510693,5,0.3
calendar_22,calendar,3,8,3,2.8261175191273917,1.1814600808726075,5,0.3
calendar_22,calendar,3,9,3,3.076618716639211,0.9309588833607884,5,0.3
calendar_22,calendar,3,0,4,3.0894084035974676,0.9181691964025323,5,0.3
calendar_22,calendar,3,1,4,2.8393264633202104,1.1682511366797896,5,0.3
calendar_22,calendar,3,2,4,2.8872540383332637,1.1203235616667366,5,0.3
calendar_22,calendar,3,3,4,2.8764210751592434,1.1311565248407571,5,0.3
calendar_22,calendar,3,4,4,2.9134541032325094,1.0941234967674909,5,0.3
calendar_22,calendar,3,5,4,2.9526196513624496,1.0549579486375509,5,0.3
calendar_22,calendar,3,6,4,2.929709440188856,1.0778681598111444,5,0.3
calendar_22,calendar,3,7,4,2.8989559542989736,1.1086216457010274,5,0.3
calendar_22,calendar,3,8,4,2.824317152314732,1.1832604476852668,5,0.3
calendar_22,calendar,3,9,4,3.1220549097563497,0.8855226902436512,5,0.3
calendar_22,calendar,3,0,5,3.0845302422861898,0.9230473577138095,5,0.3
calendar_22,calendar,3,1,5,2.787333862809188,1.2202437371908117,5,0.3
calendar_22,calendar,3,2,5,2.8953772238474147,1.1122003761525856,5,0.3
calendar_22,calendar,3,3,5,2.913519425235535,1.094058174764464,5,0.3
calendar_22,calendar,3,4,5,2.953238623794216,1.0543389762057842,5,0.3
calendar_22,calendar,3,5,5,2.972170519132846,1.0354070808671538,5,0.3
calendar_22,calendar,3,6,5,2.9081456473789706,1.0994319526210294,5,0.3
calendar_22,calendar,3,7,5,2.947946021673723,1.0596315783262749,5,0.3
calendar_22,calendar,3,8,5,2.880030829151135,1.127546770848865,5,0.3
calendar_22,calendar,3,9,5,3.057524496882575,0.9500531031174241,5,0.3
calendar_22,calendar,3,0,6,3.0729708633002732,0.9346067366997255,5,0.3
calendar_22,calendar,3,1,6,2.8189972020256513,1.1885803979743483,5,0.3
calendar_22,calendar,3,2,6,2.914105959078684,1.0934716409213165,5,0.3
calendar_22,calendar,3,3,6,2.8486511085038577,1.1589264914961428,5,0.3
calendar_22,calendar,3,4,6,2.949017861350449,1.0585597386495504,5,0.3
calendar_22,calendar,3,5,6,2.954584947472435,1.0529926525275652,5,0.3
calendar_22,calendar,3,6,6,2.917026000349716,1.0905515996502844,5,0.3
calendar_22,calendar,3,7,6,2.907364901991824,1.1002126980081761,5,0.3
calendar_22,calendar,3,8,6,2.8015469221732507,1.2060306778267502,5,0.3
calendar_22,calendar,3,9,6,3.0624012367170996,0.9451763632829002,5,0.3
calendar_22,calendar,3,0,7,3.0539076132678935,0.9536699867321059,5,0.3
calendar_22,calendar,3,1,7,2.761978944375297,1.2455986556247036,5,0.3
calendar_22,calendar,3,2,7,2.861796986212598,1.1457806137874023,5,0.3
calendar_22,calendar,3,3,7,2.9265258790490614,1.0810517209509387,5,0.3
calendar_22,calendar,3,4,7,2.91112712021276,1.096450479787239,5,0.3
calendar_22,calendar,3,5,7,2.90450690982322,1.1030706901767813,5,0.3
calendar_22,calendar,3,6,7,2.8427028696608017,1.1648747303391989,5,0.3
calendar_22,calendar,3,7,7,2.8946236754611023,1.1129539245388989,5,0.3
calendar_22,calendar,3,8,7,2.7526858814552613,1.2548917185447372,5,0.3
calendar_22,calendar,3,9,7,3.0338564019231122,0.9737211980768874,5,0.3
calendar_22,calendar,3,0,8,3.0234426610283736,0.9841349389716259,5,0.3
calendar_22,calendar,3,1,8,2.692786053225508,1.314791546774492,5,0.3
calendar_22,calendar,3,2,8,2.7733524154504257,1.2342251845495749,5,0.3
calendar_22,calendar,3,3,8,2.814029769171422,1.1935478308285778,5,0.3
calendar_22,calendar,3,4,8,2.8672734136962963,1.1403041863037036,5,0.3
calendar_22,calendar,3,5,8,2.842418985170021,1.1651586148299795,5,0.3
calendar_22,calendar,3,6,8,2.819019609150256,1.1885579908497446,5,0.3
calendar_22,calendar,3,7,8,2.750083024286397,1.257494575713603,5,0.3
calendar_22,calendar,3,8,8,2.65680789055579,1.35076970944421,5,0.3
calendar_22,calendar,3,9,8,2.9498696942730676,1.0577079057269316,5,0.3
calendar_22,calendar,3,0,9,3.26825008926936,0.73932751073064,5,0.3
calendar_22,calendar,3,1,9,2.966193486904412,1.0413841130955874,5,0.3
calendar_22,calendar,3,2,9,3.0279804403947703,0.9795971596052312,5,0.3
calendar_22,calendar,3,3,9,3.033790728401033,0.9737868715989678,5,0.3
calendar_22,calendar,3,4,9,3.096807862813769,0.9107697371862326,5,0.3
calendar_22,calendar,3,5,9,3.0963255174228568,0.9112520825771445,5,0.3
calendar_22,calendar,3,6,9,3.0762742196964417,0.9313033803035591,5,0.3
calendar_22,calendar,3,7,9,3.108166225071757,0.899411374928243,5,0.3
calendar_22,calendar,3,8,9,2.9463308461158966,1.0612467538841046,5,0.3
calendar_22,calendar,3,9,9,3.1892239692793,0.8183536307207014,5,0.3
calendar_21,calendar,3,0,0,3.237201535218142,0.7703760647818593,5,0.3
calendar_21,calendar,3,1,0,3.0296315145963324,0.977946085403668,5,0.3
calendar_21,calendar,3,2,0,3.034712606539238,0.9728649934607623,5,0.3
calendar_21,calendar,3,3,0,3.0938341988950286,0.9137434011049719,5,0.3
calendar_21,calendar,3,4,0,3.110129762665177,0.8974478373348229,5,0.3
calendar_21,calendar,3,5,0,3.071566061951559,0.9360115380484412,5,0.3
calendar_21,calendar,3,6,0,3.0325516649256192,0.9750259350743816,5,0.3
calendar_21,calendar,3,7,0,3.0728806872913332,0.934696912708667,5,0.3
calendar_21,calendar,3,8,0,2.9759377959130187,1.0316398040869807,5,0.3
calendar_21,calendar,3,9,0,3.2136450749309335,0.7939325250690672,5,0.3
calendar_21,calendar,3,0,1,2.961552701385002,1.046024898614998,5,0.3
calendar_21,calendar,3,1,1,2.755918396968159,1.2516592030318414,5,0.3
calendar_21,calendar,3,2,1,2.793841396059116,1.2137362039408846,5,0.3
calendar_21,calendar,3,3,1,2.7767343199934174,1.2308432800065834,5,0.3
calendar_21,calendar,3,4,1,2.7834830815271356,1.224094518472865,5,0.3
calendar_21,calendar,3,5,1,2.770641241484694,1.2369363585153064,5,0.3
calendar_21,calendar,3,6,1,2.78294983465958,1.2246277653404196,5,0.3
calendar_21,calendar,3,7,1,2.8048404910980964,1.2027371089019037,5,0.3
calendar_21,calendar,3,8,1,2.681096570339233,1.326481029660768,5,0.3
calendar_21,calendar,3,9,1,2.9828126186819133,1.0247649813180877,5,0.3
calendar_21,calendar,3,0,2,3.1167313927876603,0.8908462072123413,5,0.3
calendar_21,calendar,3,1,2,2.850390095425353,1.1571875045746471,5,0.3
calendar_21,calendar,3,2,2,2.9224502812173374,1.0851273187826627,5,0.3
calendar_21,calendar,3,3,2,2.8910866329595324,1.1164909670404677,5,0.3
calendar_21,calendar,3,4,2,2.8533738621785023,1.1542037378214984,5,0.3
calendar_21,calendar,3,5,2,2.8650827452152,1.1424948547848008,5,0.3
calendar_21,calendar,3,6,2,2.8700745531813836,1.1375030468186171,5,0.3
calendar_21,calendar,3,7,2,2.870142176334279,1.1374354236657203,5,0.3
calendar_21,calendar,3,8,2,2.7367815442136174,1.2707960557863838,5,0.3
calendar_21,calendar,3,9,2,3.0879632807301483,0.9196143192698517,5,0.3
calendar_21,calendar,3,0,3,3.138423735793897,0.8691538642061025,5,0.3
calendar_21,calendar,3,1,3,2.860094187544717,1.1474834124552835,5,0.3
calendar_21,calendar,3,2,3,2.8825385877185274,1.125039012281473,5,0.3
calendar_21,calendar,3,3,3,2.92015624191165,1.087421358088349,5,0.3
calendar_21,calendar,3,4,3,2.923079988423331,1.0844976115766674,5,0.3
calendar_21,calendar,3,5,3,2.8946710981761163,1.1129065018238842,5,0.3
calendar_21,calendar,3,6,3,2.905769683992064,1.1018079160079362,5,0.3
calendar_21,calendar,3,7,3,2.874635459041043,1.1329421409589577,5,0.3
calendar_21,calendar,3,8,3,2.825822182583889,1.1817554174161111,5,0.3
calendar_21,calendar,3,9,3,3.043772006274967,0.9638055937250332,5,0.3
calendar_21,calendar,3,0,4,3.137278741443613,0.8702988585563888,5,0.3
calendar_21,calendar,3,1,4,2.8083142814771334,1.1992633185228667,5,0.3
calendar_21,calendar,3,2,4,2.848272710181521,1.1593048898184781,5,0.3
calendar_21,calendar,3,3,4,2.919164726436142,1.0884128735638587,5,0.3
calendar_21,calendar,3,4,4,2.9255114515962033,1.0820661484037957,5,0.3
calendar_21,calendar,3,5,4,2.936943693631857,1.0706339063681427,5,0.3
calendar_21,calendar,3,6,4,2.936255786000664,1.0713218139993361,5,0.3
calendar_21,calendar,3,7,4,2.882406274954931,1.1251713250450674,5,0.3
calendar_21,calendar,3,8,4,2.7937330693471547,1.2138445306528458,5,0.3
calendar_21,calendar,3,9,4,3.101207495630395,0.9063701043696072,5,0.3
calendar_21,calendar,3,0,5,3.1661121992292744,0.8414654007707258,5,0.3
calendar_21,calendar,3,1,5,2.7853285056016652,1.222249094398334,5,0.3
calendar_21,calendar,3,2,5,2.8610775895492044,1.1465000104507963,5,0.3
calendar_21,calendar,3,3,5,2.9416101767815377,1.0659674232184628,5,0.3
calendar_21,calendar,3,4,5,2.882457773752774,1.1251198262472268,5,0.3
calendar_21,calendar,3,5,5,2.9028943292141958,1.1046832707858056,5,0.3
calendar_21,calendar,3,6,5,2.953102066174318,1.054475533825682,5,0.3
calendar_21,calendar,3,7,5,2.8860075986077374,1.121570001392263,5,0.3
calendar_21,calendar,3,8,5,2.8272840965792487,1.180293503420751,5,0.3
calendar_21,calendar,3,9,5,3.1504324653014533,0.8571451346985464,5,0.3
calendar_21,calendar,3,0,6,3.095810929994241,0.9117666700057606,5,0.3
calendar_21,calendar,3,1,6,2.836261230648937,1.1713163693510635,5,0.3
calendar_21,calendar,3,2,6,2.94619174113313,1.0613858588668694,5,0.3
calendar_21,calendar,3,3,6,2.9030296881881568,1.1045479118118424,5,0.3
calendar_21,calendar,3,4,6,2.9541431237749918,1.053434476225009,5,0.3
calendar_21,calendar,3,5,6,2.9118983440163726,1.0956792559836281,5,0.3
calendar_21,calendar,3,6,6,2.8844094418534216,1.123168158146578,5,0.3
calendar_21,calendar,3,7,6,2.9081123568250233,1.0994652431749774,5,0.3
calendar_21,calendar,3,8,6,2.811129395198177,1.1964482048018235,5,0.3
calendar_21,calendar,3,9,6,3.0861382951349405,0.9214393048650595,5,0.3
calendar_21,calendar,3,0,7,3.029735063226466,0.9778425367735348,5,0.3
calendar_21,calendar,3,1,7,2.7972754127965205,1.2103021872034796,5,0.3
calendar_21,calendar,3,2,7,2.9462158490862818,1.0613617509137196,5,0.3
calendar_21,calendar,3,3,7,2.9642029753546484,1.0433746246453512,5,0.3
calendar_21,calendar,3,4,7,2.880511642989305,1.1270659570106947,5,0.3
calendar_21,calendar,3,5,7,2.8944732938982263,1.1131043061017738,5,0.3
calendar_21,calendar,3,6,7,2.913186292317975,1.0943913076820264,5,0.3
calendar_21,calendar,3,7,7,2.8814463780623005,1.1261312219376998,5,0.3
calendar_21,calendar,3,8,7,2.8003062543857853,1.2072713456142161,5,0.3
calendar_21,calendar,3,9,7,3.054061315972618,0.9535162840273814,5,0.3
calendar_21,calendar,3,0,8,3.0066584572875135,1.000919142712488,5,0.3
calendar_21,calendar,3,1,8,2.709138226921105,1.2984393730788941,5,0.3
calendar_21,calendar,3,2,8,2.8007638411346587,1.2068137588653405,5,0.3
calendar_21,calendar,3,3,8,2.8347239779945115,1.1728536220054893,5,0.3
calendar_21,calendar,3,4,8,2.8290019838168035,1.178575616183198,5,0.3
calendar_21,calendar,3,5,8,2.81105573739574,1.1965218626042586,5,0.3
calendar_21,calendar,3,6,8,2.889477148697005,1.118100451302995,5,0.3
calendar_21,calendar,3,7,8,2.792033672698387,1.2155439273016122,5,0.3
calendar_21,calendar,3,8,8,2.752672591931396,1.2549050080686035,5,0.3
calendar_21,calendar,3,9,8,3.0369132519495516,0.9706643480504478,5,0.3
calendar_21,calendar,3,0,9,3.2724858262030008,0.7350917737969997,5,0.3
calendar_21,calendar,3,1,9,2.975653896924492,1.0319237030755082,5,0.3
calendar_21,calendar,3,2,9,3.0263763713528085,0.9812012286471911,5,0.3
calendar_21,calendar,3,3,9,3.0506731628782617,0.9569044371217389,5,0.3
calendar_21,calendar,3,4,9,3.0638087939037986,0.9437688060962022,5,0.3
calendar_21,calendar,3,5,9,3.055786514048795,0.9517910859512059,5,0.3
calendar_21,calendar,3,6,9,3.097733298996447,0.9098443010035524,5,0.3
calendar_21,calendar,3,7,9,3.088993060098409,0.9185845399015922,5,0.3
calendar_21,calendar,3,8,9,2.9911498873554123,1.0164277126445884,5,0.3
calendar_21,calendar,3,9,9,3.233315948462219,0.7742616515377809,5,0.3
calendar_26,calendar,1,0,0,3.3673587101042166,0.6402188898957837,5,0.1
calendar_26,calendar,1,1,0,3.1917475734922767,0.8158300265077233,5,0.1
calendar_26,calendar,1,2,0,3.2761642676451697,0.7314133323548289,5,0.1
calendar_26,calendar,1,3,0,3.2520420928476064,0.7555355071523949,5,0.1
calendar_26,calendar,1,4,0,3.2965467535987543,0.7110308464012448,5,0.1
calendar_26,calendar,1,5,0,3.2551788348315736,0.7523987651684274,5,0.1
calendar_26,calendar,1,6,0,3.272484940439515,0.7350926595604844,5,0.1
calendar_26,calendar,1,7,0,3.24203547486756,0.7655421251324401,5,0.1
calendar_26,calendar,1,8,0,3.1823125088360102,0.8252650911639902,5,0.1
calendar_26,calendar,1,9,0,3.369753630696356,0.637823969303644,5,0.1
calendar_26,calendar,1,0,1,3.2499053839983043,0.757672216001696,5,0.1
calendar_26,calendar,1,1,1,2.984380059320301,1.0231975406796998,5,0.1
calendar_26,calendar,1,2,1,3.0951979010626904,0.9123796989373101,5,0.1
calendar_26,calendar,1,3,1,3.121207471132683,0.8863701288673173,5,0.1
calendar_26,calendar,1,4,1,3.1051140788925187,0.9024635211074816,5,0.1
calendar_26,calendar,1,5,1,3.1313057891301312,0.8762718108698693,5,0.1
calendar_26,calendar,1,6,1,3.08162133912342,0.9259562608765795,5,0.1
calendar_26,calendar,1,7,1,3.03322786318186,0.974349736818141,5,0.1
calendar_26,calendar,1,8,1,2.9568091785611688,1.0507684214388322,5,0.1
calendar_26,calendar,1,9,1,3.2306368519629762,0.7769407480370245,5,0.1
calendar_26,calendar,1,0,2,3.268616636424641,0.7389609635753592,5,0.1
calendar_26,calendar,1,1,2,3.062639894777072,0.9449377052229277,5,0.1
calendar_26,calendar,1,2,2,3.132798903026515,0.8747786969734841,5,0.1
calendar_26,calendar,1,3,2,3.1808075631618085,0.8267700368381915,5,0.1
calendar_26,calendar,1,4,2,3.1607119199603484,0.8468656800396513,5,0.1
calendar_26,calendar,1,5,2,3.132259924871504,0.8753176751284959,5,0.1
calendar_26,calendar,1,6,2,3.130675626460926,0.8769019735390748,5,0.1
calendar_26,calendar,1,7,2,3.1369183735045016,0.8706592264954985,5,0.1
calendar_26,calendar,1,8,2,3.0963810154175775,0.911196584582422,5,0.1
calendar_26,calendar,1,9,2,3.2622007882225437,0.7453768117774563,5,0.1
calendar_26,calendar,1,0,3,3.2649807443202667,0.7425968556797345,5,0.1
calendar_26,calendar,1,1,3,3.061044296958329,0.9465333030416718,5,0.1
calendar_26,calendar,1,2,3,3.1212814136656903,0.8862961863343106,5,0.1
calendar_26,calendar,1,3,3,3.1469232759870245,0.8606543240129751,5,0.1
calendar_26,calendar,1,4,3,3.1713656788281805,0.8362119211718188,5,0.1
calendar_26,calendar,1,5,3,3.1949990285288075,0.8125785714711904,5,0.1
calendar_26,calendar,1,6,3,3.129853892853563,0.8777237071464371,5,0.1
calendar_26,calendar,1,7,3,3.1454729021526298,0.8621046978473698,5,0.1
calendar_26,calendar,1,8,3,3.0589240140591656,0.9486535859408356,5,0.1
calendar_26,calendar,1,9,3,3.244320541474165,0.7632570585258344,5,0.1
calendar_26,calendar,1,0,4,3.249926906688864,0.7576506933111355,5,0.1
calendar_26,calendar,1,1,4,3.0714065273356876,0.9361710726643128,5,0.1
calendar_26,calendar,1,2,4,3.129775485134035,0.8778021148659663,5,0.1
calendar_26,calendar,1,3,4,3.1854026201919012,0.8221749798080991,5,0.1
calendar_26,calendar,1,4,4,3.1967795808747095,0.8107980191252917,5,0.1
calendar_26,calendar,1,5,4,3.169675335531571,0.8379022644684289,5,0.1
calendar_26,calendar,1,6,4,3.129075036316816,0.8785025636831842,5,0.1
calendar_26,calendar,1,7,4,3.1645796266154007,0.8429979733846004,5,0.1
calendar_26,calendar,1,8,4,3.105514268441087,0.9020633315589132,5,0.1
calendar_26,calendar,1,9,4,3.2849176669059585,0.72265993309404,5,0.1
calendar_26,calendar,1,0,5,3.275773360986575,0.7318042390134245,5,0.1
calendar_26,calendar,1,1,5,3.0693376409582847,0.9382399590417161,5,0.1
calendar_26,calendar,1,2,5,3.193958407357889,0.8136191926421107,5,0.1
calendar_26,calendar,1,3,5,3.1395020957364155,0.8680755042635834,5,0.1
calendar_26,calendar,1,4,5,3.196446867615852,0.8111307323841479,5,0.1
calendar_26,calendar,1,5,5,3.1409706217599442,0.8666069782400564,5,0.1
calendar_26,calendar,1,6,5,3.1247595702711912,0.8828180297288089,5,0.1
calendar_26,calendar,1,7,5,3.1060331531303236,0.9015444468696765,5,0.1
calendar_26,calendar,1,8,5,3.119064942705928,0.888512657294073,5,0.1
calendar_26,calendar,1,9,5,3.2766347354377428,0.7309428645622563,5,0.1
calendar_26,calendar,1,0,6,3.29054484234388,0.7170327576561201,5,0.1
calendar_26,calendar,1,1,6,3.0970703767512773,0.9105072232487226,5,0.1
calendar_26,calendar,1,2,6,3.187261343247188,0.820316256752811,5,0.1
calendar_26,calendar,1,3,6,3.1906561314359307,0.8169214685640701,5,0.1
calendar_26,calendar,1,4,6,3.18986579385062,0.8177118061493807,5,0.1
calendar_26,calendar,1,5,6,3.1584541604561465,0.8491234395438536,5,0.1
calendar_26,calendar,1,6,6,3.1347319250073147,0.8728456749926855,5,0.1
calendar_26,calendar,1,7,6,3.1333015370479367,0.8742760629520636,5,0.1
calendar_26,calendar,1,8,6,3.070436100190433,0.9371414998095671,5,0.1
calendar_26,calendar,1,9,6,3.265165523195531,0.7424120768044687,5,0.1
calendar_26,calendar,1,0,7,3.2840997003356462,0.7234778996643535,5,0.1
calendar_26,calendar,1,1,7,3.112743934708975,0.8948336652910248,5,0.1
calendar_26,calendar,1,2,7,3.171529949959721,0.8360476500402786,5,0.1
calendar_26,calendar,1,3,7,3.2047589991009597,0.8028186008990408,5,0.1
calendar_26,calendar,1,4,7,3.1675203036470787,0.8400572963529217,5,0.1
calendar_26,calendar,1,5,7,3.2018245913328247,0.8057530086671738,5,0.1
calendar_26,calendar,1,6,7,3.142560133161254,0.8650174668387469,5,0.1
calendar_26,calendar,1,7,7,3.121769566490922,0.885808033509077,5,0.1
calendar_26,calendar,1,8,7,3.060722276298031,0.9468553237019691,5,0.1
calendar_26,calendar,1,9,7,3.233841583326642,0.7737360166733582,5,0.1
calendar_26,calendar,1,0,8,3.1870193552213397,0.8205582447786617,5,0.1
calendar_26,calendar,1,1,8,3.0414440129922844,0.9661335870077155,5,0.1
calendar_26,calendar,1,2,8,3.090852206378007,0.916725393621993,5,0.1
calendar_26,calendar,1,3,8,3.0511070895855004,0.956470510414499,5,0.1
calendar_26,calendar,1,4,8,3.092142303324233,0.9154352966757681,5,0.1
calendar_26,calendar,1,5,8,3.033364984209239,0.97421261579076,5,0.1
calendar_26,calendar,1,6,8,3.0621449189211774,0.9454326810788236,5,0.1
calendar_26,calendar,1,7,8,3.0555955869941296,0.951982013005871,5,0.1
calendar_26,calendar,1,8,8,2.9598278739360135,1.047749726063987,5,0.1
calendar_26,calendar,1,9,8,3.205068470627009,0.8025091293729893,5,0.1
calendar_26,calendar,1,0,9,3.372368922487818,0.635208677512182,5,0.1
calendar_26,calendar,1,1,9,3.1795225075497395,0.8280550924502602,5,0.1
calendar_26,calendar,1,2,9,3.225975507548692,0.7816020924513073,5,0.1
calendar_26,calendar,1,3,9,3.30775382952302,0.6998237704769804,5,0.1
calendar_26,calendar,1,4,9,3.265520004490115,0.7420575955098861,5,0.1
calendar_26,calendar,1,5,9,3.290530973855989,0.7170466261440109,5,0.1
calendar_26,calendar,1,6,9,3.28708382257936,0.7204937774206398,5,0.1
calendar_26,calendar,1,7,9,3.255198982501326,0.7523786174986742,5,0.1
calendar_26,calendar,1,8,9,3.215260935238049,0.7923166647619518,5,0.1
calendar_26,calendar,1,9,9,3.3334121995799864,0.6741654004200138,5,0.1
calendar_25,calendar,1,0,0,3.3554601882877235,0.6521174117122774,5,0.1
calendar_25,calendar,1,1,0,3.1998463560654278,0.8077312439345723,5,0.1
calendar_25,calendar,1,2,0,3.3176429480127423,0.6899346519872565,5,0.1
calendar_25,calendar,1,3,0,3.273956504464706,0.7336210955352944,5,0.1
calendar_25,calendar,1,4,0,3.254611543240192,0.7529660567598091,5,0.1
calendar_25,calendar,1,5,0,3.2638610701305555,0.7437165298694441,5,0.1
calendar_25,calendar,1,6,0,3.2897547442457595,0.7178228557542409,5,0.1
calendar_25,calendar,1,7,0,3.2610387332371515,0.7465388667628482,5,0.1
calendar_25,calendar,1,8,0,3.1913785550644196,0.8161990449355804,5,0.1
calendar_25,calendar,1,9,0,3.3509865868262336,0.656591013173766,5,0.1
calendar_25,calendar,1,0,1,3.2088055426611817,0.7987720573388186,5,0.1
calendar_25,calendar,1,1,1,3.0063668730528645,1.0012107269471353,5,0.1
calendar_25,calendar,1,2,1,3.1082733137863277,0.8993042862136735,5,0.1
calendar_25,calendar,1,3,1,3.1529519123084415,0.8546256876915577,5,0.1
calendar_25,calendar,1,4,1,3.1123032067466614,0.8952743932533384,5,0.1
calendar_25,calendar,1,5,1,3.097460746713484,0.9101168532865154,5,0.1
calendar_25,calendar,1,6,1,3.1151627196563574,0.8924148803436442,5,0.1
calendar_25,calendar,1,7,1,3.0784630244143916,0.9291145755856074,5,0.1
calendar_25,calendar,1,8,1,3.0120133259060204,0.9955642740939794,5,0.1
calendar_25,calendar,1,9,1,3.2663430163560108,0.7412345836439882,5,0.1
calendar_25,calendar,1,0,2,3.24179655503105,0.7657810449689499,5,0.1
calendar_25,calendar,1,1,2,3.0578036923182936,0.9497739076817061,5,0.1
calendar_25,calendar,1,2,2,3.1386246395700583,0.8689529604299417,5,0.1
calendar_25,calendar,1,3,2,3.197248970010042,0.8103286299899587,5,0.1
calendar_25,calendar,1,4,2,3.2159151139814295,0.7916624860185703,5,0.1
calendar_25,calendar,1,5,2,3.158426629926461,0.8491509700735387,5,0.1
calendar_25,calendar,1,6,2,3.1831705339750203,0.8244070660249807,5,0.1
calendar_25,calendar,1,7,2,3.149385728584869,0.8581918714151311,5,0.1
calendar_25,calendar,1,8,2,3.0986663464902198,0.9089112535097807,5,0.1
calendar_25,calendar,1,9,2,3.271447629087358,0.7361299709126428,5,0.1
calendar_25,calendar,1,0,3,3.28193006268865,0.7256475373113506,5,0.1
calendar_25,calendar,1,1,3,3.130425847746402,0.8771517522535983,5,0.1
calendar_25,calendar,1,2,3,3.2154202948990944,0.7921573051009052,5,0.1
calendar_25,calendar,1,3,3,3.1541520256033637,0.8534255743966367,5,0.1
calendar_25,calendar,1,4,3,3.246674151592456,0.7609034484075431,5,0.1
calendar_25,calendar,1,5,3,3.209952820198714,0.7976247798012872,5,0.1
calendar_25,calendar,1,6,3,3.173077932282566,0.8344996677174343,5,0.1
calendar_25,calendar,1,7,3,3.1376573759266426,0.8699202240733575,5,0.1
calendar_25,calendar,1,8,3,3.1053373487468297,0.9022402512531711,5,0.1
calendar_25,calendar,1,9,3,3.306112960608152,0.701464639391849,5,0.1
calendar_25,calendar,1,0,4,3.2894967033960514,0.7180808966039496,5,0.1
calendar_25,calendar,1,1,4,3.133126491341321,0.8744511086586789,5,0.1
calendar_25,calendar,1,2,4,3.1523875775264965,0.8551900224735038,5,0.1
calendar_25,calendar,1,3,4,3.1366760362406145,0.8709015637593865,5,0.1
calendar_25,calendar,1,4,4,3.1355122212821134,0.8720653787178868,5,0.1
calendar_25,calendar,1,5,4,3.198771994397295,0.8088056056027043,5,0.1
calendar_25,calendar,1,6,4,3.1387839434043237,0.8687936565956775,5,0.1
calendar_25,calendar,1,7,4,3.1793128907258486,0.8282647092741522,5,0.1
calendar_25,calendar,1,8,4,3.0973635286661705,0.9102140713338288,5,0.1
calendar_25,calendar,1,9,4,3.284240228457873,0.723337371542127,5,0.1
calendar_25,calendar,1,0,5,3.3053957360897,0.7021818639103014,5,0.1
calendar_25,calendar,1,1,5,3.120341396479168,0.8872362035208317,5,0.1
calendar_25,calendar,1,2,5,3.162218756987129,0.845358843012871,5,0.1
calendar_25,calendar,1,3,5,3.138820065838081,0.8687575341619183,5,0.1
calendar_25,calendar,1,4,5,3.1525006573054255,0.8550769426945752,5,0.1
calendar_25,calendar,1,5,5,3.12114321925651,0.8864343807434908,5,0.1
calendar_25,calendar,1,6,5,3.200815734295764,0.8067618657042336,5,0.1
calendar_25,calendar,1,7,5,3.14371722346761,0.86386037653239,5,0.1
calendar_25,calendar,1,8,5,3.152090719657898,0.8554868803421019,5,0.1
calendar_25,calendar,1,9,5,3.294150512791982,0.7134270872080184,5,0.1
calendar_25,calendar,1,0,6,3.314288594222845,0.6932890057771539,5,0.1
calendar_25,calendar,1,1,6,3.1260506242578328,0.8815269757421677,5,0.1
calendar_25,calendar,1,2,6,3.1184251583507567,0.8891524416492435,5,0.1
calendar_25,calendar,1,3,6,3.164645937132487,0.8429316628675136,5,0.1
calendar_25,calendar,1,4,6,3.1435267542945535,0.8640508457054472,5,0.1
calendar_25,calendar,1,5,6,3.209671759519438,0.7979058404805618,5,0.1
calendar_25,calendar,1,6,6,3.1505091043643034,0.8570684956356973,5,0.1
calendar_25,calendar,1,7,6,3.149807782512032,0.8577698174879684,5,0.1
calendar_25,calendar,1,8,6,3.1177899001640803,0.8897876998359194,5,0.1
calendar_25,calendar,1,9,6,3.3363245522417855,0.6712530477582148,5,0.1
calendar_25,calendar,1,0,7,3.2565976651640955,0.7509799348359054,5,0.1
calendar_25,calendar,1,1,7,3.0387741954163663,0.9688034045836337,5,0.1
calendar_25,calendar,1,2,7,3.1069757229361614,0.9006018770638395,5,0.1
calendar_25,calendar,1,3,7,3.1696148028732596,0.8379627971267403,5,0.1
calendar_25,calendar,1,4,7,3.1872844695350127,0.820293130464988,5,0.1
calendar_25,calendar,1,5,7,3.154982656519481,0.8525949434805193,5,0.1
calendar_25,calendar,1,6,7,3.1383707706961212,0.869206829303879,5,0.1
calendar_25,calendar,1,7,7,3.1507036516944367,0.8568739483055632,5,0.1
calendar_25,calendar,1,8,7,3.1078015286043943,0.8997760713956049,5,0.1
calendar_25,calendar,1,9,7,3.2501089538717203,0.7574686461282789,5,0.1
calendar_25,calendar,1,0,8,3.1777783924255796,0.8297992075744209,5,0.1
calendar_25,calendar,1,1,8,2.9903406370308643,1.0172369629691356,5,0.1
calendar_25,calendar,1,2,8,3.0722375281985244,0.9353400718014757,5,0.1
calendar_25,calendar,1,3,8,3.143202130550997,0.8643754694490038,5,0.1
calendar_25,calendar,1,4,8,3.1332294834749006,0.8743481165250994,5,0.1
calendar_25,calendar,1,5,8,3.1224544423874785,0.8851231576125212,5,0.1
calendar_25,calendar,1,6,8,3.054711404739212,0.9528661952607884,5,0.1
calendar_25,calendar,1,7,8,3.036092231810299,0.9714853681897004,5,0.1
calendar_25,calendar,1,8,8,2.987429264070876,1.020148335929123,5,0.1
calendar_25,calendar,1,9,8,3.189869403715962,0.8177081962840383,5,0.1
calendar_25,calendar,1,0,9,3.3938132013300284,0.6137643986699713,5,0.1
calendar_25,calendar,1,1,9,3.193156464466178,0.8144211355338231,5,0.1
calendar_25,calendar,1,2,9,3.2445341183185055,0.7630434816814935,5,0.1
calendar_25,calendar,1,3,9,3.2974155960317684,0.7101620039682311,5,0.1
calendar_25,calendar,1,4,9,3.3136338530445077,0.6939437469554929,5,0.1
calendar_25,calendar,1,5,9,3.2784185549825726,0.7291590450174275,5,0.1
calendar_25,calendar,1,6,9,3.270236379078668,0.7373412209213314,5,0.1
calendar_25,calendar,1,7,9,3.2494823036174045,0.7580952963825951,5,0.1
calendar_25,calendar,1,8,9,3.1509717381112177,0.8566058618887828,5,0.1
calendar_25,calendar,1,9,9,3.3407768451787927,0.6668007548212067,5,0.1
calendar_24,calendar,1,0,0,3.3537380349944863,0.6538395650055133,5,0.1
calendar_24,calendar,1,1,0,3.218801183952943,0.7887764160470573,5,0.1
calendar_24,calendar,1,2,0,3.320817167467107,0.6867604325328925,5,0.1
calendar_24,calendar,1,3,0,3.299102874043098,0.708474725956902,5,0.1
calendar_24,calendar,1,4,0,3.303805119397469,0.703772480602531,5,0.1
calendar_24,calendar,1,5,0,3.2184682816650447,0.7891093183349566,5,0.1
calendar_24,calendar,1,6,0,3.2334790079858835,0.7740985920141169,5,0.1
calendar_24,calendar,1,7,0,3.2639192080603925,0.7436583919396067,5,0.1
calendar_24,calendar,1,8,0,3.2093312484300727,0.798246351569927,5,0.1
calendar_24,calendar,1,9,0,3.385647497742565,0.6219301022574365,5,0.1
calendar_24,calendar,1,0,1,3.2025021961784774,0.8050754038215218,5,0.1
calendar_24,calendar,1,1,1,2.977491402378654,1.0300861976213451,5,0.1
calendar_24,calendar,1,2,1,3.0912592179604865,0.9163183820395133,5,0.1
calendar_24,calendar,1,3,1,3.103861328220238,0.9037162717797615,5,0.1
calendar_24,calendar,1,4,1,3.1114303662690723,0.8961472337309292,5,0.1
calendar_24,calendar,1,5,1,3.1005468382697465,0.9070307617302537,5,0.1
calendar_24,calendar,1,6,1,3.064616524099371,0.9429610759006292,5,0.1
calendar_24,calendar,1,7,1,3.114195723987848,0.8933818760121505,5,0.1
calendar_24,calendar,1,8,1,2.974134715112112,1.0334428848878883,5,0.1
calendar_24,calendar,1,9,1,3.2078248234643896,0.7997527765356109,5,0.1
calendar_24,calendar,1,0,2,3.260008249052551,0.7475693509474494,5,0.1
calendar_24,calendar,1,1,2,3.0745637503098244,0.9330138496901773,5,0.1
calendar_24,calendar,1,2,2,3.1973960849644953,0.8101815150355042,5,0.1
calendar_24,calendar,1,3,2,3.129786220405476,0.8777913795945249,5,0.1
calendar_24,calendar,1,4,2,3.170547024655611,0.8370305753443898,5,0.1
calendar_24,calendar,1,5,2,3.154686801027818,0.8528907989721808,5,0.1
calendar_24,calendar,1,6,2,3.154374410608976,0.8532031893910234,5,0.1
calendar_24,calendar,1,7,2,3.1759665236713066,0.8316110763286956,5,0.1
calendar_24,calendar,1,8,2,3.090159558561904,0.9174180414380956,5,0.1
calendar_24,calendar,1,9,2,3.2304477540360677,0.777129845963932,5,0.1
calendar_24,calendar,1,0,3,3.2735057181152274,0.7340718818847725,5,0.1
calendar_24,calendar,1,1,3,3.0680127781802504,0.9395648218197505,5,0.1
calendar_24,calendar,1,2,3,3.115339315168767,0.8922382848312321,5,0.1
calendar_24,calendar,1,3,3,3.164761152662215,0.8428164473377846,5,0.1
calendar_24,calendar,1,4,3,3.158489660759278,0.849087939240724,5,0.1
calendar_24,calendar,1,5,3,3.123045537729544,0.8845320622704576,5,0.1
calendar_24,calendar,1,6,3,3.1611889481735926,0.846388651826407,5,0.1
calendar_24,calendar,1,7,3,3.1597193006713793,0.8478582993286216,5,0.1
calendar_24,calendar,1,8,3,3.0878642052024237,0.9197133947975755,5,0.1
calendar_24,calendar,1,9,3,3.232456847424438,0.7751207525755622,5,0.1
calendar_24,calendar,1,0,4,3.2458394027220794,0.7617381972779212,5,0.1
calendar_24,calendar,1,1,4,3.092097505100237,0.9154800948997622,5,0.1
calendar_24,calendar,1,2,4,3.1383929676507116,0.8691846323492897,5,0.1
calendar_24,calendar,1,3,4,3.119977006115903,0.8876005938840955,5,0.1
calendar_24,calendar,1,4,4,3.1371119035553967,0.870465696444604,5,0.1
calendar_24,calendar,1,5,4,3.189992470702725,0.8175851292972764,5,0.1
calendar_24,calendar,1,6,4,3.1862628689401395,0.8213147310598615,5,0.1
calendar_24,calendar,1,7,4,3.193913603610117,0.8136639963898848,5,0.1
calendar_24,calendar,1,8,4,3.050963590980095,0.9566140090199055,5,0.1
calendar_24,calendar,1,9,4,3.2800288775383564,0.7275487224616447,5,0.1
calendar_24,calendar,1,0,5,3.234099078437602,0.7734785215623989,5,0.1
calendar_24,calendar,1,1,5,3.113291365623887,0.8942862343761133,5,0.1
calendar_24,calendar,1,2,5,3.1391652055323527,0.8684123944676472,5,0.1
calendar_24,calendar,1,3,5,3.1526959740910923,0.8548816259089074,5,0.1
calendar_24,calendar,1,4,5,3.1646611789754715,0.8429164210245285,5,0.1
calendar_24,calendar,1,5,5,3.1485647491894255,0.8590128508105758,5,0.1
calendar_24,calendar,1,6,5,3.180951622443643,0.8266259775563581,5,0.1
calendar_24,calendar,1,7,5,3.1570464264413904,0.8505311735586101,5,0.1
calendar_24,calendar,1,8,5,3.091188183734102,0.9163894162658985,5,0.1
calendar_24,calendar,1,9,5,3.2655110447243936,0.7420665552756067,5,0.1
calendar_24,calendar,1,0,6,3.2272298367028593,0.7803477632971424,5,0.1
calendar_24,calendar,1,1,6,3.0211001128886177,0.9864774871113825,5,0.1
calendar_24,calendar,1,2,6,3.147146827390586,0.8604307726094144,5,0.1
calendar_24,calendar,1,3,6,3.1375548857463533,0.870022714253647,5,0.1
calendar_24,calendar,1,4,6,3.162388942978187,0.845188657021813,5,0.1
calendar_24,calendar,1,5,6,3.205236663396176,0.8023409366038236,5,0.1
calendar_24,calendar,1,6,6,3.228579263386442,0.7789983366135586,5,0.1
calendar_24,calendar,1,7,6,3.201768485778757,0.805809114221243,5,0.1
calendar_24,calendar,1,8,6,3.116110257557025,0.8914673424429745,5,0.1
calendar_24,calendar,1,9,6,3.273797465238493,0.7337801347615073,5,0.1
calendar_24,calendar,1,0,7,3.2313807224198587,0.7761968775801427,5,0.1
calendar_24,calendar,1,1,7,3.066642189125208,0.9409354108747918,5,0.1
calendar_24,calendar,1,2,7,3.127723323762747,0.8798542762372532,5,0.1
calendar_24,calendar,1,3,7,3.138862191835468,0.8687154081645331,5,0.1
calendar_24,calendar,1,4,7,3.167712468787041,0.8398651312129592,5,0.1
calendar_24,calendar,1,5,7,3.158357419407129,0.8492201805928715,5,0.1
calendar_24,calendar,1,6,7,3.179673576263885,0.8279040237361163,5,0.1
calendar_24,calendar,1,7,7,3.150460228837801,0.8571173711621992,5,0.1
calendar_24,calendar,1,8,7,3.0853883878989463,0.9221892121010532,5,0.1
calendar_24,calendar,1,9,7,3.2732049070860474,0.7343726929139528,5,0.1
calendar_24,calendar,1,0,8,3.217597578963826,0.7899800210361724,5,0.1
calendar_24,calendar,1,1,8,2.9936597612255444,1.0139178387744543,5,0.1
calendar_24,calendar,1,2,8,3.109631561426155,0.8979460385738445,5,0.1
calendar_24,calendar,1,3,8,3.082543003906845,0.9250345960931552,5,0.1
calendar_24,calendar,1,4,8,3.120262565268052,0.8873150347319486,5,0.1
calendar_24,calendar,1,5,8,3.135955085164365,0.8716225148356362,5,0.1
calendar_24,calendar,1,6,8,3.1332957246591753,0.8742818753408248,5,0.1
calendar_24,calendar,1,7,8,3.14234913215522,0.8652284678447797,5,0.1
calendar_24,calendar,1,8,8,2.9688406443945934,1.0387369556054071,5,0.1
calendar_24,calendar,1,9,8,3.2038530692502505,0.80372453074975,5,0.1
calendar_24,calendar,1,0,9,3.3874525206717947,0.6201250793282062,5,0.1
calendar_24,calendar,1,1,9,3.262900513900358,0.7446770860996419,5,0.1
calendar_24,calendar,1,2,9,3.2910246481171574,0.7165529518828443,5,0.1
calendar_24,calendar,1,3,9,3.301437321518746,0.7061402784812556,5,0.1
calendar_24,calendar,1,4,9,3.354496967569247,0.6530806324307539,5,0.1
calendar_24,calendar,1,5,9,3.2755346668577134,0.732042933142288,5,0.1
calendar_24,calendar,1,6,9,3.266508892199163,0.7410687078008372,5,0.1
calendar_24,calendar,1,7,9,3.2308703421497813,0.7767072578502183,5,0.1
calendar_24,calendar,1,8,9,3.2191063674104856,0.7884712325895136,5,0.1
calendar_24,calendar,1,9,9,3.366250244617424,0.6413273553825777,5,0.1
calendar_23,calendar,1,0,0,3.326992000065879,0.68058559993412,5,0.1
calendar_23,calendar,1,1,0,3.1958668139056954,0.8117107860943051,5,0.1
calendar_23,calendar,1,2,0,3.273314280273486,0.7342633197265139,5,0.1
calendar_23,calendar,1,3,0,3.2623615478578625,0.745216052142138,5,0.1
calendar_23,calendar,1,4,0,3.254480302060797,0.7530972979392045,5,0.1
calendar_23,calendar,1,5,0,3.213989942181225,0.7935876578187758,5,0.1
calendar_23,calendar,1,6,0,3.2108038558653185,0.7967737441346806,5,0.1
calendar_23,calendar,1,7,0,3.2765258507126043,0.7310517492873955,5,0.1
calendar_23,calendar,1,8,0,3.2327865139192102,0.7747910860807897,5,0.1
calendar_23,calendar,1,9,0,3.3813512136693182,0.6262263863306811,5,0.1
calendar_23,calendar,1,0,1,3.167273283361607,0.8403043166383932,5,0.1
calendar_23,calendar,1,1,1,2.9944746075658344,1.013102992434165,5,0.1
calendar_23,calendar,1,2,1,3.0758547923561683,0.9317228076438311,5,0.1
calendar_23,calendar,1,3,1,3.1420486032856547,0.8655289967143442,5,0.1
calendar_23,calendar,1,4,1,3.0680249206856605,0.9395526793143395,5,0.1
calendar_23,calendar,1,5,1,3.0731571082173215,0.9344204917826785,5,0.1
calendar_23,calendar,1,6,1,3.0280612236523035,0.9795163763476974,5,0.1
calendar_23,calendar,1,7,1,3.0997009627336682,0.907876637266331,5,0.1
calendar_23,calendar,1,8,1,3.0104374476408724,0.9971401523591276,5,0.1
calendar_23,calendar,1,9,1,3.22298210877398,0.78459549122602,5,0.1
calendar_23,calendar,1,0,2,3.2783006565711648,0.7292769434288358,5,0.1
calendar_23,calendar,1,1,2,3.1202091669136722,0.8873684330863276,5,0.1
calendar_23,calendar,1,2,2,3.1366266207539186,0.8709509792460812,5,0.1
calendar_23,calendar,1,3,2,3.1618419787064465,0.8457356212935553,5,0.1
calendar_23,calendar,1,4,2,3.172248423295305,0.8353291767046949,5,0.1
calendar_23,calendar,1,5,2,3.172314403756053,0.8352631962439468,5,0.1
calendar_23,calendar,1,6,2,3.1755725092183416,0.8320050907816583,5,0.1
calendar_23,calendar,1,7,2,3.168947804329923,0.838629795670077,5,0.1
calendar_23,calendar,1,8,2,3.0807755984988803,0.926802001501119,5,0.1
calendar_23,calendar,1,9,2,3.23047265507846,0.7771049449215398,5,0.1
calendar_23,calendar,1,0,3,3.3027995548900124,0.704778045109989,5,0.1
calendar_23,calendar,1,1,3,3.1083714366470185,0.8992061633529818,5,0.1
calendar_23,calendar,1,2,3,3.153069319740335,0.8545082802596652,5,0.1
calendar_23,calendar,1,3,3,3.167896106847879,0.8396814931521217,5,0.1
calendar_23,calendar,1,4,3,3.2134306441487763,0.7941469558512246,5,0.1
calendar_23,calendar,1,5,3,3.2191956081419892,0.7883819918580123,5,0.1
calendar_23,calendar,1,6,3,3.20691300049635,0.8006645995036498,5,0.1
calendar_23,calendar,1,7,3,3.175281938781365,0.8322956612186346,5,0.1
calendar_23,calendar,1,8,3,3.0509429705282156,0.956634629471785,5,0.1
calendar_23,calendar,1,9,3,3.2541133685416277,0.7534642314583723,5,0.1
calendar_23,calendar,1,0,4,3.295933766409458,0.7116438335905423,5,0.1
calendar_23,calendar,1,1,4,3.110612548460374,0.8969650515396255,5,0.1
calendar_23,calendar,1,2,4,3.147337049547724,0.8602405504522768,5,0.1
calendar_23,calendar,1,3,4,3.1942946677800332,0.8132829322199665,5,0.1
calendar_23,calendar,1,4,4,3.1994239947946417,0.8081536052053584,5,0.1
calendar_23,calendar,1,5,4,3.240560873245718,0.7670167267542827,5,0.1
calendar_23,calendar,1,6,4,3.188875859278868,0.818701740721133,5,0.1
calendar_23,calendar,1,7,4,3.1832336612145613,0.8243439387854389,5,0.1
calendar_23,calendar,1,8,4,3.1082902269479833,0.8992873730520173,5,0.1
calendar_23,calendar,1,9,4,3.26138758507431,0.7461900149256906,5,0.1
calendar_23,calendar,1,0,5,3.3015074476059767,0.7060701523940242,5,0.1
calendar_23,calendar,1,1,5,3.073582429908273,0.9339951700917257,5,0.1
calendar_23,calendar,1,2,5,3.182006076630013,0.825571523369987,5,0.1
calendar_23,calendar,1,3,5,3.1567873429558535,0.850790257044146,5,0.1
calendar_23,calendar,1,4,5,3.1663957099324183,0.841181890067582,5,0.1
calendar_23,calendar,1,5,5,3.1901288659003297,0.8174487340996711,5,0.1
calendar_23,calendar,1,6,5,3.222682980711978,0.7848946192880233,5,0.1
calendar_23,calendar,1,7,5,3.1556333579796143,0.8519442420203857,5,0.1
calendar_23,calendar,1,8,5,3.076988345757753,0.9305892542422477,5,0.1
calendar_23,calendar,1,9,5,3.28720099691702,0.7203766030829807,5,0.1
calendar_23,calendar,1,0,6,3.262535624176433,0.7450419758235661,5,0.1
calendar_23,calendar,1,1,6,3.0717771172776804,0.9358004827223187,5,0.1
calendar_23,calendar,1,2,6,3.1395904042505296,0.8679871957494705,5,0.1
calendar_23,calendar,1,3,6,3.204831744605309,0.8027458553946905,5,0.1
calendar_23,calendar,1,4,6,3.207899658041991,0.7996779419580081,5,0.1
calendar_23,calendar,1,5,6,3.1463265298511893,0.8612510701488096,5,0.1
calendar_23,calendar,1,6,6,3.1584338015664923,0.8491437984335071,5,0.1
calendar_23,calendar,1,7,6,3.2123397182228115,0.7952378817771885,5,0.1
calendar_23,calendar,1,8,6,3.047767597812302,0.9598100021876976,5,0.1
calendar_23,calendar,1,9,6,3.243159412997512,0.7644181870024883,5,0.1
calendar_23,calendar,1,0,7,3.2146974251062996,0.7928801748936989,5,0.1
calendar_23,calendar,1,1,7,3.0881455396019177,0.9194320603980826,5,0.1
calendar_23,calendar,1,2,7,3.1681690319766442,0.8394085680233565,5,0.1
calendar_23,calendar,1,3,7,3.2095139552910372,0.7980636447089619,5,0.1
calendar_23,calendar,1,4,7,3.183674648707241,0.8239029512927603,5,0.1
calendar_23,calendar,1,5,7,3.1881402108480836,0.8194373891519163,5,0.1
calendar_23,calendar,1,6,7,3.159988323548563,0.8475892764514359,5,0.1
calendar_23,calendar,1,7,7,3.1158749981251397,0.8917026018748595,5,0.1
calendar_23,calendar,1,8,7,3.0892255092311087,0.9183520907688906,5,0.1
calendar_23,calendar,1,9,7,3.2224328443610104,0.785144755638989,5,0.1
calendar_23,calendar,1,0,8,3.20764181603755,0.7999357839624515,5,0.1
calendar_23,calendar,1,1,8,2.99826360378395,1.0093139962160498,5,0.1
calendar_23,calendar,1,2,8,3.0651112493906942,0.9424663506093065,5,0.1
calendar_23,calendar,1,3,8,3.121089846674508,0.8864877533254931,5,0.1
calendar_23,calendar,1,4,8,3.099263182693276,0.9083144173067236,5,0.1
calendar_23,calendar,1,5,8,3.120342423663751,0.8872351763362492,5,0.1
calendar_23,calendar,1,6,8,3.151613793201654,0.8559638067983472,5,0.1
calendar_23,calendar,1,7,8,3.051680221155884,0.9558973788441167,5,0.1
calendar_23,calendar,1,8,8,2.960382759782681,1.0471948402173208,5,0.1
calendar_23,calendar,1,9,8,3.203093214889675,0.8044843851103253,5,0.1
calendar_23,calendar,1,0,9,3.378255195089182,0.6293224049108158,5,0.1
calendar_23,calendar,1,1,9,3.176877730996575,0.8306998690034256,5,0.1
calendar_23,calendar,1,2,9,3.2690180382249294,0.7385595617750701,5,0.1
calendar_23,calendar,1,3,9,3.284700175626951,0.7228774243730499,5,0.1
calendar_23,calendar,1,4,9,3.297001855276158,0.7105757447238411,5,0.1
calendar_23,calendar,1,5,9,3.379455995174357,0.6281216048256439,5,0.1
calendar_23,calendar,1,6,9,3.3164689896157364,0.691108610384263,5,0.1
calendar_23,calendar,1,7,9,3.2892618059531396,0.7183157940468623,5,0.1
calendar_23,calendar,1,8,9,3.2110651824810557,0.7965124175189446,5,0.1
calendar_23,calendar,1,9,9,3.408468609257787,0.5991089907422131,5,0.1
calendar_26,calendar,2,0,0,3.2660389068576765,0.741538693142323,5,0.19999999999999998
calendar_26,calendar,2,1,0,3.0899832166213805,0.9175943833786181,5,0.19999999999999998
calendar_26,calendar,2,2,0,3.1787412641416477,0.8288363358583527,5,0.19999999999999998
calendar_26,calendar,2,3,0,3.191090237125103,0.8164873628748974,5,0.19999999999999998
calendar_26,calendar,2,4,0,3.164206841345059,0.8433707586549408,5,0.19999999999999998
calendar_26,calendar,2,5,0,3.2056216013173433,0.8019559986826563,5,0.19999999999999998
calendar_26,calendar,2,6,0,3.158104754963598,0.8494728450364015,5,0.19999999999999998
calendar_26,calendar,2,7,0,3.1637453003528697,0.8438322996471311,5,0.19999999999999998
calendar_26,calendar,2,8,0,3.0942353538954337,0.913342246104566,5,0.19999999999999998
calendar_26,calendar,2,9,0,3.31642616605991,0.6911514339400898,5,0.19999999999999998
calendar_26,calendar,2,0,1,3.0979180687483767,0.9096595312516229,5,0.19999999999999998
calendar_26,calendar,2,1,1,2.85487886316368,1.1526987368363206,5,0.19999999999999998
calendar_26,calendar,2,2,1,2.9337618656880124,1.0738157343119863,5,0.19999999999999998
calendar_26,calendar,2,3,1,2.9489844547402537,1.0585931452597463,5,0.19999999999999998
calendar_26,calendar,2,4,1,2.993486199420893,1.0140914005791073,5,0.19999999999999998
calendar_26,calendar,2,5,1,2.914793898527049,1.092783701472953,5,0.19999999999999998
calendar_26,calendar,2,6,1,2.938459950566507,1.0691176494334937,5,0.19999999999999998
calendar_26,calendar,2,7,1,2.8804450594201194,1.1271325405798807,5,0.19999999999999998
calendar_26,calendar,2,8,1,2.8273675012322266,1.1802100987677735,5,0.19999999999999998
calendar_26,calendar,2,9,1,3.102813567812453,0.9047640321875481,5,0.19999999999999998
calendar_26,calendar,2,0,2,3.118016844970948,0.8895607550290531,5,0.19999999999999998
calendar_26,calendar,2,1,2,2.9513580666992816,1.0562195333007185,5,0.19999999999999998
calendar_26,calendar,2,2,2,2.9967370472610733,1.0108405527389264,5,0.19999999999999998
calendar_26,calendar,2,3,2,3.0754178008784567,0.9321597991215446,5,0.19999999999999998
calendar_26,calendar,2,4,2,3.076534935374547,0.931042664625453,5,0.19999999999999998
calendar_26,calendar,2,5,2,3.049055362999437,0.9585222370005626,5,0.19999999999999998
calendar_26,calendar,2,6,2,3.0386862226485016,0.968891377351499,5,0.19999999999999998
calendar_26,calendar,2,7,2,2.9988063287686404,1.0087712712313597,5,0.19999999999999998
calendar_26,calendar,2,8,2,2.9202716319648387,1.0873059680351624,5,0.19999999999999998
calendar_26,calendar,2,9,2,3.14577490723181,0.8618026927681902,5,0.19999999999999998
calendar_26,calendar,2,0,3,3.182683243137851,0.8248943568621472,5,0.19999999999999998
calendar_26,calendar,2,1,3,2.915609983223928,1.0919676167760715,5,0.19999999999999998
calendar_26,calendar,2,2,3,3.0218389383843762,0.9857386616156248,5,0.19999999999999998
calendar_26,calendar,2,3,3,3.0611195159937608,0.9464580840062393,5,0.19999999999999998
calendar_26,calendar,2,4,3,3.0673766491162047,0.940200950883795,5,0.19999999999999998
calendar_26,calendar,2,5,3,3.0273345427370653,0.9802430572629343,5,0.19999999999999998
calendar_26,calendar,2,6,3,3.0545306227431785,0.9530469772568215,5,0.19999999999999998
calendar_26,calendar,2,7,3,3.0021428619236072,1.005434738076392,5,0.19999999999999998
calendar_26,calendar,2,8,3,2.9735429035173917,1.034034696482609,5,0.19999999999999998
calendar_26,calendar,2,9,3,3.220546393512606,0.7870312064873922,5,0.19999999999999998
calendar_26,calendar,2,0,4,3.1510835469845837,0.8564940530154154,5,0.19999999999999998
calendar_26,calendar,2,1,4,2.9124466684625725,1.095130931537428,5,0.19999999999999998
calendar_26,calendar,2,2,4,3.004255485969818,1.003322114030183,5,0.19999999999999998
calendar_26,calendar,2,3,4,3.0144046826767994,0.9931729173232005,5,0.19999999999999998
calendar_26,calendar,2,4,4,3.0448444482692185,0.9627331517307808,5,0.19999999999999998
calendar_26,calendar,2,5,4,3.026431382915741,0.9811462170842599,5,0.19999999999999998
calendar_26,calendar,2,6,4,3.021594848070837,0.9859827519291625,5,0.19999999999999998
calendar_26,calendar,2,7,4,3.038084038634841,0.9694935613651605,5,0.19999999999999998
calendar_26,calendar,2,8,4,2.9848480214440003,1.0227295785559993,5,0.19999999999999998
calendar_26,calendar,2,9,4,3.241106576138566,0.7664710238614348,5,0.19999999999999998
calendar_26,calendar,2,0,5,3.159993078147984,0.8475845218520165,5,0.19999999999999998
calendar_26,calendar,2,1,5,2.9383189257171614,1.0692586742828378,5,0.19999999999999998
calendar_26,calendar,2,2,5,3.044829917867318,0.9627476821326822,5,0.19999999999999998
calendar_26,calendar,2,3,5,3.0308131653760713,0.9767644346239294,5,0.19999999999999998
calendar_26,calendar,2,4,5,3.0552189274703756,0.9523586725296241,5,0.19999999999999998
calendar_26,calendar,2,5,5,3.058941940822949,0.9486356591770502,5,0.19999999999999998
calendar_26,calendar,2,6,5,3.055736029128551,0.9518415708714488,5,0.19999999999999998
calendar_26,calendar,2,7,5,3.0289164490712785,0.9786611509287216,5,0.19999999999999998
calendar_26,calendar,2,8,5,2.993158768799983,1.0144188312000177,5,0.19999999999999998
calendar_26,calendar,2,9,5,3.167445784004226,0.8401318159957752,5,0.19999999999999998
calendar_26,calendar,2,0,6,3.1709565917767315,0.8366210082232678,5,0.19999999999999998
calendar_26,calendar,2,1,6,2.9390111650451587,1.0685664349548416,5,0.19999999999999998
calendar_26,calendar,2,2,6,3.0128606358752665,0.9947169641247326,5,0.19999999999999998
calendar_26,calendar,2,3,6,3.045586728850265,0.9619908711497348,5,0.19999999999999998
calendar_26,calendar,2,4,6,3.0460912007035565,0.961486399296442,5,0.19999999999999998
calendar_26,calendar,2,5,6,3.081324589563666,0.9262530104363341,5,0.19999999999999998
calendar_26,calendar,2,6,6,3.068313837462781,0.9392637625372184,5,0.19999999999999998
calendar_26,calendar,2,7,6,3.0231311125046734,0.9844464874953258,5,0.19999999999999998
calendar_26,calendar,2,8,6,2.9185974370632177,1.0889801629367812,5,0.19999999999999998
calendar_26,calendar,2,9,6,3.137936741253405,0.8696408587465955,5,0.19999999999999998
calendar_26,calendar,2,0,7,3.202031596774263,0.8055460032257379,5,0.19999999999999998
calendar_26,calendar,2,1,7,2.982351753843909,1.0252258461560901,5,0.19999999999999998
calendar_26,calendar,2,2,7,3.0379649504880666,0.9696126495119322,5,0.19999999999999998
calendar_26,calendar,2,3,7,3.0573186845863836,0.9502589154136167,5,0.19999999999999998
calendar_26,calendar,2,4,7,3.0849332114789063,0.9226443885210942,5,0.19999999999999998
calendar_26,calendar,2,5,7,3.048935614820317,0.9586419851796825,5,0.19999999999999998
calendar_26,calendar,2,6,7,3.025684932527026,0.9818926674729744,5,0.19999999999999998
calendar_26,calendar,2,7,7,2.9788205390005538,1.0287570609994465,5,0.19999999999999998
calendar_26,calendar,2,8,7,2.922062038943626,1.0855155610563718,5,0.19999999999999998
calendar_26,calendar,2,9,7,3.166088317509606,0.8414892824903961,5,0.19999999999999998
calendar_26,calendar,2,0,8,3.0901145885547585,0.9174630114452428,5,0.19999999999999998
calendar_26,calendar,2,1,8,2.8698791562577672,1.1376984437422306,5,0.19999999999999998
calendar_26,calendar,2,2,8,2.9392874302500296,1.0682901697499712,5,0.19999999999999998
calendar_26,calendar,2,3,8,2.9801961526325567,1.0273814473674443,5,0.19999999999999998
calendar_26,calendar,2,4,8,2.99552498315953,1.0120526168404715,5,0.19999999999999998
calendar_26,calendar,2,5,8,2.975690308376837,1.0318872916231643,5,0.19999999999999998
calendar_26,calendar,2,6,8,2.9727701986347577,1.0348074013652424,5,0.19999999999999998
calendar_26,calendar,2,7,8,2.9585997104776673,1.048977889522332,5,0.19999999999999998
calendar_26,calendar,2,8,8,2.8046047450894354,1.202972854910565,5,0.19999999999999998
calendar_26,calendar,2,9,8,3.06249742170258,0.9450801782974204,5,0.19999999999999998
calendar_26,calendar,2,0,9,3.3182991390498215,0.6892784609501788,5,0.19999999999999998
calendar_26,calendar,2,1,9,3.088523141929517,0.9190544580704832,5,0.19999999999999998
calendar_26,calendar,2,2,9,3.1902894653447897,0.8172881346552109,5,0.19999999999999998
calendar_26,calendar,2,3,9,3.173334636975144,0.8342429630248566,5,0.19999999999999998
calendar_26,calendar,2,4,9,3.172394111026097,0.8351834889739044,5,0.19999999999999998
calendar_26,calendar,2,5,9,3.1926504510436793,0.8149271489563205,5,0.19999999999999998
calendar_26,calendar,2,6,9,3.1912758929586715,0.8163017070413296,5,0.19999999999999998
calendar_26,calendar,2,7,9,3.128639961864286,0.8789376381357151,5,0.19999999999999998
calendar_26,calendar,2,8,9,3.08313282217386,0.9244447778261393,5,0.19999999999999998
calendar_26,calendar,2,9,9,3.304824259209064,0.702753340790937,5,0.19999999999999998
calendar_25,calendar,2,0,0,3.314075435872091,0.6935021641279085,5,0.19999999999999998
calendar_25,calendar,2,1,0,3.115294730711127,0.8922828692888736,5,0.19999999999999998
calendar_25,calendar,2,2,0,3.1715592890977193,0.8360183109022811,5,0.19999999999999998
calendar_25,calendar,2,3,0,3.177016733092895,0.8305608669071042,5,0.19999999999999998
calendar_25,calendar,2,4,0,3.2049658289476253,0.8026117710523747,5,0.19999999999999998
calendar_25,calendar,2,5,0,3.2362487670518245,0.7713288329481752,5,0.19999999999999998
calendar_25,calendar,2,6,0,3.2317568993538046,0.775820700646197,5,0.19999999999999998
calendar_25,calendar,2,7,0,3.1997769810840975,0.8078006189159028,5,0.19999999999999998
calendar_25,calendar,2,8,0,3.1224362975542648,0.8851413024457351,5,0.19999999999999998
calendar_25,calendar,2,9,0,3.3111892716456897,0.6963883283543095,5,0.19999999999999998
calendar_25,calendar,2,0,1,3.1262582323129515,0.8813193676870468,5,0.19999999999999998
calendar_25,calendar,2,1,1,2.834037416664296,1.1735401833357058,5,0.19999999999999998
calendar_25,calendar,2,2,1,2.983060512303447,1.0245170876965528,5,0.19999999999999998
calendar_25,calendar,2,3,1,2.971906228748986,1.035671371251014,5,0.19999999999999998
calendar_25,calendar,2,4,1,2.9812896274568947,1.026287972543105,5,0.19999999999999998
calendar_25,calendar,2,5,1,2.9743314976328725,1.0332461023671276,5,0.19999999999999998
calendar_25,calendar,2,6,1,2.990813648863736,1.0167639511362654,5,0.19999999999999998
calendar_25,calendar,2,7,1,2.941124548907287,1.0664530510927126,5,0.19999999999999998
calendar_25,calendar,2,8,1,2.89535356869779,1.11222403130221,5,0.19999999999999998
calendar_25,calendar,2,9,1,3.0763804411942903,0.9311971588057086,5,0.19999999999999998
calendar_25,calendar,2,0,2,3.1582798748605327,0.8492977251394689,5,0.19999999999999998
calendar_25,calendar,2,1,2,2.9406989638415646,1.0668786361584373,5,0.19999999999999998
calendar_25,calendar,2,2,2,2.9985261461235746,1.0090514538764255,5,0.19999999999999998
calendar_25,calendar,2,3,2,3.0288909373464494,0.9786866626535511,5,0.19999999999999998
calendar_25,calendar,2,4,2,3.0148870875113283,0.9926905124886717,5,0.19999999999999998
calendar_25,calendar,2,5,2,3.0381389488784345,0.9694386511215645,5,0.19999999999999998
calendar_25,calendar,2,6,2,3.0017625223892455,1.005815077610755,5,0.19999999999999998
calendar_25,calendar,2,7,2,3.0169835011623904,0.9905940988376104,5,0.19999999999999998
calendar_25,calendar,2,8,2,2.912995389328576,1.0945822106714247,5,0.19999999999999998
calendar_25,calendar,2,9,2,3.156296415624494,0.8512811843755052,5,0.19999999999999998
calendar_25,calendar,2,0,3,3.174149277176921,0.8334283228230799,5,0.19999999999999998
calendar_25,calendar,2,1,3,2.907841096895008,1.099736503104992,5,0.19999999999999998
calendar_25,calendar,2,2,3,3.044136705456359,0.9634408945436402,5,0.19999999999999998
calendar_25,calendar,2,3,3,3.037868857457577,0.9697087425424235,5,0.19999999999999998
calendar_25,calendar,2,4,3,3.0754872363300523,0.9320903636699472,5,0.19999999999999998
calendar_25,calendar,2,5,3,3.077349829890032,0.9302277701099686,5,0.19999999999999998
calendar_25,calendar,2,6,3,3.0246430290213415,0.9829345709786583,5,0.19999999999999998
calendar_25,calendar,2,7,3,3.021377483915442,0.986200116084559,5,0.19999999999999998
calendar_25,calendar,2,8,3,2.941888230566685,1.0656893694333154,5,0.19999999999999998
calendar_25,calendar,2,9,3,3.1498858867539967,0.8576917132460028,5,0.19999999999999998
calendar_25,calendar,2,0,4,3.1548872734180002,0.8526903265820015,5,0.19999999999999998
calendar_25,calendar,2,1,4,2.9505178312351026,1.0570597687648975,5,0.19999999999999998
calendar_25,calendar,2,2,4,3.0567614977463964,0.9508161022536042,5,0.19999999999999998
calendar_25,calendar,2,3,4,3.0414691704683867,0.9661084295316132,5,0.19999999999999998
calendar_25,calendar,2,4,4,3.048170602632432,0.9594069973675682,5,0.19999999999999998
calendar_25,calendar,2,5,4,3.048904053582474,0.9586735464175259,5,0.19999999999999998
calendar_25,calendar,2,6,4,3.046246740904369,0.9613308590956322,5,0.19999999999999998
calendar_25,calendar,2,7,4,3.0496651191587665,0.9579124808412333,5,0.19999999999999998
calendar_25,calendar,2,8,4,2.9501845784326806,1.0573930215673206,5,0.19999999999999998
calendar_25,calendar,2,9,4,3.1052457709293186,0.9023318290706811,5,0.19999999999999998
calendar_25,calendar,2,0,5,3.191301721478551,0.8162758785214489,5,0.19999999999999998
calendar_25,calendar,2,1,5,2.9017991123178244,1.1057784876821743,5,0.19999999999999998
calendar_25,calendar,2,2,5,2.9647955587226504,1.0427820412773492,5,0.19999999999999998
calendar_25,calendar,2,3,5,3.006269043270585,1.0013085567294144,5,0.19999999999999998
calendar_25,calendar,2,4,5,2.994416778447269,1.0131608215527306,5,0.19999999999999998
calendar_25,calendar,2,5,5,3.0690973146658145,0.9384802853341868,5,0.19999999999999998
calendar_25,calendar,2,6,5,3.031067897444212,0.9765097025557888,5,0.19999999999999998
calendar_25,calendar,2,7,5,3.0641221510067096,0.9434554489932903,5,0.19999999999999998
calendar_25,calendar,2,8,5,2.9792392706816253,1.0283383293183752,5,0.19999999999999998
calendar_25,calendar,2,9,5,3.138540656202257,0.8690369437977435,5,0.19999999999999998
calendar_25,calendar,2,0,6,3.183561251882888,0.8240163481171134,5,0.19999999999999998
calendar_25,calendar,2,1,6,2.9060161962468243,1.1015614037531751,5,0.19999999999999998
calendar_25,calendar,2,2,6,2.9783961146902223,1.029181485309779,5,0.19999999999999998
calendar_25,calendar,2,3,6,3.0004965782172266,1.0070810217827737,5,0.19999999999999998
calendar_25,calendar,2,4,6,3.019013091877221,0.9885645081227783,5,0.19999999999999998
calendar_25,calendar,2,5,6,3.056477483018737,0.9511001169812633,5,0.19999999999999998
calendar_25,calendar,2,6,6,3.075941283520352,0.9316363164796484,5,0.19999999999999998
calendar_25,calendar,2,7,6,3.0682574445867608,0.9393201554132403,5,0.19999999999999998
calendar_25,calendar,2,8,6,2.9477860307576766,1.0597915692423232,5,0.19999999999999998
calendar_25,calendar,2,9,6,3.1527084032887704,0.8548691967112305,5,0.19999999999999998
calendar_25,calendar,2,0,7,3.2032384461487973,0.8043391538512027,5,0.19999999999999998
calendar_25,calendar,2,1,7,2.934051123386013,1.073526476613987,5,0.19999999999999998
calendar_25,calendar,2,2,7,3.0474994815161165,0.9600781184838845,5,0.19999999999999998
calendar_25,calendar,2,3,7,3.0255721642869453,0.9820054357130564,5,0.19999999999999998
calendar_25,calendar,2,4,7,2.9603319154664054,1.0472456845335956,5,0.19999999999999998
calendar_25,calendar,2,5,7,3.0300019231155506,0.977575676884448,5,0.19999999999999998
calendar_25,calendar,2,6,7,3.0657244627246105,0.9418531372753884,5,0.19999999999999998
calendar_25,calendar,2,7,7,3.02393365995882,0.9836439400411806,5,0.19999999999999998
calendar_25,calendar,2,8,7,2.9212965618848625,1.0862810381151382,5,0.19999999999999998
calendar_25,calendar,2,9,7,3.157512092759406,0.8500655072405942,5,0.19999999999999998
calendar_25,calendar,2,0,8,3.137826906312761,0.8697506936872381,5,0.19999999999999998
calendar_25,calendar,2,1,8,2.8584396092160675,1.149137990783932,5,0.19999999999999998
calendar_25,calendar,2,2,8,2.934467666671318,1.073109933328683,5,0.19999999999999998
calendar_25,calendar,2,3,8,2.921786594935198,1.0857910050648034,5,0.19999999999999998
calendar_25,calendar,2,4,8,2.939048836231644,1.068528763768355,5,0.19999999999999998
calendar_25,calendar,2,5,8,2.9541256221450145,1.0534519778549842,5,0.19999999999999998
calendar_25,calendar,2,6,8,2.9306476715826286,1.076929928417372,5,0.19999999999999998
calendar_25,calendar,2,7,8,2.9105730724859775,1.0970045275140223,5,0.19999999999999998
calendar_25,calendar,2,8,8,2.8291105925298257,1.1784670074701742,5,0.19999999999999998
calendar_25,calendar,2,9,8,3.0410555418109078,0.9665220581890922,5,0.19999999999999998
calendar_25,calendar,2,0,9,3.289185185895557,0.7183924141044437,5,0.19999999999999998
calendar_25,calendar,2,1,9,3.0750590473354023,0.9325185526645992,5,0.19999999999999998
calendar_25,calendar,2,2,9,3.1229587069689964,0.8846188930310024,5,0.19999999999999998
calendar_25,calendar,2,3,9,3.1221112683225756,0.8854663316774237,5,0.19999999999999998
calendar_25,calendar,2,4,9,3.1955936302424566,0.8119839697575424,5,0.19999999999999998
calendar_25,calendar,2,5,9,3.167101935962384,0.8404756640376158,5,0.19999999999999998
calendar_25,calendar,2,6,9,3.190582861264121,0.8169947387358792,5,0.19999999999999998
calendar_25,calendar,2,7,9,3.183346461676017,0.8242311383239828,5,0.19999999999999998
calendar_25,calendar,2,8,9,3.0628336452742326,0.9447439547257682,5,0.19999999999999998
calendar_25,calendar,2,9,9,3.2841231303376377,0.7234544696623617,5,0.19999999999999998
calendar_24,calendar,2,0,0,3.308299161097125,0.6992784389028757,5,0.19999999999999998
calendar_24,calendar,2,1,0,3.123154324815926,0.8844232751840733,5,0.19999999999999998
calendar_24,calendar,2,2,0,3.2017723896425054,0.8058052103574945,5,0.19999999999999998
calendar_24,calendar,2,3,0,3.1803217751035007,0.8272558248965011,5,0.19999999999999998
calendar_24,calendar,2,4,0,3.188531018033662,0.8190465819663382,5,0.19999999999999998
calendar_24,calendar,2,5,0,3.2025488470247896,0.8050287529752113,5,0.19999999999999998
calendar_24,calendar,2,6,0,3.188615092458389,0.8189625075416122,5,0.19999999999999998
calendar_24,calendar,2,7,0,3.217418117831075,0.7901594821689233,5,0.19999999999999998
calendar_24,calendar,2,8,0,3.135645326571358,0.8719322734286425,5,0.19999999999999998
calendar_24,calendar,2,9,0,3.3033114936148196,0.704266106385182,5,0.19999999999999998
calendar_24,calendar,2,0,1,3.176601890092417,0.8309757099075838,5,0.19999999999999998
calendar_24,calendar,2,1,1,2.9091905435210585,1.098387056478942,5,0.19999999999999998
calendar_24,calendar,2,2,1,3.003671676531551,1.00390592346845,5,0.19999999999999998
calendar_24,calendar,2,3,1,2.9693861703583777,1.0381914296416215,5,0.19999999999999998
calendar_24,calendar,2,4,1,2.9714084972605286,1.0361691027394706,5,0.19999999999999998
calendar_24,calendar,2,5,1,2.9497246897009903,1.0578529102990093,5,0.19999999999999998
calendar_24,calendar,2,6,1,2.911015989413129,1.0965616105868718,5,0.19999999999999998
calendar_24,calendar,2,7,1,2.937923392146842,1.0696542078531583,5,0.19999999999999998
calendar_24,calendar,2,8,1,2.8290537118505403,1.1785238881494602,5,0.19999999999999998
calendar_24,calendar,2,9,1,3.0819176579731344,0.9256599420268651,5,0.19999999999999998
calendar_24,calendar,2,0,2,3.216296093449338,0.7912815065506653,5,0.19999999999999998
calendar_24,calendar,2,1,2,2.965632183389427,1.0419454166105724,5,0.19999999999999998
calendar_24,calendar,2,2,2,3.059751672497286,0.9478259275027139,5,0.19999999999999998
calendar_24,calendar,2,3,2,3.0653150759612857,0.9422625240387156,5,0.19999999999999998
calendar_24,calendar,2,4,2,3.0556891210959884,0.9518884789040121,5,0.19999999999999998
calendar_24,calendar,2,5,2,3.0889772753088627,0.9186003246911365,5,0.19999999999999998
calendar_24,calendar,2,6,2,3.024678522450196,0.9828990775498049,5,0.19999999999999998
calendar_24,calendar,2,7,2,2.9937568397531202,1.0138207602468792,5,0.19999999999999998
calendar_24,calendar,2,8,2,2.9767926254374077,1.0307849745625925,5,0.19999999999999998
calendar_24,calendar,2,9,2,3.1657200366584504,0.8418575633415496,5,0.19999999999999998
calendar_24,calendar,2,0,3,3.2351350397970884,0.7724425602029114,5,0.19999999999999998
calendar_24,calendar,2,1,3,2.9908718804776924,1.0167057195223064,5,0.19999999999999998
calendar_24,calendar,2,2,3,3.0886748708987297,0.918902729101271,5,0.19999999999999998
calendar_24,calendar,2,3,3,3.0588000991055653,0.9487775008944334,5,0.19999999999999998
calendar_24,calendar,2,4,3,3.0681401920499685,0.9394374079500328,5,0.19999999999999998
calendar_24,calendar,2,5,3,3.0427346289109516,0.9648429710890484,5,0.19999999999999998
calendar_24,calendar,2,6,3,3.0440405707939333,0.9635370292060668,5,0.19999999999999998
calendar_24,calendar,2,7,3,3.0208960970474505,0.9866815029525503,5,0.19999999999999998
calendar_24,calendar,2,8,3,2.9365052021096294,1.071072397890371,5,0.19999999999999998
calendar_24,calendar,2,9,3,3.124974823070813,0.882602776929186,5,0.19999999999999998
calendar_24,calendar,2,0,4,3.1746380018155054,0.8329395981844945,5,0.19999999999999998
calendar_24,calendar,2,1,4,2.9443819898036394,1.063195610196361,5,0.19999999999999998
calendar_24,calendar,2,2,4,3.045598575733996,0.9619790242660046,5,0.19999999999999998
calendar_24,calendar,2,3,4,3.054206690104844,0.9533709098951556,5,0.19999999999999998
calendar_24,calendar,2,4,4,3.070628519734904,0.9369490802650962,5,0.19999999999999998
calendar_24,calendar,2,5,4,3.0291818755979762,0.9783957244020228,5,0.19999999999999998
calendar_24,calendar,2,6,4,3.076254349191537,0.931323250808463,5,0.19999999999999998
calendar_24,calendar,2,7,4,3.0517512505758435,0.9558263494241566,5,0.19999999999999998
calendar_24,calendar,2,8,4,2.98707763919537,1.0204999608046301,5,0.19999999999999998
calendar_24,calendar,2,9,4,3.1850504656033882,0.8225271343966124,5,0.19999999999999998
calendar_24,calendar,2,0,5,3.2190103907682595,0.7885672092317403,5,0.19999999999999998
calendar_24,calendar,2,1,5,2.9341022764842246,1.0734753235157755,5,0.19999999999999998
calendar_24,calendar,2,2,5,3.0253299118774204,0.9822476881225808,5,0.19999999999999998
calendar_24,calendar,2,3,5,3.08420507262643,0.9233725273735698,5,0.19999999999999998
calendar_24,calendar,2,4,5,3.0126581782305615,0.9949194217694397,5,0.19999999999999998
calendar_24,calendar,2,5,5,3.0785182657239023,0.9290593342760975,5,0.19999999999999998
calendar_24,calendar,2,6,5,3.117803391259674,0.8897742087403262,5,0.19999999999999998
calendar_24,calendar,2,7,5,3.0500752991526645,0.9575023008473378,5,0.19999999999999998
calendar_24,calendar,2,8,5,2.968085448410093,1.039492151589907,5,0.19999999999999998
calendar_24,calendar,2,9,5,3.2253690178609413,0.7822085821390594,5,0.19999999999999998
calendar_24,calendar,2,0,6,3.1485077734833458,0.8590698265166546,5,0.19999999999999998
calendar_24,calendar,2,1,6,3.0163509503012733,0.9912266496987264,5,0.19999999999999998
calendar_24,calendar,2,2,6,3.066722246212344,0.9408553537876579,5,0.19999999999999998
calendar_24,calendar,2,3,6,3.0031799363320495,1.004397663667952,5,0.19999999999999998
calendar_24,calendar,2,4,6,3.061262082320504,0.9463155176794965,5,0.19999999999999998
calendar_24,calendar,2,5,6,3.0658648733515896,0.9417127266484107,5,0.19999999999999998
calendar_24,calendar,2,6,6,3.0805948063136985,0.9269827936863011,5,0.19999999999999998
calendar_24,calendar,2,7,6,3.0890326940666344,0.9185449059333657,5,0.19999999999999998
calendar_24,calendar,2,8,6,2.9763913951899172,1.0311862048100826,5,0.19999999999999998
calendar_24,calendar,2,9,6,3.1754795392074406,0.8320980607925597,5,0.19999999999999998
calendar_24,calendar,2,0,7,3.1574839748840264,0.8500936251159743,5,0.19999999999999998
calendar_24,calendar,2,1,7,2.950782020921874,1.056795579078126,5,0.19999999999999998
calendar_24,calendar,2,2,7,2.9826507784800067,1.0249268215199927,5,0.19999999999999998
calendar_24,calendar,2,3,7,3.0041825040515984,1.0033950959484002,5,0.19999999999999998
calendar_24,calendar,2,4,7,2.998171068469328,1.0094065315306713,5,0.19999999999999998
calendar_24,calendar,2,5,7,3.0652053262271997,0.9423722737728004,5,0.19999999999999998
calendar_24,calendar,2,6,7,3.0413181344768123,0.9662594655231874,5,0.19999999999999998
calendar_24,calendar,2,7,7,3.0538318535008937,0.9537457464991063,5,0.19999999999999998
calendar_24,calendar,2,8,7,2.908352845476159,1.09922475452384,5,0.19999999999999998
calendar_24,calendar,2,9,7,3.1636589209744335,0.8439186790255664,5,0.19999999999999998
calendar_24,calendar,2,0,8,3.124865994632539,0.8827116053674618,5,0.19999999999999998
calendar_24,calendar,2,1,8,2.8315211716379594,1.176056428362041,5,0.19999999999999998
calendar_24,calendar,2,2,8,2.925158789561219,1.0824188104387806,5,0.19999999999999998
calendar_24,calendar,2,3,8,2.939111771308379,1.0684658286916213,5,0.19999999999999998
calendar_24,calendar,2,4,8,2.9308839146450008,1.0766936853549982,5,0.19999999999999998
calendar_24,calendar,2,5,8,2.923983135344283,1.0835944646557167,5,0.19999999999999998
calendar_24,calendar,2,6,8,2.9872912384049037,1.0202863615950946,5,0.19999999999999998
calendar_24,calendar,2,7,8,2.8855829112823654,1.1219946887176346,5,0.19999999999999998
calendar_24,calendar,2,8,8,2.8467406441086145,1.1608369558913858,5,0.19999999999999998
calendar_24,calendar,2,9,8,3.1430355353567405,0.8645420646432599,5,0.19999999999999998
calendar_24,calendar,2,0,9,3.2926412141316086,0.7149363858683918,5,0.19999999999999998
calendar_24,calendar,2,1,9,3.1425251130544165,0.8650524869455825,5,0.19999999999999998
calendar_24,calendar,2,2,9,3.1833974259336526,0.8241801740663468,5,0.19999999999999998
calendar_24,calendar,2,3,9,3.1384835372832476,0.8690940627167535,5,0.19999999999999998
calendar_24,calendar,2,4,9,3.143879785351194,0.8636978146488075,5,0.19999999999999998
calendar_24,calendar,2,5,9,3.1917719592350817,0.8158056407649181,5,0.19999999999999998
calendar_24,calendar,2,6,9,3.1738553129156593,0.833722287084341,5,0.19999999999999998
calendar_24,calendar,2,7,9,3.1746531553320536,0.8329244446679468,5,0.19999999999999998
calendar_24,calendar,2,8,9,3.076418766283245,0.9311588337167547,5,0.19999999999999998
calendar_24,calendar,2,9,9,3.292636224469258,0.7149413755307416,5,0.19999999999999998
calendar_23,calendar,2,0,0,3.355508267331003,0.6520693326689961,5,0.19999999999999998
calendar_23,calendar,2,1,0,3.1090425905445223,0.8985350094554789,5,0.19999999999999998
calendar_23,calendar,2,2,0,3.164299835943872,0.8432777640561286,5,0.19999999999999998
calendar_23,calendar,2,3,0,3.193464660856947,0.8141129391430516,5,0.19999999999999998
calendar_23,calendar,2,4,0,3.2237188090222477,0.7838587909777525,5,0.19999999999999998
calendar_23,calendar,2,5,0,3.2210075689910167,0.7865700310089813,5,0.19999999999999998
calendar_23,calendar,2,6,0,3.1633849379597767,0.8441926620402231,5,0.19999999999999998
calendar_23,calendar,2,7,0,3.1817694471787807,0.8258081528212208,5,0.19999999999999998
calendar_23,calendar,2,8,0,3.0848441244284586,0.9227334755715423,5,0.19999999999999998
calendar_23,calendar,2,9,0,3.295640506996974,0.7119370930030262,5,0.19999999999999998
calendar_23,calendar,2,0,1,3.1284224793073947,0.8791551206926049,5,0.19999999999999998
calendar_23,calendar,2,1,1,2.817690196215532,1.1898874037844678,5,0.19999999999999998
calendar_23,calendar,2,2,1,2.9274987805751485,1.080078819424852,5,0.19999999999999998
calendar_23,calendar,2,3,1,2.9209208058773237,1.0866567941226766,5,0.19999999999999998
calendar_23,calendar,2,4,1,2.97556478621832,1.0320128137816797,5,0.19999999999999998
calendar_23,calendar,2,5,1,2.952296464464362,1.0552811355356375,5,0.19999999999999998
calendar_23,calendar,2,6,1,2.927190183594648,1.080387416405352,5,0.19999999999999998
calendar_23,calendar,2,7,1,2.9308967252225986,1.076680874777402,5,0.19999999999999998
calendar_23,calendar,2,8,1,2.8464070565240465,1.1611705434759538,5,0.19999999999999998
calendar_23,calendar,2,9,1,3.1286447096887167,0.8789328903112823,5,0.19999999999999998
calendar_23,calendar,2,0,2,3.1558291583283826,0.8517484416716176,5,0.19999999999999998
calendar_23,calendar,2,1,2,2.93558712528326,1.07199047471674,5,0.19999999999999998
calendar_23,calendar,2,2,2,2.9979005544804678,1.0096770455195336,5,0.19999999999999998
calendar_23,calendar,2,3,2,3.000515593873284,1.007062006126716,5,0.19999999999999998
calendar_23,calendar,2,4,2,2.9952501466578156,1.0123274533421842,5,0.19999999999999998
calendar_23,calendar,2,5,2,3.0352451154519424,0.9723324845480578,5,0.19999999999999998
calendar_23,calendar,2,6,2,3.025680752128227,0.9818968478717751,5,0.19999999999999998
calendar_23,calendar,2,7,2,2.979352957914267,1.028224642085733,5,0.19999999999999998
calendar_23,calendar,2,8,2,2.923706432372899,1.0838711676271013,5,0.19999999999999998
calendar_23,calendar,2,9,2,3.181021134928965,0.8265564650710355,5,0.19999999999999998
calendar_23,calendar,2,0,3,3.1669117318035536,0.840665868196446,5,0.19999999999999998
calendar_23,calendar,2,1,3,2.9621285842646348,1.0454490157353646,5,0.19999999999999998
calendar_23,calendar,2,2,3,3.0018515517180466,1.0057260482819532,5,0.19999999999999998
calendar_23,calendar,2,3,3,3.0651239860472415,0.9424536139527581,5,0.19999999999999998
calendar_23,calendar,2,4,3,3.01326542753575,0.9943121724642504,5,0.19999999999999998
calendar_23,calendar,2,5,3,3.0271751593535523,0.9804024406464491,5,0.19999999999999998
calendar_23,calendar,2,6,3,3.0171570346026932,0.9904205653973067,5,0.19999999999999998
calendar_23,calendar,2,7,3,2.9870903628703878,1.0204872371296119,5,0.19999999999999998
calendar_23,calendar,2,8,3,2.922151426177444,1.0854261738225557,5,0.19999999999999998
calendar_23,calendar,2,9,3,3.1658463556683762,0.8417312443316227,5,0.19999999999999998
calendar_23,calendar,2,0,4,3.1732387206103057,0.8343388793896958,5,0.19999999999999998
calendar_23,calendar,2,1,4,2.979759588016669,1.0278180119833322,5,0.19999999999999998
calendar_23,calendar,2,2,4,3.01998411231237,0.9875934876876302,5,0.19999999999999998
calendar_23,calendar,2,3,4,3.0748874978404444,0.9326901021595554,5,0.19999999999999998
calendar_23,calendar,2,4,4,3.026541083018923,0.9810365169810774,5,0.19999999999999998
calendar_23,calendar,2,5,4,3.0420131541348616,0.9655644458651389,5,0.19999999999999998
calendar_23,calendar,2,6,4,3.0726352784612945,0.934942321538708,5,0.19999999999999998
calendar_23,calendar,2,7,4,3.0525155440734797,0.9550620559265192,5,0.19999999999999998
calendar_23,calendar,2,8,4,2.948511227444314,1.059066372555686,5,0.19999999999999998
calendar_23,calendar,2,9,4,3.1386786656965318,0.8688989343034677,5,0.19999999999999998
calendar_23,calendar,2,0,5,3.1999005912534884,0.8076770087465106,5,0.19999999999999998
calendar_23,calendar,2,1,5,2.9638404411013473,1.0437371588986526,5,0.19999999999999998
calendar_23,calendar,2,2,5,2.9802231158012136,1.0273544841987867,5,0.19999999999999998
calendar_23,calendar,2,3,5,3.0507789103991025,0.9567986896008986,5,0.19999999999999998
calendar_23,calendar,2,4,5,3.0384176776352825,0.9691599223647183,5,0.19999999999999998
calendar_23,calendar,2,5,5,3.0400391327925322,0.9675384672074684,5,0.19999999999999998
calendar_23,calendar,2,6,5,3.0458999998779337,0.9616776001220667,5,0.19999999999999998
calendar_23,calendar,2,7,5,3.024688843469207,0.9828887565307938,5,0.19999999999999998
calendar_23,calendar,2,8,5,2.939640730085305,1.0679368699146958,5,0.19999999999999998
calendar_23,calendar,2,9,5,3.1654947734020182,0.8420828265979828,5,0.19999999999999998
calendar_23,calendar,2,0,6,3.2287033628148167,0.7788742371851829,5,0.19999999999999998
calendar_23,calendar,2,1,6,2.929447636325632,1.078129963674369,5,0.19999999999999998
calendar_23,calendar,2,2,6,3.004167904229981,1.0034096957700205,5,0.19999999999999998
calendar_23,calendar,2,3,6,3.071387397294904,0.9361902027050957,5,0.19999999999999998
calendar_23,calendar,2,4,6,3.0716338668671885,0.9359437331328125,5,0.19999999999999998
calendar_23,calendar,2,5,6,3.059611994531902,0.9479656054680978,5,0.19999999999999998
calendar_23,calendar,2,6,6,3.0431038566615456,0.9644737433384556,5,0.19999999999999998
calendar_23,calendar,2,7,6,3.0007567056439117,1.0068208943560886,5,0.19999999999999998
calendar_23,calendar,2,8,6,2.954590644438954,1.0529869555610472,5,0.19999999999999998
calendar_23,calendar,2,9,6,3.1867505672836405,0.8208270327163603,5,0.19999999999999998
calendar_23,calendar,2,0,7,3.190138315595866,0.8174392844041337,5,0.19999999999999998
calendar_23,calendar,2,1,7,2.9587860719887686,1.0487915280112297,5,0.19999999999999998
calendar_23,calendar,2,2,7,3.0115604111785714,0.9960171888214282,5,0.19999999999999998
calendar_23,calendar,2,3,7,3.0401391102662423,0.9674384897337582,5,0.19999999999999998
calendar_23,calendar,2,4,7,3.089353949608033,0.9182236503919664,5,0.19999999999999998
calendar_23,calendar,2,5,7,3.067051743593747,0.9405258564062526,5,0.19999999999999998
calendar_23,calendar,2,6,7,2.983395470453124,1.0241821295468772,5,0.19999999999999998
calendar_23,calendar,2,7,7,2.971030399800314,1.0365472001996867,5,0.19999999999999998
calendar_23,calendar,2,8,7,2.937643890506466,1.0699337094935355,5,0.19999999999999998
calendar_23,calendar,2,9,7,3.1813193212169866,0.8262582787830143,5,0.19999999999999998
calendar_23,calendar,2,0,8,3.108111784646465,0.8994658153535346,5,0.19999999999999998
calendar_23,calendar,2,1,8,2.842823103147396,1.1647544968526047,5,0.19999999999999998
calendar_23,calendar,2,2,8,2.9163122372560424,1.0912653627439572,5,0.19999999999999998
calendar_23,calendar,2,3,8,3.0239198208411864,0.9836577791588148,5,0.19999999999999998
calendar_23,calendar,2,4,8,3.0327423090139205,0.9748352909860799,5,0.19999999999999998
calendar_23,calendar,2,5,8,2.974853521730816,1.0327240782691842,5,0.19999999999999998
calendar_23,calendar,2,6,8,2.980870239667728,1.0267073603322725,5,0.19999999999999998
calendar_23,calendar,2,7,8,2.895929144262975,1.1116484557370263,5,0.19999999999999998
calendar_23,calendar,2,8,8,2.857121849615054,1.1504557503849473,5,0.19999999999999998
calendar_23,calendar,2,9,8,3.1061181585302666,0.9014594414697343,5,0.19999999999999998
calendar_23,calendar,2,0,9,3.307245953659154,0.7003316463408461,5,0.19999999999999998
calendar_23,calendar,2,1,9,3.0722500630451273,0.9353275369548735,5,0.19999999999999998
calendar_23,calendar,2,2,9,3.190937927059228,0.8166396729407726,5,0.19999999999999998
calendar_23,calendar,2,3,9,3.1604201377843992,0.8471574622156017,5,0.19999999999999998
calendar_23,calendar,2,4,9,3.1342607304408374,0.8733168695591615,5,0.19999999999999998
calendar_23,calendar,2,5,9,3.151093919122727,0.8564836808772728,5,0.19999999999999998
calendar_23,calendar,2,6,9,3.1590361492642676,0.8485414507357331,5,0.19999999999999998
calendar_23,calendar,2,7,9,3.165653896189082,0.8419237038109181,5,0.19999999999999998
calendar_23,calendar,2,8,9,3.0514580968486764,0.9561195031513252,5,0.19999999999999998
calendar_23,calendar,2,9,9,3.281277131493435,0.7263004685065664,5,0.19999999999999998
calendar_26,calendar,3,0,0,3.220813914054175,0.7867636859458251,5,0.3
calendar_26,calendar,3,1,0,2.975021891005852,1.032555708994148,5,0.3
calendar_26,calendar,3,2,0,3.0913440996991786,0.9162335003008216,5,0.3
calendar_26,calendar,3,3,0,3.065585227399828,0.9419923726001704,5,0.3
calendar_26,calendar,3,4,0,3.0297092946317323,0.9778683053682679,5,0.3
calendar_26,calendar,3,5,0,3.0776080713015124,0.9299695286984877,5,0.3
calendar_26,calendar,3,6,0,3.0903409418525905,0.9172366581474088,5,0.3
calendar_26,calendar,3,7,0,3.1020959736482796,0.905481626351719,5,0.3
calendar_26,calendar,3,8,0,2.9866742375730713,1.0209033624269284,5,0.3
calendar_26,calendar,3,9,0,3.206693372535486,0.8008842274645133,5,0.3
calendar_26,calendar,3,0,1,3.0035340514236624,1.0040435485763373,5,0.3
calendar_26,calendar,3,1,1,2.681662196949268,1.3259154030507319,5,0.3
calendar_26,calendar,3,2,1,2.801422960159053,1.206154639840947,5,0.3
calendar_26,calendar,3,3,1,2.82929967778014,1.1782779222198614,5,0.3
calendar_26,calendar,3,4,1,2.8011836667282592,1.206393933271741,5,0.3
calendar_26,calendar,3,5,1,2.732483857197749,1.2750937428022515,5,0.3
calendar_26,calendar,3,6,1,2.802201072567308,1.205376527432693,5,0.3
calendar_26,calendar,3,7,1,2.7814606766198176,1.2261169233801834,5,0.3
calendar_26,calendar,3,8,1,2.667767242479927,1.3398103575200728,5,0.3
calendar_26,calendar,3,9,1,2.9824942966042665,1.0250833033957343,5,0.3
calendar_26,calendar,3,0,2,3.057638576793094,0.9499390232069057,5,0.3
calendar_26,calendar,3,1,2,2.8561110166023815,1.1514665833976199,5,0.3
calendar_26,calendar,3,2,2,2.9622419107472853,1.0453356892527148,5,0.3
calendar_26,calendar,3,3,2,3.0114875635937235,0.9960900364062775,5,0.3
calendar_26,calendar,3,4,2,2.8811870591763893,1.1263905408236103,5,0.3
calendar_26,calendar,3,5,2,2.8780460034491684,1.1295315965508308,5,0.3
calendar_26,calendar,3,6,2,2.8511402416400653,1.1564373583599337,5,0.3
calendar_26,calendar,3,7,2,2.90747473735566,1.1001028626443394,5,0.3
calendar_26,calendar,3,8,2,2.7565469744651447,1.2510306255348558,5,0.3
calendar_26,calendar,3,9,2,3.063712128349564,0.9438654716504368,5,0.3
calendar_26,calendar,3,0,3,3.085495743297823,0.9220818567021768,5,0.3
calendar_26,calendar,3,1,3,2.8150664175296254,1.1925111824703756,5,0.3
calendar_26,calendar,3,2,3,2.89683050932627,1.1107470906737287,5,0.3
calendar_26,calendar,3,3,3,2.9316586681493058,1.0759189318506939,5,0.3
calendar_26,calendar,3,4,3,2.942512332480131,1.0650652675198689,5,0.3
calendar_26,calendar,3,5,3,2.9250981260118825,1.082479473988118,5,0.3
calendar_26,calendar,3,6,3,2.8931677969937657,1.114409803006235,5,0.3
calendar_26,calendar,3,7,3,2.913885020263355,1.0936925797366455,5,0.3
calendar_26,calendar,3,8,3,2.8290441101004076,1.178533489899592,5,0.3
calendar_26,calendar,3,9,3,3.1049931131438173,0.902584486856183,5,0.3
calendar_26,calendar,3,0,4,3.089404176128531,0.9181734238714704,5,0.3
calendar_26,calendar,3,1,4,2.785240582772859,1.222337017227142,5,0.3
calendar_26,calendar,3,2,4,2.9153071623143445,1.0922704376856553,5,0.3
calendar_26,calendar,3,3,4,2.91863360650115,1.0889439934988507,5,0.3
calendar_26,calendar,3,4,4,2.918706137030006,1.0888714629699945,5,0.3
calendar_26,calendar,3,5,4,2.920520920207875,1.0870566797921246,5,0.3
calendar_26,calendar,3,6,4,2.902074145379849,1.1055034546201505,5,0.3
calendar_26,calendar,3,7,4,2.886574826041138,1.1210027739588626,5,0.3
calendar_26,calendar,3,8,4,2.7968752481785764,1.2107023518214237,5,0.3
calendar_26,calendar,3,9,4,3.0737593285973346,0.9338182714026643,5,0.3
calendar_26,calendar,3,0,5,3.107072237747918,0.9005053622520818,5,0.3
calendar_26,calendar,3,1,5,2.833905569438294,1.1736720305617065,5,0.3
calendar_26,calendar,3,2,5,2.871264224690878,1.1363133753091232,5,0.3
calendar_26,calendar,3,3,5,2.9055959631120567,1.101981636887943,5,0.3
calendar_26,calendar,3,4,5,2.909382573867297,1.0981950261327027,5,0.3
calendar_26,calendar,3,5,5,2.9358984482289965,1.0716791517710018,5,0.3
calendar_26,calendar,3,6,5,2.934731184834692,1.0728464151653077,5,0.3
calendar_26,calendar,3,7,5,2.8350855803736876,1.172492019626312,5,0.3
calendar_26,calendar,3,8,5,2.8180418807742194,1.18953571922578,5,0.3
calendar_26,calendar,3,9,5,3.0695642519530066,0.9380133480469937,5,0.3
calendar_26,calendar,3,0,6,3.1268713701107376,0.8807062298892626,5,0.3
calendar_26,calendar,3,1,6,2.8319644546225637,1.1756131453774348,5,0.3
calendar_26,calendar,3,2,6,2.9154278759984225,1.0921497240015776,5,0.3
calendar_26,calendar,3,3,6,2.877376062157143,1.130201537842857,5,0.3
calendar_26,calendar,3,4,6,2.9724243129483625,1.0351532870516373,5,0.3
calendar_26,calendar,3,5,6,2.9254683010377813,1.0821092989622199,5,0.3
calendar_26,calendar,3,6,6,2.920921591864787,1.0866560081352115,5,0.3
calendar_26,calendar,3,7,6,2.8927100648274293,1.1148675351725716,5,0.3
calendar_26,calendar,3,8,6,2.779510953798644,1.2280666462013543,5,0.3
calendar_26,calendar,3,9,6,3.0263167158654514,0.9812608841345478,5,0.3
calendar_26,calendar,3,0,7,3.0404120370849874,0.9671655629150138,5,0.3
calendar_26,calendar,3,1,7,2.7913464262111756,1.216231173788825,5,0.3
calendar_26,calendar,3,2,7,2.869836741018748,1.1377408589812514,5,0.3
calendar_26,calendar,3,3,7,2.874188602341549,1.133388997658452,5,0.3
calendar_26,calendar,3,4,7,2.8698138438608742,1.1377637561391276,5,0.3
calendar_26,calendar,3,5,7,2.9016232052507775,1.1059543947492225,5,0.3
calendar_26,calendar,3,6,7,2.906721907026928,1.1008556929730728,5,0.3
calendar_26,calendar,3,7,7,2.8377225810373323,1.1698550189626675,5,0.3
calendar_26,calendar,3,8,7,2.7779821679896943,1.2295954320103062,5,0.3
calendar_26,calendar,3,9,7,3.0794292003389443,0.9281483996610572,5,0.3
calendar_26,calendar,3,0,8,3.000320126052612,1.0072574739473894,5,0.3
calendar_26,calendar,3,1,8,2.6949340566024853,1.3126435433975143,5,0.3
calendar_26,calendar,3,2,8,2.7997635321076615,1.2078140678923388,5,0.3
calendar_26,calendar,3,3,8,2.801891299736118,1.205686300263882,5,0.3
calendar_26,calendar,3,4,8,2.779025974557015,1.2285516254429851,5,0.3
calendar_26,calendar,3,5,8,2.806989696468754,1.2005879035312448,5,0.3
calendar_26,calendar,3,6,8,2.8075955279878584,1.1999820720121415,5,0.3
calendar_26,calendar,3,7,8,2.8203386679327895,1.1872389320672108,5,0.3
calendar_26,calendar,3,8,8,2.6782337358763453,1.3293438641236548,5,0.3
calendar_26,calendar,3,9,8,2.9789762276411156,1.0286013723588838,5,0.3
calendar_26,calendar,3,0,9,3.25054753327214,0.7570300667278594,5,0.3
calendar_26,calendar,3,1,9,3.0136650790676462,0.9939125209323527,5,0.3
calendar_26,calendar,3,2,9,3.06341608758845,0.9441615124115503,5,0.3
calendar_26,calendar,3,3,9,3.100291594832062,0.9072860051679382,5,0.3
calendar_26,calendar,3,4,9,3.1012326784535618,0.9063449215464394,5,0.3
calendar_26,calendar,3,5,9,3.092067646715555,0.9155099532844458,5,0.3
calendar_26,calendar,3,6,9,3.066386858709379,0.9411907412906202,5,0.3
calendar_26,calendar,3,7,9,3.0608403698468876,0.9467372301531125,5,0.3
calendar_26,calendar,3,8,9,3.0373113485510403,0.9702662514489601,5,0.3
calendar_26,calendar,3,9,9,3.2369177420712645,0.7706598579287353,5,0.3
calendar_25,calendar,3,0,0,3.2303999556789216,0.7771776443210776,5,0.3
calendar_25,calendar,3,1,0,3.0104464461663243,0.9971311538336767,5,0.3
calendar_25,calendar,3,2,0,3.092505095559616,0.9150725044403848,5,0.3
calendar_25,calendar,3,3,0,3.06514327303201,0.9424343269679908,5,0.3
calendar_25,calendar,3,4,0,3.0806538414564018,0.9269237585435979,5,0.3
calendar_25,calendar,3,5,0,3.066604075206697,0.9409735247933031,5,0.3
calendar_25,calendar,3,6,0,3.0322557698743458,0.9753218301256529,5,0.3
calendar_25,calendar,3,7,0,3.1064080103980523,0.9011695896019467,5,0.3
calendar_25,calendar,3,8,0,3.0365961776563384,0.9709814223436628,5,0.3
calendar_25,calendar,3,9,0,3.285903587763126,0.7216740122368749,5,0.3
calendar_25,calendar,3,0,1,3.015804327376352,0.9917732726236491,5,0.3
calendar_25,calendar,3,1,1,2.7027351194733034,1.3048424805266974,5,0.3
calendar_25,calendar,3,2,1,2.7735441495791693,1.2340334504208301,5,0.3
calendar_25,calendar,3,3,1,2.8439001086565274,1.1636774913434729,5,0.3
calendar_25,calendar,3,4,1,2.840120087726812,1.1674575122731883,5,0.3
calendar_25,calendar,3,5,1,2.7846672053328723,1.2229103946671276,5,0.3
calendar_25,calendar,3,6,1,2.756213391410023,1.2513642085899779,5,0.3
calendar_25,calendar,3,7,1,2.8328299931365457,1.1747476068634537,5,0.3
calendar_25,calendar,3,8,1,2.7753843784958763,1.2321932215041222,5,0.3
calendar_25,calendar,3,9,1,3.052554524308722,0.9550230756912792,5,0.3
calendar_25,calendar,3,0,2,3.104616644500688,0.9029609554993121,5,0.3
calendar_25,calendar,3,1,2,2.831710665164962,1.1758669348350375,5,0.3
calendar_25,calendar,3,2,2,2.89297824833584,1.1145993516641621,5,0.3
calendar_25,calendar,3,3,2,2.8990841596178525,1.1084934403821476,5,0.3
calendar_25,calendar,3,4,2,2.937151383767761,1.0704262162322384,5,0.3
calendar_25,calendar,3,5,2,2.884791079472149,1.1227865205278509,5,0.3
calendar_25,calendar,3,6,2,2.8832857093234994,1.1242918906765018,5,0.3
calendar_25,calendar,3,7,2,2.8549917596985654,1.1525858403014362,5,0.3
calendar_25,calendar,3,8,2,2.762148106176107,1.2454294938238937,5,0.3
calendar_25,calendar,3,9,2,3.087423699397192,0.9201539006028081,5,0.3
calendar_25,calendar,3,0,3,3.082343076350288,0.9252345236497123,5,0.3
calendar_25,calendar,3,1,3,2.828075157283535,1.1795024427164649,5,0.3
calendar_25,calendar,3,2,3,2.9122465748879858,1.0953310251120143,5,0.3
calendar_25,calendar,3,3,3,2.9107251159249756,1.0968524840750247,5,0.3
calendar_25,calendar,3,4,3,2.929008652237995,1.0785689477620048,5,0.3
calendar_25,calendar,3,5,3,2.926064769157779,1.0815128308422215,5,0.3
calendar_25,calendar,3,6,3,2.874576551764434,1.1330010482355664,5,0.3
calendar_25,calendar,3,7,3,2.8875335116574012,1.1200440883425982,5,0.3
calendar_25,calendar,3,8,3,2.771543914110578,1.2360336858894205,5,0.3
calendar_25,calendar,3,9,3,3.0756173755267513,0.931960224473249,5,0.3
calendar_25,calendar,3,0,4,3.0622522568610293,0.9453253431389697,5,0.3
calendar_25,calendar,3,1,4,2.7949728137549004,1.2126047862451002,5,0.3
calendar_25,calendar,3,2,4,2.886240683202463,1.1213369167975382,5,0.3
calendar_25,calendar,3,3,4,2.911694998539915,1.0958826014600846,5,0.3
calendar_25,calendar,3,4,4,2.9383614331771106,1.0692161668228897,5,0.3
calendar_25,calendar,3,5,4,2.9532290448724887,1.0543485551275114,5,0.3
calendar_25,calendar,3,6,4,2.9130725774107917,1.0945050225892086,5,0.3
calendar_25,calendar,3,7,4,2.880635728258817,1.126941871741183,5,0.3
calendar_25,calendar,3,8,4,2.764885212859815,1.2426923871401845,5,0.3
calendar_25,calendar,3,9,4,3.0443215495495317,0.9632560504504681,5,0.3
calendar_25,calendar,3,0,5,3.0707392796739943,0.9368383203260058,5,0.3
calendar_25,calendar,3,1,5,2.81323731612556,1.1943402838744406,5,0.3
calendar_25,calendar,3,2,5,2.8447890310973984,1.1627885689026018,5,0.3
calendar_25,calendar,3,3,5,2.892255216298231,1.115322383701768,5,0.3
calendar_25,calendar,3,4,5,2.924641855659114,1.0829357443408851,5,0.3
calendar_25,calendar,3,5,5,2.9409089588111175,1.066668641188882,5,0.3
calendar_25,calendar,3,6,5,2.927599914721515,1.079977685278486,5,0.3
calendar_25,calendar,3,7,5,2.908279847429033,1.0992977525709662,5,0.3
calendar_25,calendar,3,8,5,2.802271499518015,1.205306100481985,5,0.3
calendar_25,calendar,3,9,5,3.052487451749635,0.9550901482503653,5,0.3
calendar_25,calendar,3,0,6,3.050833612301257,0.9567439876987421,5,0.3
calendar_25,calendar,3,1,6,2.799039328367493,1.2085382716325075,5,0.3
calendar_25,calendar,3,2,6,2.876074594413725,1.1315030055862756,5,0.3
calendar_25,calendar,3,3,6,2.9037520082233432,1.103825591776657,5,0.3
calendar_25,calendar,3,4,6,2.9421017148355424,1.0654758851644592,5,0.3
calendar_25,calendar,3,5,6,2.9644168954676093,1.0431607045323905,5,0.3
calendar_25,calendar,3,6,6,2.8835056540515236,1.1240719459484758,5,0.3
calendar_25,calendar,3,7,6,2.8763235571441657,1.1312540428558335,5,0.3
calendar_25,calendar,3,8,6,2.8318867770384366,1.1756908229615635,5,0.3
calendar_25,calendar,3,9,6,3.0630578362001915,0.9445197637998085,5,0.3
calendar_25,calendar,3,0,7,3.057910283068703,0.9496673169312981,5,0.3
calendar_25,calendar,3,1,7,2.8004565823914978,1.207121017608501,5,0.3
calendar_25,calendar,3,2,7,2.8637094798617495,1.1438681201382521,5,0.3
calendar_25,calendar,3,3,7,2.8594852354717712,1.1480923645282293,5,0.3
calendar_25,calendar,3,4,7,2.888761799347421,1.1188158006525786,5,0.3
calendar_25,calendar,3,5,7,2.909655760691686,1.097921839308314,5,0.3
calendar_25,calendar,3,6,7,2.886204070575815,1.1213735294241858,5,0.3
calendar_25,calendar,3,7,7,2.8963832280112594,1.111194371988741,5,0.3
calendar_25,calendar,3,8,7,2.7769630939021086,1.230614506097892,5,0.3
calendar_25,calendar,3,9,7,3.037355683572869,0.9702219164271323,5,0.3
calendar_25,calendar,3,0,8,2.971694411543916,1.035883188456084,5,0.3
calendar_25,calendar,3,1,8,2.675894782916483,1.3316828170835169,5,0.3
calendar_25,calendar,3,2,8,2.786179446584408,1.2213981534155927,5,0.3
calendar_25,calendar,3,3,8,2.790977450685882,1.2166001493141183,5,0.3
calendar_25,calendar,3,4,8,2.8366718434101204,1.1709057565898797,5,0.3
calendar_25,calendar,3,5,8,2.79342359554544,1.2141540044545605,5,0.3
calendar_25,calendar,3,6,8,2.785645245913145,1.2219323540868547,5,0.3
calendar_25,calendar,3,7,8,2.7452419769871956,1.2623356230128038,5,0.3
calendar_25,calendar,3,8,8,2.6966046215811144,1.3109729784188848,5,0.3
calendar_25,calendar,3,9,8,2.9876362994835683,1.019941300516432,5,0.3
calendar_25,calendar,3,0,9,3.2109820933243483,0.7965955066756515,5,0.3
calendar_25,calendar,3,1,9,2.982957748518434,1.024619851481566,5,0.3
calendar_25,calendar,3,2,9,3.090163421509083,0.9174141784909168,5,0.3
calendar_25,calendar,3,3,9,3.089663323271299,0.9179142767287026,5,0.3
calendar_25,calendar,3,4,9,3.0317522759910247,0.9758253240089749,5,0.3
calendar_25,calendar,3,5,9,3.0582403198787995,0.9493372801211999,5,0.3
calendar_25,calendar,3,6,9,3.0363817648536404,0.9711958351463591,5,0.3
calendar_25,calendar,3,7,9,3.0104431047366043,0.9971344952633965,5,0.3
calendar_25,calendar,3,8,9,3.0074814328485457,1.0000961671514523,5,0.3
calendar_25,calendar,3,9,9,3.2621069782556207,0.7454706217443794,5,0.3
calendar_24,calendar,3,0,0,3.225248874151375,0.7823287258486245,5,0.3
calendar_24,calendar,3,1,0,2.9945815066517985,1.012996093348203,5,0.3
calendar_24,calendar,3,2,0,3.0612357398488013,0.9463418601511994,5,0.3
calendar_24,calendar,3,3,0,3.036362944260691,0.9712146557393101,5,0.3
calendar_24,calendar,3,4,0,3.0672930826967737,0.9402845173032272,5,0.3
calendar_24,calendar,3,5,0,3.0366762306993103,0.9709013693006908,5,0.3
calendar_24,calendar,3,6,0,3.070240825982603,0.9373367740173982,5,0.3
calendar_24,calendar,3,7,0,3.084052963255621,0.9235246367443793,5,0.3
calendar_24,calendar,3,8,0,2.9836556224875843,1.0239219775124153,5,0.3
calendar_24,calendar,3,9,0,3.209714091766462,0.7978635082335381,5,0.3
calendar_24,calendar,3,0,1,3.012758258579035,0.9948193414209636,5,0.3
calendar_24,calendar,3,1,1,2.704521673441422,1.303055926558578,5,0.3
calendar_24,calendar,3,2,1,2.7849871851446353,1.2225904148553641,5,0.3
calendar_24,calendar,3,3,1,2.8059928435664925,1.201584756433507,5,0.3
calendar_24,calendar,3,4,1,2.7740864461624994,1.2334911538375009,5,0.3
calendar_24,calendar,3,5,1,2.8003462919161843,1.207231308083817,5,0.3
calendar_24,calendar,3,6,1,2.796524741182005,1.2110528588179934,5,0.3
calendar_24,calendar,3,7,1,2.788957930420141,1.218619669579859,5,0.3
calendar_24,calendar,3,8,1,2.7008831499978045,1.3066944500021958,5,0.3
calendar_24,calendar,3,9,1,2.976567726334271,1.0310098736657292,5,0.3
calendar_24,calendar,3,0,2,3.0835824591371104,0.9239951408628886,5,0.3
calendar_24,calendar,3,1,2,2.7826170454417833,1.2249605545582174,5,0.3
calendar_24,calendar,3,2,2,2.903453090059305,1.1041245099406956,5,0.3
calendar_24,calendar,3,3,2,2.911844177902886,1.095733422097114,5,0.3
calendar_24,calendar,3,4,2,2.9359433317485757,1.071634268251425,5,0.3
calendar_24,calendar,3,5,2,2.8667631529957776,1.1408144470042223,5,0.3
calendar_24,calendar,3,6,2,2.8832830892282746,1.1242945107717257,5,0.3
calendar_24,calendar,3,7,2,2.878574491880061,1.1290031081199385,5,0.3
calendar_24,calendar,3,8,2,2.776963474729637,1.2306141252703626,5,0.3
calendar_24,calendar,3,9,2,3.023856507897147,0.9837210921028527,5,0.3
calendar_24,calendar,3,0,3,3.1399607539639125,0.8676168460360874,5,0.3
calendar_24,calendar,3,1,3,2.879703918499875,1.1278736815001247,5,0.3
calendar_24,calendar,3,2,3,2.945342961835759,1.0622346381642418,5,0.3
calendar_24,calendar,3,3,3,2.9529716264324044,1.0546059735675966,5,0.3
calendar_24,calendar,3,4,3,2.9269824361215036,1.080595163878496,5,0.3
calendar_24,calendar,3,5,3,2.8937807696671096,1.1137968303328893,5,0.3
calendar_24,calendar,3,6,3,2.9399035084948117,1.067674091505188,5,0.3
calendar_24,calendar,3,7,3,2.8794368053254504,1.1281407946745492,5,0.3
calendar_24,calendar,3,8,3,2.7943405305381175,1.2132370694618824,5,0.3
calendar_24,calendar,3,9,3,3.0703832534468702,0.93719434655313,5,0.3
calendar_24,calendar,3,0,4,3.0964948965365555,0.9110827034634441,5,0.3
calendar_24,calendar,3,1,4,2.8301080014033007,1.177469598596699,5,0.3
calendar_24,calendar,3,2,4,2.9770007685996354,1.0305768314003652,5,0.3
calendar_24,calendar,3,3,4,2.9367795644663084,1.0707980355336908,5,0.3
calendar_24,calendar,3,4,4,2.9495482651012814,1.0580293348987189,5,0.3
calendar_24,calendar,3,5,4,2.941565685107778,1.066011914892222,5,0.3
calendar_24,calendar,3,6,4,2.9295600286323027,1.078017571367696,5,0.3
calendar_24,calendar,3,7,4,2.8986180170962776,1.108959582903723,5,0.3
calendar_24,calendar,3,8,4,2.7944847556290244,1.2130928443709759,5,0.3
calendar_24,calendar,3,9,4,3.073861589934854,0.9337160100651448,5,0.3
calendar_24,calendar,3,0,5,3.087128934989515,0.9204486650104852,5,0.3
calendar_24,calendar,3,1,5,2.830416163882408,1.1771614361175926,5,0.3
calendar_24,calendar,3,2,5,2.9010170896121146,1.106560510387885,5,0.3
calendar_24,calendar,3,3,5,2.902685853118845,1.1048917468811552,5,0.3
calendar_24,calendar,3,4,5,2.9366180374531634,1.0709595625468356,5,0.3
calendar_24,calendar,3,5,5,2.9148159747311877,1.0927616252688126,5,0.3
calendar_24,calendar,3,6,5,2.9329302808711963,1.0746473191288035,5,0.3
calendar_24,calendar,3,7,5,2.9267079370070124,1.0808696629929866,5,0.3
calendar_24,calendar,3,8,5,2.747578627147262,1.2599989728527383,5,0.3
calendar_24,calendar,3,9,5,3.0471820120989284,0.9603955879010713,5,0.3
calendar_24,calendar,3,0,6,3.125579877638378,0.8819977223616229,5,0.3
calendar_24,calendar,3,1,6,2.8416906084681575,1.1658869915318426,5,0.3
calendar_24,calendar,3,2,6,2.894895023973819,1.1126825760261798,5,0.3
calendar_24,calendar,3,3,6,2.9434521749468634,1.0641254250531365,5,0.3
calendar_24,calendar,3,4,6,2.9278333319873675,1.079744268012634,5,0.3
calendar_24,calendar,3,5,6,2.971478852812594,1.0360987471874068,5,0.3
calendar_24,calendar,3,6,6,2.900034833687555,1.1075427663124446,5,0.3
calendar_24,calendar,3,7,6,2.88987348486163,1.1177041151383702,5,0.3
calendar_24,calendar,3,8,6,2.760065685770736,1.2475119142292639,5,0.3
calendar_24,calendar,3,9,6,3.032327707696207,0.9752498923037938,5,0.3
calendar_24,calendar,3,0,7,3.108582965868132,0.8989946341318686,5,0.3
calendar_24,calendar,3,1,7,2.823321028984459,1.184256571015542,5,0.3
calendar_24,calendar,3,2,7,2.8504546826158257,1.157122917384175,5,0.3
calendar_24,calendar,3,3,7,2.8682395690047806,1.1393380309952186,5,0.3
calendar_24,calendar,3,4,7,2.9493982987186325,1.0581793012813676,5,0.3
calendar_24,calendar,3,5,7,2.938084813359303,1.0694927866406956,5,0.3
calendar_24,calendar,3,6,7,2.9102800109695615,1.0972975890304377,5,0.3
calendar_24,calendar,3,7,7,2.8796404781016514,1.1279371218983483,5,0.3
calendar_24,calendar,3,8,7,2.7678693638456644,1.239708236154335,5,0.3
calendar_24,calendar,3,9,7,3.0715789013440364,0.9359986986559641,5,0.3
calendar_24,calendar,3,0,8,2.9800553822273814,1.0275222177726193,5,0.3
calendar_24,calendar,3,1,8,2.68321452784936,1.3243630721506388,5,0.3
calendar_24,calendar,3,2,8,2.7733327697608985,1.234244830239102,5,0.3
calendar_24,calendar,3,3,8,2.840102460073518,1.1674751399264829,5,0.3
calendar_24,calendar,3,4,8,2.8399908991262794,1.1675867008737204,5,0.3
calendar_24,calendar,3,5,8,2.863616584166262,1.1439610158337385,5,0.3
calendar_24,calendar,3,6,8,2.85982629857921,1.1477513014207912,5,0.3
calendar_24,calendar,3,7,8,2.817918955592898,1.1896586444071031,5,0.3
calendar_24,calendar,3,8,8,2.717452692478361,1.2901249075216408,5,0.3
calendar_24,calendar,3,9,8,2.9643284280276614,1.043249171972339,5,0.3
calendar_24,calendar,3,0,9,3.2332179860111454,0.7743596139888554,5,0.3
calendar_24,calendar,3,1,9,2.976282927978861,1.0312946720211396,5,0.3
calendar_24,calendar,3,2,9,3.09152033088519,0.9160572691148098,5,0.3
calendar_24,calendar,3,3,9,3.107454196570826,0.9001234034291745,5,0.3
calendar_24,calendar,3,4,9,3.114513326432351,0.8930642735676478,5,0.3
calendar_24,calendar,3,5,9,3.123369469500582,0.8842081304994177,5,0.3
calendar_24,calendar,3,6,9,3.0902541274893145,0.9173234725106862,5,0.3
calendar_24,calendar,3,7,9,3.069446765681746,0.938130834318254,5,0.3
calendar_24,calendar,3,8,9,3.0152800396618087,0.9922975603381925,5,0.3
calendar_24,calendar,3,9,9,3.245165311815682,0.7624122881843188,5,0.3
calendar_23,calendar,3,0,0,3.24109874682757,0.7664788531724299,5,0.3
calendar_23,calendar,3,1,0,3.01213111391068,0.9954464860893186,5,0.3
calendar_23,calendar,3,2,0,3.0848446971684957,0.9227329028315049,5,0.3
calendar_23,calendar,3,3,0,3.1076038793849396,0.8999737206150603,5,0.3
calendar_23,calendar,3,4,0,3.0910975616052028,0.9164800383947984,5,0.3
calendar_23,calendar,3,5,0,3.07543329448492,0.9321443055150804,5,0.3
calendar_23,calendar,3,6,0,3.0990762752645344,0.9085013247354665,5,0.3
calendar_23,calendar,3,7,0,3.0690978971746,0.9384797028253997,5,0.3
calendar_23,calendar,3,8,0,2.9863164109710714,1.021261189028929,5,0.3
calendar_23,calendar,3,9,0,3.2562026419811763,0.7513749580188229,5,0.3
calendar_23,calendar,3,0,1,2.959355335567293,1.0482222644327057,5,0.3
calendar_23,calendar,3,1,1,2.705466642064216,1.3021109579357844,5,0.3
calendar_23,calendar,3,2,1,2.8019469288430985,1.205630671156902,5,0.3
calendar_23,calendar,3,3,1,2.8362747782348268,1.1713028217651746,5,0.3
calendar_23,calendar,3,4,1,2.809946245195432,1.197631354804568,5,0.3
calendar_23,calendar,3,5,1,2.787083955854198,1.2204936441458016,5,0.3
calendar_23,calendar,3,6,1,2.7908911429952714,1.2166864570047293,5,0.3
calendar_23,calendar,3,7,1,2.794935501505355,1.2126420984946453,5,0.3
calendar_23,calendar,3,8,1,2.7126108965263116,1.2949667034736883,5,0.3
calendar_23,calendar,3,9,1,3.0113309547153926,0.9962466452846074,5,0.3
calendar_23,calendar,3,0,2,3.0213566857695624,0.9862209142304366,5,0.3
calendar_23,calendar,3,1,2,2.7579378774306065,1.2496397225693938,5,0.3
calendar_23,calendar,3,2,2,2.8726023207945195,1.1349752792054804,5,0.3
calendar_23,calendar,3,3,2,2.91588742849901,1.0916901715009901,5,0.3
calendar_23,calendar,3,4,2,2.8783693638590724,1.129208236140926,5,0.3
calendar_23,calendar,3,5,2,2.874966516897117,1.1326110831028822,5,0.3
calendar_23,calendar,3,6,2,2.8545991805743056,1.1529784194256947,5,0.3
calendar_23,calendar,3,7,2,2.9009909105999707,1.1065866894000302,5,0.3
calendar_23,calendar,3,8,2,2.8104716633457874,1.1971059366542132,5,0.3
calendar_23,calendar,3,9,2,3.076931801856218,0.9306457981437828,5,0.3
calendar_23,calendar,3,0,3,3.0476398681062427,0.9599377318937574,5,0.3
calendar_23,calendar,3,1,3,2.75448710155468,1.2530904984453202,5,0.3
calendar_23,calendar,3,2,3,2.8499550358174033,1.1576225641825975,5,0.3
calendar_23,calendar,3,3,3,2.898396999858597,1.1091806001414022,5,0.3
calendar_23,calendar,3,4,3,2.91228707989854,1.0952905201014609,5,0.3
calendar_23,calendar,3,5,3,2.9498568897280593,1.0577207102719417,5,0.3
calendar_23,calendar,3,6,3,2.9033196915050157,1.104257908494986,5,0.3
calendar_23,calendar,3,7,3,2.88007935886133,1.1274982411386683,5,0.3
calendar_23,calendar,3,8,3,2.8642012299552095,1.1433763700447894,5,0.3
calendar_23,calendar,3,9,3,3.052955948236272,0.954621651763727,5,0.3
calendar_23,calendar,3,0,4,3.084183767452749,0.9233938325472516,5,0.3
calendar_23,calendar,3,1,4,2.8604452430895906,1.147132356910409,5,0.3
calendar_23,calendar,3,2,4,2.859124838916772,1.1484527610832287,5,0.3
calendar_23,calendar,3,3,4,2.860949024493091,1.14662857550691,5,0.3
calendar_23,calendar,3,4,4,2.9485745846384335,1.0590030153615666,5,0.3
calendar_23,calendar,3,5,4,2.948238849132981,1.0593387508670185,5,0.3
calendar_23,calendar,3,6,4,2.9841304496134455,1.0234471503865548,5,0.3
calendar_23,calendar,3,7,4,2.9724822924394965,1.0350953075605032,5,0.3
calendar_23,calendar,3,8,4,2.7896963489072535,1.2178812510927466,5,0.3
calendar_23,calendar,3,9,4,3.103734180865024,0.9038434191349756,5,0.3
calendar_23,calendar,3,0,5,3.1028364898805787,0.9047411101194227,5,0.3
calendar_23,calendar,3,1,5,2.876396843590218,1.1311807564097818,5,0.3
calendar_23,calendar,3,2,5,2.9113068793581083,1.0962707206418907,5,0.3
calendar_23,calendar,3,3,5,2.8787425915489258,1.1288350084510737,5,0.3
calendar_23,calendar,3,4,5,2.9489713470042993,1.0586062529956999,5,0.3
calendar_23,calendar,3,5,5,3.003382843352491,1.0041947566475085,5,0.3
calendar_23,calendar,3,6,5,2.928635903789328,1.0789416962106726,5,0.3
calendar_23,calendar,3,7,5,2.8854522166206347,1.1221253833793652,5,0.3
calendar_23,calendar,3,8,5,2.793796725194164,1.2137808748058359,5,0.3
calendar_23,calendar,3,9,5,3.07594429078547,0.9316333092145291,5,0.3
calendar_23,calendar,3,0,6,3.054431732413511,0.9531458675864901,5,0.3
calendar_23,calendar,3,1,6,2.7644561317587413,1.2431214682412581,5,0.3
calendar_23,calendar,3,2,6,2.8844256601727203,1.1231519398272793,5,0.3
calendar_23,calendar,3,3,6,2.939325379240235,1.0682522207597651,5,0.3
calendar_23,calendar,3,4,6,2.987750163406097,1.0198274365939026,5,0.3
calendar_23,calendar,3,5,6,2.981460258688592,1.0261173413114062,5,0.3
calendar_23,calendar,3,6,6,2.986552035402176,1.021025564597824,5,0.3
calendar_23,calendar,3,7,6,2.888818595828972,1.1187590041710267,5,0.3
calendar_23,calendar,3,8,6,2.7778988758184666,1.2296787241815346,5,0.3
calendar_23,calendar,3,9,6,3.0889205399034876,0.9186570600965123,5,0.3
calendar_23,calendar,3,0,7,3.0420764408308476,0.965501159169153,5,0.3
calendar_23,calendar,3,1,7,2.7103063750952856,1.2972712249047158,5,0.3
calendar_23,calendar,3,2,7,2.8261334763795545,1.1814441236204454,5,0.3
calendar_23,calendar,3,3,7,2.9579547479357093,1.0496228520642925,5,0.3
calendar_23,calendar,3,4,7,2.9522148765683967,1.0553627234316025,5,0.3
calendar_23,calendar,3,5,7,2.9110249651875204,1.0965526348124808,5,0.3
calendar_23,calendar,3,6,7,2.899012059778226,1.108565540221774,5,0.3
calendar_23,calendar,3,7,7,2.866075220388976,1.141502379611025,5,0.3
calendar_23,calendar,3,8,7,2.8033045216282915,1.2042730783717082,5,0.3
calendar_23,calendar,3,9,7,3.0564452537588296,0.9511323462411712,5,0.3
calendar_23,calendar,3,0,8,2.961143024950537,1.0464345750494635,5,0.3
calendar_23,calendar,3,1,8,2.6822780882625588,1.3252995117374409,5,0.3
calendar_23,calendar,3,2,8,2.7451308794950036,1.2624467205049963,5,0.3
calendar_23,calendar,3,3,8,2.811793661669136,1.195783938330864,5,0.3
calendar_23,calendar,3,4,8,2.8620779499061433,1.1454996500938566,5,0.3
calendar_23,calendar,3,5,8,2.8302006466437586,1.177376953356241,5,0.3
calendar_23,calendar,3,6,8,2.7764116879245337,1.231165912075466,5,0.3
calendar_23,calendar,3,7,8,2.7127452639248237,1.2948323360751766,5,0.3
calendar_23,calendar,3,8,8,2.7176899467371705,1.2898876532628303,5,0.3
calendar_23,calendar,3,9,8,2.9543168940498497,1.0532607059501493,5,0.3
calendar_23,calendar,3,0,9,3.2466358657500223,0.7609417342499787,5,0.3
calendar_23,calendar,3,1,9,2.9674644055401114,1.0401131944598894,5,0.3
calendar_23,calendar,3,2,9,3.0661255949926023,0.941452005007398,5,0.3
calendar_23,calendar,3,3,9,3.066135313343494,0.9414422866565062,5,0.3
calendar_23,calendar,3,4,9,3.038276789611375,0.9693008103886247,5,0.3
calendar_23,calendar,3,5,9,3.0425392230307557,0.9650383769692447,5,0.3
calendar_23,calendar,3,6,9,3.04670405010338,0.9608735498966189,5,0.3
calendar_23,calendar,3,7,9,3.0171002819021533,0.990477318097847,5,0.3
calendar_23,calendar,3,8,9,2.988372275622509,1.0192053243774926,5,0.3
calendar_23,calendar,3,9,9,3.2092457519120963,0.7983318480879044,5,0.3
calendar_28,calendar,1,0,0,3.3413528328257054,0.6662247671742947,5,0.1
calendar_28,calendar,1,1,0,3.212609705213465,0.7949678947865355,5,0.1
calendar_28,calendar,1,2,0,3.24397740795516,0.7636001920448416,5,0.1
calendar_28,calendar,1,3,0,3.275748106577223,0.7318294934227773,5,0.1
calendar_28,calendar,1,4,0,3.273124803404965,0.7344527965950356,5,0.1
calendar_28,calendar,1,5,0,3.2709038471471117,0.7366737528528893,5,0.1
calendar_28,calendar,1,6,0,3.245621342561206,0.7619562574387934,5,0.1
calendar_28,calendar,1,7,0,3.2600878529989465,0.7474897470010524,5,0.1
calendar_28,calendar,1,8,0,3.2434544176274414,0.7641231823725575,5,0.1
calendar_28,calendar,1,9,0,3.3314946536028436,0.6760829463971565,5,0.1
calendar_28,calendar,1,0,1,3.292873420007527,0.7147041799924724,5,0.1
calendar_28,calendar,1,1,1,3.009382553842645,0.998195046157356,5,0.1
calendar_28,calendar,1,2,1,3.067546224415478,0.9400313755845234,5,0.1
calendar_28,calendar,1,3,1,3.03521212268978,0.9723654773102205,5,0.1
calendar_28,calendar,1,4,1,3.051381363242849,0.956196236757152,5,0.1
calendar_28,calendar,1,5,1,3.077452820688096,0.9301247793119053,5,0.1
calendar_28,calendar,1,6,1,3.0650297862774045,0.9425478137225942,5,0.1
calendar_28,calendar,1,7,1,3.065019093187398,0.9425585068126008,5,0.1
calendar_28,calendar,1,8,1,2.9918039713529914,1.015773628647009,5,0.1
calendar_28,calendar,1,9,1,3.2018018774251864,0.8057757225748127,5,0.1
calendar_28,calendar,1,0,2,3.312079776966005,0.6954978230339952,5,0.1
calendar_28,calendar,1,1,2,3.091904960623767,0.9156726393762322,5,0.1
calendar_28,calendar,1,2,2,3.140363061444748,0.8672145385552517,5,0.1
calendar_28,calendar,1,3,2,3.1555133217270996,0.8520642782728998,5,0.1
calendar_28,calendar,1,4,2,3.140685657832506,0.8668919421674945,5,0.1
calendar_28,calendar,1,5,2,3.1525950640053884,0.8549825359946125,5,0.1
calendar_28,calendar,1,6,2,3.1614901157896718,0.8460874842103264,5,0.1
calendar_28,calendar,1,7,2,3.158487667572385,0.8490899324276154,5,0.1
calendar_28,calendar,1,8,2,3.0493644008573995,0.9582131991426006,5,0.1
calendar_28,calendar,1,9,2,3.243520611608493,0.7640569883915067,5,0.1
calendar_28,calendar,1,0,3,3.2802752179220342,0.7273023820779666,5,0.1
calendar_28,calendar,1,1,3,3.1052778901406546,0.902299709859346,5,0.1
calendar_28,calendar,1,2,3,3.1690160782017656,0.8385615217982343,5,0.1
calendar_28,calendar,1,3,3,3.138418545078385,0.8691590549216152,5,0.1
calendar_28,calendar,1,4,3,3.149682729703912,0.8578948702960878,5,0.1
calendar_28,calendar,1,5,3,3.1658055311725226,0.8417720688274775,5,0.1
calendar_28,calendar,1,6,3,3.172466593229773,0.8351110067702275,5,0.1
calendar_28,calendar,1,7,3,3.153464677902398,0.854112922097603,5,0.1
calendar_28,calendar,1,8,3,3.081654592586885,0.925923007413114,5,0.1
calendar_28,calendar,1,9,3,3.282935053677789,0.7246425463222123,5,0.1
calendar_28,calendar,1,0,4,3.302092793898128,0.7054848061018707,5,0.1
calendar_28,calendar,1,1,4,3.107743353134079,0.8998342468659203,5,0.1
calendar_28,calendar,1,2,4,3.1447108609654952,0.8628667390345052,5,0.1
calendar_28,calendar,1,3,4,3.144980855123748,0.8625967448762518,5,0.1
calendar_28,calendar,1,4,4,3.209498617811896,0.7980789821881048,5,0.1
calendar_28,calendar,1,5,4,3.1802267754871587,0.8273508245128411,5,0.1
calendar_28,calendar,1,6,4,3.1584494859982875,0.8491281140017125,5,0.1
calendar_28,calendar,1,7,4,3.1589678292987133,0.8486097707012877,5,0.1
calendar_28,calendar,1,8,4,3.0782394073705728,0.9293381926294276,5,0.1
calendar_28,calendar,1,9,4,3.2612999259179,0.7462776740820998,5,0.1
calendar_28,calendar,1,0,5,3.282604355562423,0.7249732444375768,5,0.1
calendar_28,calendar,1,1,5,3.106613217489056,0.900964382510942,5,0.1
calendar_28,calendar,1,2,5,3.1177285717998275,0.8898490282001719,5,0.1
calendar_28,calendar,1,3,5,3.1954157931337157,0.8121618068662837,5,0.1
calendar_28,calendar,1,4,5,3.2050791828085567,0.8024984171914448,5,0.1
calendar_28,calendar,1,5,5,3.169492877193761,0.8380847228062385,5,0.1
calendar_28,calendar,1,6,5,3.1766899180060015,0.8308876819939974,5,0.1
calendar_28,calendar,1,7,5,3.173133233661667,0.8344443663383351,5,0.1
calendar_28,calendar,1,8,5,3.0616602194111255,0.9459173805888752,5,0.1
calendar_28,calendar,1,9,5,3.27906637646128,0.7285112235387203,5,0.1
calendar_28,calendar,1,0,6,3.309774133752341,0.6978034662476601,5,0.1
calendar_28,calendar,1,1,6,3.130616726083462,0.8769608739165389,5,0.1
calendar_28,calendar,1,2,6,3.1704954633272933,0.8370821366727076,5,0.1
calendar_28,calendar,1,3,6,3.160295744908861,0.8472818550911392,5,0.1
calendar_28,calendar,1,4,6,3.201095003448632,0.8064825965513681,5,0.1
calendar_28,calendar,1,5,6,3.192441461389733,0.8151361386102685,5,0.1
calendar_28,calendar,1,6,6,3.142571172581329,0.8650064274186718,5,0.1
calendar_28,calendar,1,7,6,3.1391660720741137,0.8684115279258872,5,0.1
calendar_28,calendar,1,8,6,3.1094124975357245,0.8981651024642747,5,0.1
calendar_28,calendar,1,9,6,3.260311625237232,0.7472659747627692,5,0.1
calendar_28,calendar,1,0,7,3.3012903251200356,0.7062872748799637,5,0.1
calendar_28,calendar,1,1,7,3.1522842439182397,0.8552933560817593,5,0.1
calendar_28,calendar,1,2,7,3.1377914469717645,0.8697861530282357,5,0.1
calendar_28,calendar,1,3,7,3.161915609827492,0.8456619901725082,5,0.1
calendar_28,calendar,1,4,7,3.1551435777868835,0.8524340222131148,5,0.1
calendar_28,calendar,1,5,7,3.1836954770012627,0.8238821229987369,5,0.1
calendar_28,calendar,1,6,7,3.144759428446091,0.8628181715539083,5,0.1
calendar_28,calendar,1,7,7,3.1018329146420127,0.9057446853579877,5,0.1
calendar_28,calendar,1,8,7,3.0594542592072327,0.9481233407927663,5,0.1
calendar_28,calendar,1,9,7,3.2820012422684317,0.7255763577315694,5,0.1
calendar_28,calendar,1,0,8,3.2095813164084444,0.797996283591556,5,0.1
calendar_28,calendar,1,1,8,3.029272058287726,0.9783055417122758,5,0.1
calendar_28,calendar,1,2,8,3.1086233406523673,0.8989542593476325,5,0.1
calendar_28,calendar,1,3,8,3.0737900734326855,0.9337875265673156,5,0.1
calendar_28,calendar,1,4,8,3.1347844101896323,0.8727931898103684,5,0.1
calendar_28,calendar,1,5,8,3.1365255407795214,0.8710520592204783,5,0.1
calendar_28,calendar,1,6,8,3.089672538093875,0.9179050619061271,5,0.1
calendar_28,calendar,1,7,8,3.084647967932283,0.9229296320677163,5,0.1
calendar_28,calendar,1,8,8,2.995250382209241,1.01232721779076,5,0.1
calendar_28,calendar,1,9,8,3.1765718993251766,0.8310057006748248,5,0.1
calendar_28,calendar,1,0,9,3.3616788765926384,0.6458987234073611,5,0.1
calendar_28,calendar,1,1,9,3.2434046536101886,0.7641729463898114,5,0.1
calendar_28,calendar,1,2,9,3.229533552284488,0.7780440477155112,5,0.1
calendar_28,calendar,1,3,9,3.238096258252732,0.769481341747268,5,0.1
calendar_28,calendar,1,4,9,3.2782530333989004,0.7293245666010993,5,0.1
calendar_28,calendar,1,5,9,3.343016188919674,0.6645614110803257,5,0.1
calendar_28,calendar,1,6,9,3.3166878404698554,0.690889759530146,5,0.1
calendar_28,calendar,1,7,9,3.2393552153063236,0.7682223846936772,5,0.1
calendar_28,calendar,1,8,9,3.1735103342855386,0.8340672657144625,5,0.1
calendar_28,calendar,1,9,9,3.3282844093979276,0.679293190602073,5,0.1
calendar_27,calendar,1,0,0,3.3430912316966177,0.6644863683033824,5,0.1
calendar_27,calendar,1,1,0,3.212528356633424,0.7950492433665746,5,0.1
calendar_27,calendar,1,2,0,3.254261407061398,0.7533161929386013,5,0.1
calendar_27,calendar,1,3,0,3.2381727285777253,0.7694048714222749,5,0.1
calendar_27,calendar,1,4,0,3.276642789095985,0.7309348109040166,5,0.1
calendar_27,calendar,1,5,0,3.288832858661599,0.7187447413384004,5,0.1
calendar_27,calendar,1,6,0,3.256860723201648,0.750716876798352,5,0.1
calendar_27,calendar,1,7,0,3.259964726480604,0.7476128735193962,5,0.1
calendar_27,calendar,1,8,0,3.2307328196593055,0.7768447803406943,5,0.1
calendar_27,calendar,1,9,0,3.3939685549069663,0.613609045093034,5,0.1
calendar_27,calendar,1,0,1,3.207038916277994,0.8005386837220055,5,0.1
calendar_27,calendar,1,1,1,3.0461580455791295,0.9614195544208702,5,0.1
calendar_27,calendar,1,2,1,3.081557782079696,0.9260198179203037,5,0.1
calendar_27,calendar,1,3,1,3.081972072302313,0.9256055276976877,5,0.1
calendar_27,calendar,1,4,1,3.0602465268278163,0.947331073172184,5,0.1
calendar_27,calendar,1,5,1,3.1167090618726996,0.8908685381273007,5,0.1
calendar_27,calendar,1,6,1,3.1009637861454413,0.9066138138545599,5,0.1
calendar_27,calendar,1,7,1,3.0534416986149284,0.9541359013850712,5,0.1
calendar_27,calendar,1,8,1,3.0483829984043327,0.9591946015956674,5,0.1
calendar_27,calendar,1,9,1,3.233034274714453,0.7745433252855467,5,0.1
calendar_27,calendar,1,0,2,3.3069765815494434,0.7006010184505571,5,0.1
calendar_27,calendar,1,1,2,3.0871475656062204,0.9204300343937787,5,0.1
calendar_27,calendar,1,2,2,3.1333533640369877,0.8742242359630109,5,0.1
calendar_27,calendar,1,3,2,3.180154813299596,0.8274227867004047,5,0.1
calendar_27,calendar,1,4,2,3.1588517950094532,0.8487258049905474,5,0.1
calendar_27,calendar,1,5,2,3.1427115983947256,0.8648660016052749,5,0.1
calendar_27,calendar,1,6,2,3.0919860511581003,0.9155915488418986,5,0.1
calendar_27,calendar,1,7,2,3.1170574302101786,0.8905201697898207,5,0.1
calendar_27,calendar,1,8,2,3.065352040580361,0.9422255594196389,5,0.1
calendar_27,calendar,1,9,2,3.3030067775659075,0.7045708224340915,5,0.1
calendar_27,calendar,1,0,3,3.2722364889896802,0.7353411110103197,5,0.1
calendar_27,calendar,1,1,3,3.080791511432742,0.9267860885672572,5,0.1
calendar_27,calendar,1,2,3,3.2126544630932607,0.7949231369067404,5,0.1
calendar_27,calendar,1,3,3,3.1867910149978043,0.8207865850021968,5,0.1
calendar_27,calendar,1,4,3,3.206641836284616,0.8009357637153847,5,0.1
calendar_27,calendar,1,5,3,3.1793460064148946,0.8282315935851063,5,0.1
calendar_27,calendar,1,6,3,3.1338725796339286,0.8737050203660721,5,0.1
calendar_27,calendar,1,7,3,3.117440239406502,0.8901373605934987,5,0.1
calendar_27,calendar,1,8,3,3.0793877995007213,0.9281898004992791,5,0.1
calendar_27,calendar,1,9,3,3.2412497956591686,0.7663278043408319,5,0.1
calendar_27,calendar,1,0,4,3.2686585205156655,0.7389190794843336,5,0.1
calendar_27,calendar,1,1,4,3.0860078672168503,0.9215697327831508,5,0.1
calendar_27,calendar,1,2,4,3.1720722271224515,0.8355053728775486,5,0.1
calendar_27,calendar,1,3,4,3.212074819121882,0.7955027808781185,5,0.1
calendar_27,calendar,1,4,4,3.2179610979928253,0.7896165020071745,5,0.1
calendar_27,calendar,1,5,4,3.2003661181851393,0.8072114818148614,5,0.1
calendar_27,calendar,1,6,4,3.1337126725103173,0.8738649274896831,5,0.1
calendar_27,calendar,1,7,4,3.104364099209494,0.9032135007905069,5,0.1
calendar_27,calendar,1,8,4,3.0469029422939764,0.9606746577060239,5,0.1
calendar_27,calendar,1,9,4,3.253846540024941,0.7537310599750596,5,0.1
calendar_27,calendar,1,0,5,3.2198545089761943,0.7877230910238059,5,0.1
calendar_27,calendar,1,1,5,3.085894962076975,0.921682637923027,5,0.1
calendar_27,calendar,1,2,5,3.1889994387717078,0.8185781612282926,5,0.1
calendar_27,calendar,1,3,5,3.227604923716578,0.7799726762834222,5,0.1
calendar_27,calendar,1,4,5,3.2059186673029543,0.801658932697045,5,0.1
calendar_27,calendar,1,5,5,3.20466862308607,0.8029089769139285,5,0.1
calendar_27,calendar,1,6,5,3.1713967185208976,0.8361808814791026,5,0.1
calendar_27,calendar,1,7,5,3.109989635554291,0.8975879644457078,5,0.1
calendar_27,calendar,1,8,5,3.0579815596910938,0.9495960403089067,5,0.1
calendar_27,calendar,1,9,5,3.2199785402565984,0.7875990597434024,5,0.1
calendar_27,calendar,1,0,6,3.2502552670281446,0.7573223329718556,5,0.1
calendar_27,calendar,1,1,6,3.051424928341822,0.956152671658178,5,0.1
calendar_27,calendar,1,2,6,3.1458358255826817,0.8617417744173176,5,0.1
calendar_27,calendar,1,3,6,3.1805468199065343,0.8270307800934674,5,0.1
calendar_27,calendar,1,4,6,3.200839404267954,0.8067381957320474,5,0.1
calendar_27,calendar,1,5,6,3.1828319555529316,0.8247456444470698,5,0.1
calendar_27,calendar,1,6,6,3.1122451988205904,0.8953324011794099,5,0.1
calendar_27,calendar,1,7,6,3.137491288855002,0.8700863111449972,5,0.1
calendar_27,calendar,1,8,6,3.0719698404782374,0.935607759521763,5,0.1
calendar_27,calendar,1,9,6,3.267070354206686,0.7405072457933143,5,0.1
calendar_27,calendar,1,0,7,3.242546455919557,0.7650311440804433,5,0.1
calendar_27,calendar,1,1,7,3.0620156952945057,0.9455619047054945,5,0.1
calendar_27,calendar,1,2,7,3.1461344218473153,0.8614431781526856,5,0.1
calendar_27,calendar,1,3,7,3.194704537252775,0.8128730627472248,5,0.1
calendar_27,calendar,1,4,7,3.2106453224501483,0.7969322775498512,5,0.1
calendar_27,calendar,1,5,7,3.202659377161102,0.8049182228388994,5,0.1
calendar_27,calendar,1,6,7,3.136640370288704,0.870937229711296,5,0.1
calendar_27,calendar,1,7,7,3.1398526893315624,0.867724910668437,5,0.1
calendar_27,calendar,1,8,7,3.0168050758370972,0.9907725241629025,5,0.1
calendar_27,calendar,1,9,7,3.2672419081952846,0.740335691804715,5,0.1
calendar_27,calendar,1,0,8,3.2055350575458337,0.8020425424541665,5,0.1
calendar_27,calendar,1,1,8,3.0047530156974545,1.0028245843025467,5,0.1
calendar_27,calendar,1,2,8,3.1063675745928983,0.9012100254071017,5,0.1
calendar_27,calendar,1,3,8,3.0970056194744022,0.9105719805255978,5,0.1
calendar_27,calendar,1,4,8,3.0969602403350174,0.9106173596649835,5,0.1
calendar_27,calendar,1,5,8,3.084085921835321,0.9234916781646801,5,0.1
calendar_27,calendar,1,6,8,3.100104947006011,0.9074726529939892,5,0.1
calendar_27,calendar,1,7,8,3.096131074875661,0.9114465251243388,5,0.1
calendar_27,calendar,1,8,8,3.0331394706796266,0.9744381293203731,5,0.1
calendar_27,calendar,1,9,8,3.210733082775186,0.7968445172248145,5,0.1
calendar_27,calendar,1,0,9,3.3503676955532633,0.6572099044467364,5,0.1
calendar_27,calendar,1,1,9,3.1785344523355175,0.829043147664483,5,0.1
calendar_27,calendar,1,2,9,3.22827052816457,0.7793070718354311,5,0.1
calendar_27,calendar,1,3,9,3.280752364143961,0.7268252358560391,5,0.1
calendar_27,calendar,1,4,9,3.2666523298190704,0.7409252701809308,5,0.1
calendar_27,calendar,1,5,9,3.2849325683313193,0.7226450316686805,5,0.1
calendar_27,calendar,1,6,9,3.241049048533028,0.7665285514669717,5,0.1
calendar_27,calendar,1,7,9,3.275945796821593,0.7316318031784078,5,0.1
calendar_27,calendar,1,8,9,3.2154879248606734,0.7920896751393259,5,0.1
calendar_27,calendar,1,9,9,3.3803601549687263,0.627217445031275,5,0.1
calendar_29,calendar,1,0,0,3.3098698309631946,0.6977077690368053,5,0.1
calendar_29,calendar,1,1,0,3.1761587767302495,0.8314188232697527,5,0.1
calendar_29,calendar,1,2,0,3.2803868015386457,0.727190798461355,5,0.1
calendar_29,calendar,1,3,0,3.2330423676627094,0.774535232337291,5,0.1
calendar_29,calendar,1,4,0,3.2525176017436883,0.7550599982563118,5,0.1
calendar_29,calendar,1,5,0,3.286243783247287,0.7213338167527127,5,0.1
calendar_29,calendar,1,6,0,3.3126587990943386,0.694918800905662,5,0.1
calendar_29,calendar,1,7,0,3.33779507032872,0.6697825296712803,5,0.1
calendar_29,calendar,1,8,0,3.1711529500025337,0.8364246499974658,5,0.1
calendar_29,calendar,1,9,0,3.3307778025390475,0.6767997974609539,5,0.1
calendar_29,calendar,1,0,1,3.181102547649833,0.8264750523501677,5,0.1
calendar_29,calendar,1,1,1,2.9421933990338114,1.0653842009661885,5,0.1
calendar_29,calendar,1,2,1,3.046554481421404,0.9610231185785953,5,0.1
calendar_29,calendar,1,3,1,3.073933836569757,0.9336437634302417,5,0.1
calendar_29,calendar,1,4,1,3.1105525361439086,0.8970250638560914,5,0.1
calendar_29,calendar,1,5,1,3.0916336127839954,0.9159439872160051,5,0.1
calendar_29,calendar,1,6,1,3.124270936230719,0.8833066637692801,5,0.1
calendar_29,calendar,1,7,1,3.10585858826235,0.9017190117376508,5,0.1
calendar_29,calendar,1,8,1,2.996179575433676,1.0113980245663237,5,0.1
calendar_29,calendar,1,9,1,3.2024623406704924,0.8051152593295069,5,0.1
calendar_29,calendar,1,0,2,3.2331224833038026,0.7744551166961982,5,0.1
calendar_29,calendar,1,1,2,3.079328791016449,0.9282488089835509,5,0.1
calendar_29,calendar,1,2,2,3.1449462194294306,0.8626313805705687,5,0.1
calendar_29,calendar,1,3,2,3.140351538946803,0.8672260610531966,5,0.1
calendar_29,calendar,1,4,2,3.156032149749283,0.8515454502507165,5,0.1
calendar_29,calendar,1,5,2,3.145892906007753,0.8616846939922461,5,0.1
calendar_29,calendar,1,6,2,3.146429685347132,0.8611479146528681,5,0.1
calendar_29,calendar,1,7,2,3.13629189942778,0.8712857005722205,5,0.1
calendar_29,calendar,1,8,2,3.075927577146921,0.9316500228530791,5,0.1
calendar_29,calendar,1,9,2,3.2610733837993604,0.746504216200639,5,0.1
calendar_29,calendar,1,0,3,3.290082916924748,0.7174946830752521,5,0.1
calendar_29,calendar,1,1,3,3.0996138139961755,0.9079637860038241,5,0.1
calendar_29,calendar,1,2,3,3.1464270424792393,0.8611505575207616,5,0.1
calendar_29,calendar,1,3,3,3.170092831636197,0.8374847683638015,5,0.1
calendar_29,calendar,1,4,3,3.1818877702773496,0.825689829722652,5,0.1
calendar_29,calendar,1,5,3,3.167458765348222,0.8401188346517787,5,0.1
calendar_29,calendar,1,6,3,3.185341084074811,0.8222365159251916,5,0.1
calendar_29,calendar,1,7,3,3.124352040291754,0.8832255597082466,5,0.1
calendar_29,calendar,1,8,3,3.0599639637350635,0.9476136362649369,5,0.1
calendar_29,calendar,1,9,3,3.2422618986024565,0.7653157013975428,5,0.1
calendar_29,calendar,1,0,4,3.3014447758439758,0.7061328241560253,5,0.1
calendar_29,calendar,1,1,4,3.1064340342746206,0.90114356572538,5,0.1
calendar_29,calendar,1,2,4,3.1510475173316532,0.8565300826683466,5,0.1
calendar_29,calendar,1,3,4,3.1761795925041403,0.831398007495859,5,0.1
calendar_29,calendar,1,4,4,3.1315927235456655,0.8759848764543341,5,0.1
calendar_29,calendar,1,5,4,3.1761222061660592,0.8314553938339394,5,0.1
calendar_29,calendar,1,6,4,3.21127040170694,0.7963071982930612,5,0.1
calendar_29,calendar,1,7,4,3.1436121195026483,0.8639654804973523,5,0.1
calendar_29,calendar,1,8,4,3.043544682244585,0.9640329177554154,5,0.1
calendar_29,calendar,1,9,4,3.255576484016202,0.7520011159837985,5,0.1
calendar_29,calendar,1,0,5,3.2835105936275593,0.7240670063724399,5,0.1
calendar_29,calendar,1,1,5,3.099728450143814,0.9078491498561868,5,0.1
calendar_29,calendar,1,2,5,3.1778309797815427,0.8297466202184595,5,0.1
calendar_29,calendar,1,3,5,3.1618727654893695,0.8457048345106309,5,0.1
calendar_29,calendar,1,4,5,3.1489007104687263,0.8586768895312739,5,0.1
calendar_29,calendar,1,5,5,3.1684636296361006,0.8391139703639007,5,0.1
calendar_29,calendar,1,6,5,3.1853172716569977,0.822260328343003,5,0.1
calendar_29,calendar,1,7,5,3.192240196874526,0.8153374031254734,5,0.1
calendar_29,calendar,1,8,5,3.0800211089393206,0.9275564910606793,5,0.1
calendar_29,calendar,1,9,5,3.2799759899838548,0.7276016100161441,5,0.1
calendar_29,calendar,1,0,6,3.270143410877904,0.7374341891220937,5,0.1
calendar_29,calendar,1,1,6,3.1192145768650725,0.8883630231349282,5,0.1
calendar_29,calendar,1,2,6,3.2026821247613952,0.804895475238606,5,0.1
calendar_29,calendar,1,3,6,3.1833826245634214,0.8241949754365782,5,0.1
calendar_29,calendar,1,4,6,3.1108852441376342,0.8966923558623658,5,0.1
calendar_29,calendar,1,5,6,3.168887213420758,0.8386903865792408,5,0.1
calendar_29,calendar,1,6,6,3.178713182837925,0.8288644171620756,5,0.1
calendar_29,calendar,1,7,6,3.10778637036525,0.8997912296347502,5,0.1
calendar_29,calendar,1,8,6,3.085487107884055,0.9220904921159447,5,0.1
calendar_29,calendar,1,9,6,3.2743204084112034,0.733257191588797,5,0.1
calendar_29,calendar,1,0,7,3.272097067901514,0.7354805320984862,5,0.1
calendar_29,calendar,1,1,7,3.067219948183335,0.9403576518166653,5,0.1
calendar_29,calendar,1,2,7,3.164015194655529,0.8435624053444702,5,0.1
calendar_29,calendar,1,3,7,3.1746636253028164,0.8329139746971843,5,0.1
calendar_29,calendar,1,4,7,3.217851184466035,0.789726415533966,5,0.1
calendar_29,calendar,1,5,7,3.1496535149638043,0.8579240850361957,5,0.1
calendar_29,calendar,1,6,7,3.141675957804225,0.8659016421957748,5,0.1
calendar_29,calendar,1,7,7,3.1832127500547442,0.8243648499452555,5,0.1
calendar_29,calendar,1,8,7,3.089562072018554,0.9180155279814471,5,0.1
calendar_29,calendar,1,9,7,3.2758091745855458,0.731768425414455,5,0.1
calendar_29,calendar,1,0,8,3.190085498668539,0.8174921013314602,5,0.1
calendar_29,calendar,1,1,8,2.9897987192692312,1.0177788807307675,5,0.1
calendar_29,calendar,1,2,8,3.111037398393031,0.8965402016069693,5,0.1
calendar_29,calendar,1,3,8,3.1295389738983195,0.8780386261016818,5,0.1
calendar_29,calendar,1,4,8,3.0748419587891216,0.9327356412108777,5,0.1
calendar_29,calendar,1,5,8,3.0565611739971725,0.9510164260028283,5,0.1
calendar_29,calendar,1,6,8,3.1179723262449426,0.8896052737550564,5,0.1
calendar_29,calendar,1,7,8,3.1098099373770838,0.8977676626229163,5,0.1
calendar_29,calendar,1,8,8,3.031822454888698,0.975755145111302,5,0.1
calendar_29,calendar,1,9,8,3.2123696597313725,0.7952079402686276,5,0.1
calendar_29,calendar,1,0,9,3.3555000257746217,0.6520775742253769,5,0.1
calendar_29,calendar,1,1,9,3.1889849746666568,0.8185926253333436,5,0.1
calendar_29,calendar,1,2,9,3.268377891910739,0.7391997080892613,5,0.1
calendar_29,calendar,1,3,9,3.245093988746158,0.7624836112538426,5,0.1
calendar_29,calendar,1,4,9,3.240594033619613,0.7669835663803882,5,0.1
calendar_29,calendar,1,5,9,3.2885545784774237,0.7190230215225774,5,0.1
calendar_29,calendar,1,6,9,3.262683899137054,0.7448937008629445,5,0.1
calendar_29,calendar,1,7,9,3.2343175351270124,0.7732600648729878,5,0.1
calendar_29,calendar,1,8,9,3.233334430974863,0.7742431690251371,5,0.1
calendar_29,calendar,1,9,9,3.38778164705775,0.6197959529422498,5,0.1
calendar_28,calendar,2,0,0,3.342128273791006,0.6654493262089948,5,0.19999999999999998
calendar_28,calendar,2,1,0,3.1225174918414105,0.88506010815859,5,0.19999999999999998
calendar_28,calendar,2,2,0,3.1927380346916774,0.8148395653083241,5,0.19999999999999998
calendar_28,calendar,2,3,0,3.16926680369186,0.8383107963081401,5,0.19999999999999998
calendar_28,calendar,2,4,0,3.1820868604931385,0.8254907395068612,5,0.19999999999999998
calendar_28,calendar,2,5,0,3.1716758475091815,0.835901752490819,5,0.19999999999999998
calendar_28,calendar,2,6,0,3.1698022841553737,0.837775315844626,5,0.19999999999999998
calendar_28,calendar,2,7,0,3.1752132907896273,0.8323643092103731,5,0.19999999999999998
calendar_28,calendar,2,8,0,3.1169148670567695,0.8906627329432304,5,0.19999999999999998
calendar_28,calendar,2,9,0,3.3139047181685477,0.6936728818314519,5,0.19999999999999998
calendar_28,calendar,2,0,1,3.0840566437864965,0.9235209562135023,5,0.19999999999999998
calendar_28,calendar,2,1,1,2.86366075031889,1.14391684968111,5,0.19999999999999998
calendar_28,calendar,2,2,1,2.952656688561494,1.0549209114385056,5,0.19999999999999998
calendar_28,calendar,2,3,1,2.939108842096083,1.0684687579039165,5,0.19999999999999998
calendar_28,calendar,2,4,1,2.99047769190758,1.0170999080924212,5,0.19999999999999998
calendar_28,calendar,2,5,1,2.9765022829735988,1.031075317026401,5,0.19999999999999998
calendar_28,calendar,2,6,1,2.9496897836045766,1.0578878163954226,5,0.19999999999999998
calendar_28,calendar,2,7,1,2.950702620070345,1.0568749799296553,5,0.19999999999999998
calendar_28,calendar,2,8,1,2.864112133437112,1.1434654665628874,5,0.19999999999999998
calendar_28,calendar,2,9,1,3.0967208466006806,0.9108567533993192,5,0.19999999999999998
calendar_28,calendar,2,0,2,3.1714326620505915,0.8361449379494077,5,0.19999999999999998
calendar_28,calendar,2,1,2,2.91752558954029,1.0900520104597105,5,0.19999999999999998
calendar_28,calendar,2,2,2,2.9662090181538985,1.0413685818461014,5,0.19999999999999998
calendar_28,calendar,2,3,2,3.013555057552048,0.9940225424479526,5,0.19999999999999998
calendar_28,calendar,2,4,2,3.022842845871071,0.9847347541289301,5,0.19999999999999998
calendar_28,calendar,2,5,2,3.047771839261646,0.959805760738356,5,0.19999999999999998
calendar_28,calendar,2,6,2,3.0550561227523567,0.9525214772476429,5,0.19999999999999998
calendar_28,calendar,2,7,2,3.0108512083852323,0.9967263916147678,5,0.19999999999999998
calendar_28,calendar,2,8,2,2.993730371643656,1.0138472283563433,5,0.19999999999999998
calendar_28,calendar,2,9,2,3.136999931538119,0.8705776684618816,5,0.19999999999999998
calendar_28,calendar,2,0,3,3.1682519562698435,0.839325643730156,5,0.19999999999999998
calendar_28,calendar,2,1,3,2.9170585553136044,1.0905190446863966,5,0.19999999999999998
calendar_28,calendar,2,2,3,3.0302532656401464,0.977324334359853,5,0.19999999999999998
calendar_28,calendar,2,3,3,3.063108485009552,0.9444691149904483,5,0.19999999999999998
calendar_28,calendar,2,4,3,3.0427679671971903,0.9648096328028087,5,0.19999999999999998
calendar_28,calendar,2,5,3,3.068721042730713,0.9388565572692876,5,0.19999999999999998
calendar_28,calendar,2,6,3,3.0543125408213463,0.953265059178655,5,0.19999999999999998
calendar_28,calendar,2,7,3,3.016538091626929,0.9910395083730716,5,0.19999999999999998
calendar_28,calendar,2,8,3,2.976072053269919,1.031505546730081,5,0.19999999999999998
calendar_28,calendar,2,9,3,3.1857081762332466,0.8218694237667538,5,0.19999999999999998
calendar_28,calendar,2,0,4,3.141365599665316,0.8662120003346848,5,0.19999999999999998
calendar_28,calendar,2,1,4,2.9390814296048164,1.0684961703951845,5,0.19999999999999998
calendar_28,calendar,2,2,4,3.057965571914144,0.9496120280858569,5,0.19999999999999998
calendar_28,calendar,2,3,4,3.0414762864555924,0.9661013135444085,5,0.19999999999999998
calendar_28,calendar,2,4,4,3.060868726246408,0.946708873753592,5,0.19999999999999998
calendar_28,calendar,2,5,4,3.0724992683737513,0.9350783316262473,5,0.19999999999999998
calendar_28,calendar,2,6,4,3.0335482624030607,0.9740293375969405,5,0.19999999999999998
calendar_28,calendar,2,7,4,3.0565588402288233,0.9510187597711791,5,0.19999999999999998
calendar_28,calendar,2,8,4,2.9506774734926364,1.0569001265073639,5,0.19999999999999998
calendar_28,calendar,2,9,4,3.1624691843824495,0.845108415617551,5,0.19999999999999998
calendar_28,calendar,2,0,5,3.1692007649783553,0.8383768350216451,5,0.19999999999999998
calendar_28,calendar,2,1,5,2.9168697463017845,1.0907078536982153,5,0.19999999999999998
calendar_28,calendar,2,2,5,3.039592695991278,0.9679849040087212,5,0.19999999999999998
calendar_28,calendar,2,3,5,3.049721367633034,0.9578562323669649,5,0.19999999999999998
calendar_28,calendar,2,4,5,3.0382157818945856,0.9693618181054143,5,0.19999999999999998
calendar_28,calendar,2,5,5,3.1132267592984117,0.8943508407015882,5,0.19999999999999998
calendar_28,calendar,2,6,5,3.017019402667664,0.9905581973323365,5,0.19999999999999998
calendar_28,calendar,2,7,5,3.032027046743895,0.9755505532561047,5,0.19999999999999998
calendar_28,calendar,2,8,5,2.935997680161817,1.0715799198381821,5,0.19999999999999998
calendar_28,calendar,2,9,5,3.215449614840726,0.7921279851592736,5,0.19999999999999998
calendar_28,calendar,2,0,6,3.124910098272662,0.8826675017273385,5,0.19999999999999998
calendar_28,calendar,2,1,6,2.937985973828725,1.0695916261712741,5,0.19999999999999998
calendar_28,calendar,2,2,6,3.012810614501284,0.9947669854987164,5,0.19999999999999998
calendar_28,calendar,2,3,6,3.0633069518623204,0.9442706481376782,5,0.19999999999999998
calendar_28,calendar,2,4,6,3.0787662608320234,0.9288113391679766,5,0.19999999999999998
calendar_28,calendar,2,5,6,3.0646450986413982,0.942932501358602,5,0.19999999999999998
calendar_28,calendar,2,6,6,3.038157907779539,0.9694196922204609,5,0.19999999999999998
calendar_28,calendar,2,7,6,3.027311939150106,0.9802656608498925,5,0.19999999999999998
calendar_28,calendar,2,8,6,2.9677323976764947,1.0398452023235063,5,0.19999999999999998
calendar_28,calendar,2,9,6,3.1974625639124725,0.8101150360875284,5,0.19999999999999998
calendar_28,calendar,2,0,7,3.130396390078896,0.877181209921104,5,0.19999999999999998
calendar_28,calendar,2,1,7,2.882685672647501,1.1248919273524989,5,0.19999999999999998
calendar_28,calendar,2,2,7,2.954399001263381,1.0531785987366198,5,0.19999999999999998
calendar_28,calendar,2,3,7,3.0514702587991955,0.9561073412008035,5,0.19999999999999998
calendar_28,calendar,2,4,7,3.0637911805980726,0.9437864194019282,5,0.19999999999999998
calendar_28,calendar,2,5,7,3.0719373752663333,0.9356402247336668,5,0.19999999999999998
calendar_28,calendar,2,6,7,3.034803285363257,0.9727743146367435,5,0.19999999999999998
calendar_28,calendar,2,7,7,3.019158485581275,0.9884191144187243,5,0.19999999999999998
calendar_28,calendar,2,8,7,2.958576679108802,1.049000920891199,5,0.19999999999999998
calendar_28,calendar,2,9,7,3.170187627407678,0.8373899725923221,5,0.19999999999999998
calendar_28,calendar,2,0,8,3.085646662798492,0.9219309372015085,5,0.19999999999999998
calendar_28,calendar,2,1,8,2.7985098662070795,1.2090677337929194,5,0.19999999999999998
calendar_28,calendar,2,2,8,2.9393954832299274,1.0681821167700722,5,0.19999999999999998
calendar_28,calendar,2,3,8,2.974810580403503,1.0327670195964969,5,0.19999999999999998
calendar_28,calendar,2,4,8,2.9746348555115123,1.0329427444884862,5,0.19999999999999998
calendar_28,calendar,2,5,8,2.9847575315694175,1.0228200684305828,5,0.19999999999999998
calendar_28,calendar,2,6,8,2.9451174285204575,1.0624601714795419,5,0.19999999999999998
calendar_28,calendar,2,7,8,2.965044553891334,1.042533046108665,5,0.19999999999999998
calendar_28,calendar,2,8,8,2.815500871378615,1.192076728621386,5,0.19999999999999998
calendar_28,calendar,2,9,8,3.0993650605030467,0.9082125394969542,5,0.19999999999999998
calendar_28,calendar,2,0,9,3.2898182028820795,0.7177593971179198,5,0.19999999999999998
calendar_28,calendar,2,1,9,3.1291591330233097,0.87841846697669,5,0.19999999999999998
calendar_28,calendar,2,2,9,3.1611893789149543,0.8463882210850449,5,0.19999999999999998
calendar_28,calendar,2,3,9,3.1713796674162755,0.8361979325837241,5,0.19999999999999998
calendar_28,calendar,2,4,9,3.1713209296498985,0.836256670350101,5,0.19999999999999998
calendar_28,calendar,2,5,9,3.185415219349898,0.822162380650102,5,0.19999999999999998
calendar_28,calendar,2,6,9,3.2201227994536783,0.787454800546323,5,0.19999999999999998
calendar_28,calendar,2,7,9,3.1905519026452103,0.8170256973547904,5,0.19999999999999998
calendar_28,calendar,2,8,9,3.11671873167956,0.8908588683204396,5,0.19999999999999998
calendar_28,calendar,2,9,9,3.284695441587727,0.722882158412274,5,0.19999999999999998
calendar_27,calendar,2,0,0,3.3261512062371996,0.6814263937627993,5,0.19999999999999998
calendar_27,calendar,2,1,0,3.0935578678605173,0.9140197321394827,5,0.19999999999999998
calendar_27,calendar,2,2,0,3.2107451257116235,0.7968324742883777,5,0.19999999999999998
calendar_27,calendar,2,3,0,3.182326736939562,0.8252508630604378,5,0.19999999999999998
calendar_27,calendar,2,4,0,3.1427563891014416,0.8648212108985592,5,0.19999999999999998
calendar_27,calendar,2,5,0,3.2005283442932253,0.8070492557067762,5,0.19999999999999998
calendar_27,calendar,2,6,0,3.2161786747799272,0.7913989252200737,5,0.19999999999999998
calendar_27,calendar,2,7,0,3.184908571428557,0.8226690285714452,5,0.19999999999999998
calendar_27,calendar,2,8,0,3.1295637043837194,0.8780138956162813,5,0.19999999999999998
calendar_27,calendar,2,9,0,3.312567652190748,0.6950099478092523,5,0.19999999999999998
calendar_27,calendar,2,0,1,3.1423228099238547,0.8652547900761445,5,0.19999999999999998
calendar_27,calendar,2,1,1,2.9128286371616405,1.0947489628383587,5,0.19999999999999998
calendar_27,calendar,2,2,1,2.933614779908717,1.0739628200912836,5,0.19999999999999998
calendar_27,calendar,2,3,1,2.929621089611192,1.0779565103888087,5,0.19999999999999998
calendar_27,calendar,2,4,1,2.9246148063697963,1.0829627936302049,5,0.19999999999999998
calendar_27,calendar,2,5,1,2.9365410932959333,1.0710365067040666,5,0.19999999999999998
calendar_27,calendar,2,6,1,2.955591795630117,1.0519858043698835,5,0.19999999999999998
calendar_27,calendar,2,7,1,2.9704138689629764,1.0371637310370232,5,0.19999999999999998
calendar_27,calendar,2,8,1,2.919831735198561,1.087745864801439,5,0.19999999999999998
calendar_27,calendar,2,9,1,3.08982326736612,0.9177543326338814,5,0.19999999999999998
calendar_27,calendar,2,0,2,3.1816519442150337,0.8259256557849668,5,0.19999999999999998
calendar_27,calendar,2,1,2,2.946148631051768,1.061428968948232,5,0.19999999999999998
calendar_27,calendar,2,2,2,3.0146832121065223,0.9928943878934774,5,0.19999999999999998
calendar_27,calendar,2,3,2,3.035785307083139,0.9717922929168612,5,0.19999999999999998
calendar_27,calendar,2,4,2,3.0300301677318022,0.9775474322681978,5,0.19999999999999998
calendar_27,calendar,2,5,2,3.031571303675249,0.9760062963247508,5,0.19999999999999998
calendar_27,calendar,2,6,2,3.080298447189647,0.9272791528103533,5,0.19999999999999998
calendar_27,calendar,2,7,2,3.0449383853064327,0.9626392146935686,5,0.19999999999999998
calendar_27,calendar,2,8,2,2.9475732925045293,1.06000430749547,5,0.19999999999999998
calendar_27,calendar,2,9,2,3.1984177935618567,0.8091598064381442,5,0.19999999999999998
calendar_27,calendar,2,0,3,3.238920636583275,0.7686569634167242,5,0.19999999999999998
calendar_27,calendar,2,1,3,2.98677218290792,1.0208054170920797,5,0.19999999999999998
calendar_27,calendar,2,2,3,3.020457895927895,0.9871197040721041,5,0.19999999999999998
calendar_27,calendar,2,3,3,3.0759281260786793,0.9316494739213191,5,0.19999999999999998
calendar_27,calendar,2,4,3,3.0406248111452965,0.9669527888547027,5,0.19999999999999998
calendar_27,calendar,2,5,3,3.0339876977829134,0.9735899022170856,5,0.19999999999999998
calendar_27,calendar,2,6,3,3.0452634217625656,0.9623141782374331,5,0.19999999999999998
calendar_27,calendar,2,7,3,3.0388486575230598,0.96872894247694,5,0.19999999999999998
calendar_27,calendar,2,8,3,2.9894743602263563,1.0181032397736438,5,0.19999999999999998
calendar_27,calendar,2,9,3,3.1877165256684528,0.8198610743315478,5,0.19999999999999998
calendar_27,calendar,2,0,4,3.2093124310775387,0.7982651689224609,5,0.19999999999999998
calendar_27,calendar,2,1,4,2.9663268708295814,1.0412507291704192,5,0.19999999999999998
calendar_27,calendar,2,2,4,3.088311593362903,0.9192660066370962,5,0.19999999999999998
calendar_27,calendar,2,3,4,3.0695709997297884,0.9380066002702125,5,0.19999999999999998
calendar_27,calendar,2,4,4,3.0261145110779455,0.9814630889220528,5,0.19999999999999998
calendar_27,calendar,2,5,4,3.088922862864435,0.9186547371355669,5,0.19999999999999998
calendar_27,calendar,2,6,4,3.103971462668232,0.9036061373317681,5,0.19999999999999998
calendar_27,calendar,2,7,4,3.0028223368457567,1.0047552631542433,5,0.19999999999999998
calendar_27,calendar,2,8,4,2.9775822572400203,1.0299953427599788,5,0.19999999999999998
calendar_27,calendar,2,9,4,3.155534012926795,0.8520435870732043,5,0.19999999999999998
calendar_27,calendar,2,0,5,3.1909691509048623,0.8166084490951382,5,0.19999999999999998
calendar_27,calendar,2,1,5,2.9603367177841635,1.0472408822158372,5,0.19999999999999998
calendar_27,calendar,2,2,5,3.0502984315749475,0.9572791684250527,5,0.19999999999999998
calendar_27,calendar,2,3,5,3.089501115693469,0.9180764843065319,5,0.19999999999999998
calendar_27,calendar,2,4,5,3.0794343343239015,0.9281432656761002,5,0.19999999999999998
calendar_27,calendar,2,5,5,3.043466620709272,0.964110979290729,5,0.19999999999999998
calendar_27,calendar,2,6,5,3.0352042869994302,0.9723733130005711,5,0.19999999999999998
calendar_27,calendar,2,7,5,3.0484638644667883,0.9591137355332116,5,0.19999999999999998
calendar_27,calendar,2,8,5,2.941629775706531,1.065947824293469,5,0.19999999999999998
calendar_27,calendar,2,9,5,3.1970105162213565,0.8105670837786427,5,0.19999999999999998
calendar_27,calendar,2,0,6,3.1365932744125815,0.8709843255874203,5,0.19999999999999998
calendar_27,calendar,2,1,6,2.9144145573663183,1.0931630426336825,5,0.19999999999999998
calendar_27,calendar,2,2,6,3.0506700399719406,0.9569075600280579,5,0.19999999999999998
calendar_27,calendar,2,3,6,3.0996997792654093,0.907877820734592,5,0.19999999999999998
calendar_27,calendar,2,4,6,3.042402603242531,0.9651749967574705,5,0.19999999999999998
calendar_27,calendar,2,5,6,3.0244012539756997,0.9831763460243004,5,0.19999999999999998
calendar_27,calendar,2,6,6,3.08274864069439,0.9248289593056106,5,0.19999999999999998
calendar_27,calendar,2,7,6,3.0532978091285403,0.9542797908714589,5,0.19999999999999998
calendar_27,calendar,2,8,6,2.9862217744453576,1.0213558255546444,5,0.19999999999999998
calendar_27,calendar,2,9,6,3.2191322554874895,0.7884453445125092,5,0.19999999999999998
calendar_27,calendar,2,0,7,3.1846400257525613,0.8229375742474403,5,0.19999999999999998
calendar_27,calendar,2,1,7,2.9198038212003845,1.087773778799616,5,0.19999999999999998
calendar_27,calendar,2,2,7,3.0058063445136964,1.0017712554863039,5,0.19999999999999998
calendar_27,calendar,2,3,7,3.0212953092495205,0.9862822907504799,5,0.19999999999999998
calendar_27,calendar,2,4,7,3.05138037375577,0.9561972262442312,5,0.19999999999999998
calendar_27,calendar,2,5,7,3.045247262579841,0.9623303374201589,5,0.19999999999999998
calendar_27,calendar,2,6,7,3.047341051659661,0.9602365483403413,5,0.19999999999999998
calendar_27,calendar,2,7,7,3.0577291866743117,0.9498484133256883,5,0.19999999999999998
calendar_27,calendar,2,8,7,2.9679766606744464,1.0396009393255528,5,0.19999999999999998
calendar_27,calendar,2,9,7,3.2090939627759143,0.7984836372240858,5,0.19999999999999998
calendar_27,calendar,2,0,8,3.1098102758236537,0.8977673241763444,5,0.19999999999999998
calendar_27,calendar,2,1,8,2.818708700350791,1.1888688996492083,5,0.19999999999999998
calendar_27,calendar,2,2,8,2.9109107379926495,1.0966668620073496,5,0.19999999999999998
calendar_27,calendar,2,3,8,2.9587782598045465,1.0487993401954545,5,0.19999999999999998
calendar_27,calendar,2,4,8,2.9925230164625396,1.0150545835374605,5,0.19999999999999998
calendar_27,calendar,2,5,8,2.9832397429662034,1.0243378570337973,5,0.19999999999999998
calendar_27,calendar,2,6,8,3.0175912014056236,0.9899863985943759,5,0.19999999999999998
calendar_27,calendar,2,7,8,2.9638324435706744,1.0437451564293245,5,0.19999999999999998
calendar_27,calendar,2,8,8,2.923065615471557,1.0845119845284432,5,0.19999999999999998
calendar_27,calendar,2,9,8,3.12474274608741,0.882834853912591,5,0.19999999999999998
calendar_27,calendar,2,0,9,3.276368719387928,0.7312088806120728,5,0.19999999999999998
calendar_27,calendar,2,1,9,3.1133969492141818,0.8941806507858175,5,0.19999999999999998
calendar_27,calendar,2,2,9,3.119684572603469,0.8878930273965303,5,0.19999999999999998
calendar_27,calendar,2,3,9,3.1437956465010894,0.8637819534989093,5,0.19999999999999998
calendar_27,calendar,2,4,9,3.2074662351793246,0.8001113648206765,5,0.19999999999999998
calendar_27,calendar,2,5,9,3.2041200165286345,0.8034575834713651,5,0.19999999999999998
calendar_27,calendar,2,6,9,3.248600595895309,0.7589770041046905,5,0.19999999999999998
calendar_27,calendar,2,7,9,3.222844349388377,0.7847332506116235,5,0.19999999999999998
calendar_27,calendar,2,8,9,3.146310569229545,0.8612670307704557,5,0.19999999999999998
calendar_27,calendar,2,9,9,3.343577078261511,0.6640005217384898,5,0.19999999999999998
calendar_29,calendar,2,0,0,3.376988608496844,0.6305889915031561,5,0.19999999999999998
calendar_29,calendar,2,1,0,3.140812422863494,0.8667651771365064,5,0.19999999999999998
calendar_29,calendar,2,2,0,3.1493524018114387,0.8582251981885616,5,0.19999999999999998
calendar_29,calendar,2,3,0,3.1385744758198046,0.8690031241801947,5,0.19999999999999998
calendar_29,calendar,2,4,0,3.1576884988537053,0.8498891011462949,5,0.19999999999999998
calendar_29,calendar,2,5,0,3.123021174933054,0.8845564250669463,5,0.19999999999999998
calendar_29,calendar,2,6,0,3.1231115380270307,0.8844660619729685,5,0.19999999999999998
calendar_29,calendar,2,7,0,3.121170358415605,0.8864072415843934,5,0.19999999999999998
calendar_29,calendar,2,8,0,3.113338035499174,0.8942395645008262,5,0.19999999999999998
calendar_29,calendar,2,9,0,3.3537205655629596,0.6538570344370399,5,0.19999999999999998
calendar_29,calendar,2,0,1,3.132750761370273,0.8748268386297268,5,0.19999999999999998
calendar_29,calendar,2,1,1,2.909379480165966,1.098198119834035,5,0.19999999999999998
calendar_29,calendar,2,2,1,2.9285745160634367,1.0790030839365634,5,0.19999999999999998
calendar_29,calendar,2,3,1,2.913782093875655,1.0937955061243445,5,0.19999999999999998
calendar_29,calendar,2,4,1,2.9456013330113047,1.0619762669886972,5,0.19999999999999998
calendar_29,calendar,2,5,1,2.9219683674411283,1.085609232558872,5,0.19999999999999998
calendar_29,calendar,2,6,1,2.9002855317257605,1.1072920682742398,5,0.19999999999999998
calendar_29,calendar,2,7,1,2.9443975093231223,1.0631800906768782,5,0.19999999999999998
calendar_29,calendar,2,8,1,2.8618825592061463,1.1456950407938542,5,0.19999999999999998
calendar_29,calendar,2,9,1,3.124983475746457,0.8825941242535427,5,0.19999999999999998
calendar_29,calendar,2,0,2,3.2154253586017325,0.7921522413982675,5,0.19999999999999998
calendar_29,calendar,2,1,2,2.9939657372242316,1.0136118627757693,5,0.19999999999999998
calendar_29,calendar,2,2,2,3.036905172375581,0.9706724276244185,5,0.19999999999999998
calendar_29,calendar,2,3,2,3.071446674547858,0.9361309254521413,5,0.19999999999999998
calendar_29,calendar,2,4,2,3.026883508496721,0.9806940915032787,5,0.19999999999999998
calendar_29,calendar,2,5,2,3.0305072697352133,0.9770703302647866,5,0.19999999999999998
calendar_29,calendar,2,6,2,3.0453644522832257,0.9622131477167751,5,0.19999999999999998
calendar_29,calendar,2,7,2,3.036187969147594,0.9713896308524049,5,0.19999999999999998
calendar_29,calendar,2,8,2,3.0022393858225462,1.0053382141774534,5,0.19999999999999998
calendar_29,calendar,2,9,2,3.1962331162807596,0.811344483719241,5,0.19999999999999998
calendar_29,calendar,2,0,3,3.2472997698049104,0.7602778301950894,5,0.19999999999999998
calendar_29,calendar,2,1,3,2.9749291788070815,1.032648421192917,5,0.19999999999999998
calendar_29,calendar,2,2,3,3.0724103357942996,0.9351672642056998,5,0.19999999999999998
calendar_29,calendar,2,3,3,3.05831195630833,0.9492656436916704,5,0.19999999999999998
calendar_29,calendar,2,4,3,3.105415472991014,0.902162127008986,5,0.19999999999999998
calendar_29,calendar,2,5,3,3.0766476158236795,0.93092998417632,5,0.19999999999999998
calendar_29,calendar,2,6,3,3.1079894003331043,0.8995881996668957,5,0.19999999999999998
calendar_29,calendar,2,7,3,3.0531901931465435,0.9543874068534584,5,0.19999999999999998
calendar_29,calendar,2,8,3,2.9757034886634397,1.0318741113365588,5,0.19999999999999998
calendar_29,calendar,2,9,3,3.1961406950733626,0.8114369049266377,5,0.19999999999999998
calendar_29,calendar,2,0,4,3.2092976407011595,0.7982799592988387,5,0.19999999999999998
calendar_29,calendar,2,1,4,2.964260191059496,1.043317408940504,5,0.19999999999999998
calendar_29,calendar,2,2,4,3.020910344377558,0.9866672556224433,5,0.19999999999999998
calendar_29,calendar,2,3,4,3.0926003878145893,0.9149772121854115,5,0.19999999999999998
calendar_29,calendar,2,4,4,3.07335636491186,0.9342212350881401,5,0.19999999999999998
calendar_29,calendar,2,5,4,3.0789713059586963,0.9286062940413032,5,0.19999999999999998
calendar_29,calendar,2,6,4,3.0993590383501175,0.9082185616498838,5,0.19999999999999998
calendar_29,calendar,2,7,4,3.07642224248175,0.9311553575182502,5,0.19999999999999998
calendar_29,calendar,2,8,4,3.0124252265522005,0.9951523734478004,5,0.19999999999999998
calendar_29,calendar,2,9,4,3.2030099274345094,0.8045676725654888,5,0.19999999999999998
calendar_29,calendar,2,0,5,3.1685997704812,0.8389778295188005,5,0.19999999999999998
calendar_29,calendar,2,1,5,2.973123538074774,1.0344540619252272,5,0.19999999999999998
calendar_29,calendar,2,2,5,2.994565769809179,1.0130118301908202,5,0.19999999999999998
calendar_29,calendar,2,3,5,3.0712451748149214,0.9363324251850805,5,0.19999999999999998
calendar_29,calendar,2,4,5,3.021756497198571,0.9858211028014299,5,0.19999999999999998
calendar_29,calendar,2,5,5,3.0378637990283166,0.9697138009716834,5,0.19999999999999998
calendar_29,calendar,2,6,5,3.0440150755064326,0.9635625244935674,5,0.19999999999999998
calendar_29,calendar,2,7,5,3.0746949217052704,0.932882678294729,5,0.19999999999999998
calendar_29,calendar,2,8,5,2.9862357384283276,1.0213418615716716,5,0.19999999999999998
calendar_29,calendar,2,9,5,3.1666688432021277,0.8409087567978729,5,0.19999999999999998
calendar_29,calendar,2,0,6,3.184007129185924,0.823570470814077,5,0.19999999999999998
calendar_29,calendar,2,1,6,2.956057027622141,1.0515205723778585,5,0.19999999999999998
calendar_29,calendar,2,2,6,3.078515837412768,0.9290617625872325,5,0.19999999999999998
calendar_29,calendar,2,3,6,3.026952296937256,0.980625303062745,5,0.19999999999999998
calendar_29,calendar,2,4,6,2.9904025384486004,1.0171750615514012,5,0.19999999999999998
calendar_29,calendar,2,5,6,3.018868305732017,0.9887092942679835,5,0.19999999999999998
calendar_29,calendar,2,6,6,2.997227812840527,1.010349787159473,5,0.19999999999999998
calendar_29,calendar,2,7,6,3.024915328442734,0.9826622715572666,5,0.19999999999999998
calendar_29,calendar,2,8,6,3.0006906124927086,1.0068869875072912,5,0.19999999999999998
calendar_29,calendar,2,9,6,3.1885774779461453,0.8190001220538551,5,0.19999999999999998
calendar_29,calendar,2,0,7,3.166396748057398,0.8411808519426021,5,0.19999999999999998
calendar_29,calendar,2,1,7,2.9452079611958992,1.0623696388041006,5,0.19999999999999998
calendar_29,calendar,2,2,7,2.9707397316428827,1.0368378683571169,5,0.19999999999999998
calendar_29,calendar,2,3,7,3.0028251079875843,1.0047524920124145,5,0.19999999999999998
calendar_29,calendar,2,4,7,3.0796948287012795,0.9278827712987193,5,0.19999999999999998
calendar_29,calendar,2,5,7,3.0459982070339233,0.9615793929660749,5,0.19999999999999998
calendar_29,calendar,2,6,7,2.9996374420507483,1.0079401579492515,5,0.19999999999999998
calendar_29,calendar,2,7,7,3.020256680554698,0.987320919445303,5,0.19999999999999998
calendar_29,calendar,2,8,7,2.909186674225521,1.0983909257744795,5,0.19999999999999998
calendar_29,calendar,2,9,7,3.1816751697352426,0.8259024302647583,5,0.19999999999999998
calendar_29,calendar,2,0,8,3.0753732707315944,0.9322043292684059,5,0.19999999999999998
calendar_29,calendar,2,1,8,2.84506251839157,1.1625150816084302,5,0.19999999999999998
calendar_29,calendar,2,2,8,2.894790808698399,1.1127867913016023,5,0.19999999999999998
calendar_29,calendar,2,3,8,2.943434596446156,1.064143003553845,5,0.19999999999999998
calendar_29,calendar,2,4,8,2.9872046178987137,1.020372982101286,5,0.19999999999999998
calendar_29,calendar,2,5,8,2.995309068435814,1.0122685315641857,5,0.19999999999999998
calendar_29,calendar,2,6,8,3.017443080987037,0.9901345190129633,5,0.19999999999999998
calendar_29,calendar,2,7,8,2.941737420381447,1.065840179618554,5,0.19999999999999998
calendar_29,calendar,2,8,8,2.7922191355901402,1.2153584644098578,5,0.19999999999999998
calendar_29,calendar,2,9,8,3.1041268935382456,0.9034507064617547,5,0.19999999999999998
calendar_29,calendar,2,0,9,3.3160210126242453,0.6915565873757551,5,0.19999999999999998
calendar_29,calendar,2,1,9,3.113223358906811,0.8943542410931893,5,0.19999999999999998
calendar_29,calendar,2,2,9,3.166895303257606,0.840682296742396,5,0.19999999999999998
calendar_29,calendar,2,3,9,3.170939259122844,0.8366383408771568,5,0.19999999999999998
calendar_29,calendar,2,4,9,3.192454214787249,0.8151233852127502,5,0.19999999999999998
calendar_29,calendar,2,5,9,3.1662058242150666,0.841371775784933,5,0.19999999999999998
calendar_29,calendar,2,6,9,3.1485527582149775,0.859024841785022,5,0.19999999999999998
calendar_29,calendar,2,7,9,3.155844677725174,0.8517329222748281,5,0.19999999999999998
calendar_29,calendar,2,8,9,3.076089686317155,0.9314879136828442,5,0.19999999999999998
calendar_29,calendar,2,9,9,3.279601814452609,0.7279757855473905,5,0.19999999999999998
calendar_28,calendar,3,0,0,3.1751330829677817,0.8324445170322171,5,0.3
calendar_28,calendar,3,1,0,2.9340242516293142,1.0735533483706856,5,0.3
calendar_28,calendar,3,2,0,3.043975362512351,0.9636022374876507,5,0.3
calendar_28,calendar,3,3,0,3.0368930414706985,0.970684558529302,5,0.3
calendar_28,calendar,3,4,0,3.087034987729038,0.9205426122709625,5,0.3
calendar_28,calendar,3,5,0,3.0489822798790174,0.9585953201209831,5,0.3
calendar_28,calendar,3,6,0,3.0872388010180156,0.9203387989819851,5,0.3
calendar_28,calendar,3,7,0,3.04660211505737,0.9609754849426306,5,0.3
calendar_28,calendar,3,8,0,3.0042496035360586,1.0033279964639408,5,0.3
calendar_28,calendar,3,9,0,3.238759088480833,0.7688185115191678,5,0.3
calendar_28,calendar,3,0,1,2.9845283935564875,1.0230492064435128,5,0.3
calendar_28,calendar,3,1,1,2.63396446050723,1.37361313949277,5,0.3
calendar_28,calendar,3,2,1,2.759557483318578,1.2480201166814222,5,0.3
calendar_28,calendar,3,3,1,2.8158055268530977,1.1917720731469024,5,0.3
calendar_28,calendar,3,4,1,2.8099038579563524,1.1976737420436476,5,0.3
calendar_28,calendar,3,5,1,2.8022212926916157,1.2053563073083853,5,0.3
calendar_28,calendar,3,6,1,2.7828073610309714,1.224770238969029,5,0.3
calendar_28,calendar,3,7,1,2.800753056789947,1.2068245432100537,5,0.3
calendar_28,calendar,3,8,1,2.6990745160779115,1.3085030839220877,5,0.3
calendar_28,calendar,3,9,1,3.0169990052158564,0.9905785947841443,5,0.3
calendar_28,calendar,3,0,2,3.0528880930198357,0.9546895069801644,5,0.3
calendar_28,calendar,3,1,2,2.788952281935543,1.2186253180644568,5,0.3
calendar_28,calendar,3,2,2,2.872543706289861,1.1350338937101376,5,0.3
calendar_28,calendar,3,3,2,2.870327490718954,1.1372501092810452,5,0.3
calendar_28,calendar,3,4,2,2.911193111676392,1.0963844883236074,5,0.3
calendar_28,calendar,3,5,2,2.889372249542127,1.1182053504578726,5,0.3
calendar_28,calendar,3,6,2,2.8421134839160507,1.1654641160839492,5,0.3
calendar_28,calendar,3,7,2,2.872640449571453,1.1349371504285473,5,0.3
calendar_28,calendar,3,8,2,2.7736118904519573,1.2339657095480439,5,0.3
calendar_28,calendar,3,9,2,3.0520551227726123,0.9555224772273875,5,0.3
calendar_28,calendar,3,0,3,3.0828964991045344,0.9246811008954672,5,0.3
calendar_28,calendar,3,1,3,2.887086359487566,1.1204912405124337,5,0.3
calendar_28,calendar,3,2,3,2.867250988336431,1.1403266116635689,5,0.3
calendar_28,calendar,3,3,3,2.935346050878715,1.072231549121285,5,0.3
calendar_28,calendar,3,4,3,2.9012439532480676,1.1063336467519322,5,0.3
calendar_28,calendar,3,5,3,2.918871364071683,1.0887062359283182,5,0.3
calendar_28,calendar,3,6,3,2.904483644491851,1.1030939555081491,5,0.3
calendar_28,calendar,3,7,3,2.8686425790446832,1.138935020955316,5,0.3
calendar_28,calendar,3,8,3,2.7933473872257077,1.214230212774292,5,0.3
calendar_28,calendar,3,9,3,3.061438698346258,0.9461389016537417,5,0.3
calendar_28,calendar,3,0,4,3.11668857120804,0.8908890287919609,5,0.3
calendar_28,calendar,3,1,4,2.8177003227622133,1.1898772772377877,5,0.3
calendar_28,calendar,3,2,4,2.933108969329457,1.0744686306705444,5,0.3
calendar_28,calendar,3,3,4,2.889925780118236,1.1176518198817649,5,0.3
calendar_28,calendar,3,4,4,2.942640055695579,1.064937544304421,5,0.3
calendar_28,calendar,3,5,4,2.944782941583131,1.0627946584168708,5,0.3
calendar_28,calendar,3,6,4,2.9099064347189403,1.0976711652810576,5,0.3
calendar_28,calendar,3,7,4,2.9191045635980455,1.0884730364019546,5,0.3
calendar_28,calendar,3,8,4,2.8574657661685006,1.150111833831499,5,0.3
calendar_28,calendar,3,9,4,3.0916814768964382,0.9158961231035627,5,0.3
calendar_28,calendar,3,0,5,3.049224294881439,0.958353305118561,5,0.3
calendar_28,calendar,3,1,5,2.7883308969153227,1.2192467030846772,5,0.3
calendar_28,calendar,3,2,5,2.8770142277089117,1.130563372291089,5,0.3
calendar_28,calendar,3,3,5,2.898120917773507,1.1094566822264929,5,0.3
calendar_28,calendar,3,4,5,2.9012810580496207,1.106296541950379,5,0.3
calendar_28,calendar,3,5,5,2.95238386964408,1.0551937303559196,5,0.3
calendar_28,calendar,3,6,5,2.8672047638005838,1.1403728361994163,5,0.3
calendar_28,calendar,3,7,5,2.891527695013552,1.1160499049864474,5,0.3
calendar_28,calendar,3,8,5,2.841261687448603,1.166315912551397,5,0.3
calendar_28,calendar,3,9,5,3.101146757947617,0.9064308420523834,5,0.3
calendar_28,calendar,3,0,6,3.03434190327078,0.9732356967292186,5,0.3
calendar_28,calendar,3,1,6,2.774094033029142,1.2334835669708586,5,0.3
calendar_28,calendar,3,2,6,2.8721471411288495,1.1354304588711503,5,0.3
calendar_28,calendar,3,3,6,2.9116308260926496,1.0959467739073498,5,0.3
calendar_28,calendar,3,4,6,2.8920362697829156,1.1155413302170842,5,0.3
calendar_28,calendar,3,5,6,2.854733214900827,1.1528443850991736,5,0.3
calendar_28,calendar,3,6,6,2.9105717192967746,1.0970058807032248,5,0.3
calendar_28,calendar,3,7,6,2.895693818962759,1.1118837810372402,5,0.3
calendar_28,calendar,3,8,6,2.829529637991415,1.1780479620085857,5,0.3
calendar_28,calendar,3,9,6,3.079988066983102,0.9275895330168987,5,0.3
calendar_28,calendar,3,0,7,3.0594428565414047,0.948134743458595,5,0.3
calendar_28,calendar,3,1,7,2.79950012444612,1.2080774755538795,5,0.3
calendar_28,calendar,3,2,7,2.873241166685383,1.1343364333146162,5,0.3
calendar_28,calendar,3,3,7,2.9111012067013475,1.096476393298652,5,0.3
calendar_28,calendar,3,4,7,2.860510394450317,1.1470672055496827,5,0.3
calendar_28,calendar,3,5,7,2.928219051243064,1.0793585487569364,5,0.3
calendar_28,calendar,3,6,7,2.9466612697656474,1.0609163302343527,5,0.3
calendar_28,calendar,3,7,7,2.8258030124846223,1.1817745875153767,5,0.3
calendar_28,calendar,3,8,7,2.7945008505633075,1.213076749436694,5,0.3
calendar_28,calendar,3,9,7,3.073325961718774,0.934251638281226,5,0.3
calendar_28,calendar,3,0,8,3.032055321745413,0.9755222782545879,5,0.3
calendar_28,calendar,3,1,8,2.704553032747536,1.303024567252464,5,0.3
calendar_28,calendar,3,2,8,2.78376599093421,1.2238116090657905,5,0.3
calendar_28,calendar,3,3,8,2.773031329075577,1.234546270924421,5,0.3
calendar_28,calendar,3,4,8,2.8224907161092205,1.1850868838907789,5,0.3
calendar_28,calendar,3,5,8,2.8162024256815075,1.1913751743184926,5,0.3
calendar_28,calendar,3,6,8,2.773965708787945,1.233611891212055,5,0.3
calendar_28,calendar,3,7,8,2.7524694767321107,1.2551081232678891,5,0.3
calendar_28,calendar,3,8,8,2.680482141783617,1.327095458216384,5,0.3
calendar_28,calendar,3,9,8,2.979191842974732,1.0283857570252681,5,0.3
calendar_28,calendar,3,0,9,3.256269216022396,0.7513083839776047,5,0.3
calendar_28,calendar,3,1,9,3.021369058183061,0.9862085418169397,5,0.3
calendar_28,calendar,3,2,9,3.0579046209512057,0.9496729790487939,5,0.3
calendar_28,calendar,3,3,9,3.0988765941740612,0.9087010058259394,5,0.3
calendar_28,calendar,3,4,9,3.031441571902013,0.9761360280979875,5,0.3
calendar_28,calendar,3,5,9,3.0464676715433026,0.9611099284566992,5,0.3
calendar_28,calendar,3,6,9,3.0554174991379957,0.9521601008620045,5,0.3
calendar_28,calendar,3,7,9,3.0147619039312024,0.992815696068798,5,0.3
calendar_28,calendar,3,8,9,2.9800339278586274,1.0275436721413715,5,0.3
calendar_28,calendar,3,9,9,3.2752195412145553,0.732358058785445,5,0.3
calendar_27,calendar,3,0,0,3.2393092548374596,0.7682683451625404,5,0.3
calendar_27,calendar,3,1,0,3.038786402845847,0.9687911971541544,5,0.3
calendar_27,calendar,3,2,0,3.13805076483592,0.8695268351640794,5,0.3
calendar_27,calendar,3,3,0,3.0365754132641456,0.9710021867358541,5,0.3
calendar_27,calendar,3,4,0,3.090679550811123,0.9168980491888766,5,0.3
calendar_27,calendar,3,5,0,3.086030340389752,0.9215472596102485,5,0.3
calendar_27,calendar,3,6,0,3.0750234703440777,0.932554129655921,5,0.3
calendar_27,calendar,3,7,0,3.006170522696589,1.0014070773034116,5,0.3
calendar_27,calendar,3,8,0,2.928605039213445,1.0789725607865532,5,0.3
calendar_27,calendar,3,9,0,3.167558391118377,0.8400192088816236,5,0.3
calendar_27,calendar,3,0,1,2.996122303356066,1.0114552966439332,5,0.3
calendar_27,calendar,3,1,1,2.701996459386137,1.305581140613864,5,0.3
calendar_27,calendar,3,2,1,2.812519204350445,1.195058395649556,5,0.3
calendar_27,calendar,3,3,1,2.7982524432719726,1.2093251567280263,5,0.3
calendar_27,calendar,3,4,1,2.7669665376135955,1.2406110623864046,5,0.3
calendar_27,calendar,3,5,1,2.7917926866997425,1.215784913300257,5,0.3
calendar_27,calendar,3,6,1,2.8346425863069302,1.1729350136930705,5,0.3
calendar_27,calendar,3,7,1,2.786637315196332,1.2209402848036692,5,0.3
calendar_27,calendar,3,8,1,2.689278064037554,1.3182995359624459,5,0.3
calendar_27,calendar,3,9,1,2.9798002173990428,1.027777382600958,5,0.3
calendar_27,calendar,3,0,2,3.086640765781585,0.9209368342184159,5,0.3
calendar_27,calendar,3,1,2,2.799334112584655,1.2082434874153443,5,0.3
calendar_27,calendar,3,2,2,2.9133639703556056,1.0942136296443938,5,0.3
calendar_27,calendar,3,3,2,2.8867742205516786,1.1208033794483219,5,0.3
calendar_27,calendar,3,4,2,2.894647842588818,1.1129297574111825,5,0.3
calendar_27,calendar,3,5,2,2.9049227254552297,1.1026548745447715,5,0.3
calendar_27,calendar,3,6,2,2.891592035634234,1.1159855643657666,5,0.3
calendar_27,calendar,3,7,2,2.8773262842248886,1.1302513157751113,5,0.3
calendar_27,calendar,3,8,2,2.7896678310176104,1.2179097689823895,5,0.3
calendar_27,calendar,3,9,2,3.0843602654735065,0.9232173345264926,5,0.3
calendar_27,calendar,3,0,3,3.093796616716255,0.9137809832837445,5,0.3
calendar_27,calendar,3,1,3,2.788411439059754,1.2191661609402469,5,0.3
calendar_27,calendar,3,2,3,2.893378763176721,1.1141988368232782,5,0.3
calendar_27,calendar,3,3,3,2.9078506509153117,1.0997269490846884,5,0.3
calendar_27,calendar,3,4,3,2.8781785961316966,1.1293990038683033,5,0.3
calendar_27,calendar,3,5,3,2.8755359034650083,1.1320416965349924,5,0.3
calendar_27,calendar,3,6,3,2.9131909298673015,1.094386670132699,5,0.3
calendar_27,calendar,3,7,3,2.8778707980706315,1.129706801929368,5,0.3
calendar_27,calendar,3,8,3,2.8182359427305856,1.1893416572694133,5,0.3
calendar_27,calendar,3,9,3,3.1009805052456048,0.906597094754396,5,0.3
calendar_27,calendar,3,0,4,3.0650720608538538,0.9425055391461452,5,0.3
calendar_27,calendar,3,1,4,2.805497269212399,1.2020803307876016,5,0.3
calendar_27,calendar,3,2,4,2.885195915609874,1.1223816843901262,5,0.3
calendar_27,calendar,3,3,4,2.970449704139718,1.0371278958602836,5,0.3
calendar_27,calendar,3,4,4,2.86961238865152,1.1379652113484802,5,0.3
calendar_27,calendar,3,5,4,2.858777259118877,1.1488003408811227,5,0.3
calendar_27,calendar,3,6,4,2.865566966259485,1.142010633740514,5,0.3
calendar_27,calendar,3,7,4,2.900706744798997,1.1068708552010018,5,0.3
calendar_27,calendar,3,8,4,2.834753419222167,1.1728241807778335,5,0.3
calendar_27,calendar,3,9,4,3.1222966507938885,0.8852809492061117,5,0.3
calendar_27,calendar,3,0,5,3.0580538216278543,0.9495237783721472,5,0.3
calendar_27,calendar,3,1,5,2.8199230165974756,1.187654583402524,5,0.3
calendar_27,calendar,3,2,5,2.927317271543092,1.0802603284569077,5,0.3
calendar_27,calendar,3,3,5,2.909619978305877,1.0979576216941247,5,0.3
calendar_27,calendar,3,4,5,2.90544387105142,1.1021337289485795,5,0.3
calendar_27,calendar,3,5,5,2.8971783097151347,1.110399290284866,5,0.3
calendar_27,calendar,3,6,5,2.899263282447961,1.1083143175520374,5,0.3
calendar_27,calendar,3,7,5,2.8986211816734646,1.108956418326534,5,0.3
calendar_27,calendar,3,8,5,2.8083381630585973,1.1992394369414028,5,0.3
calendar_27,calendar,3,9,5,3.0625670031715777,0.9450105968284227,5,0.3
calendar_27,calendar,3,0,6,3.0855061160032693,0.9220714839967306,5,0.3
calendar_27,calendar,3,1,6,2.823723167899154,1.1838544321008457,5,0.3
calendar_27,calendar,3,2,6,2.901959418172873,1.1056181818271267,5,0.3
calendar_27,calendar,3,3,6,2.9546892260222632,1.052888373977737,5,0.3
calendar_27,calendar,3,4,6,2.9457086942072666,1.0618689057927333,5,0.3
calendar_27,calendar,3,5,6,2.8764607536412323,1.1311168463587669,5,0.3
calendar_27,calendar,3,6,6,2.86271937197207,1.144858228027929,5,0.3
calendar_27,calendar,3,7,6,2.899444789065936,1.1081328109340645,5,0.3
calendar_27,calendar,3,8,6,2.7634022901059168,1.2441753098940844,5,0.3
calendar_27,calendar,3,9,6,3.050611706153061,0.9569658938469376,5,0.3
calendar_27,calendar,3,0,7,3.031143657690454,0.9764339423095476,5,0.3
calendar_27,calendar,3,1,7,2.791302685896249,1.2162749141037503,5,0.3
calendar_27,calendar,3,2,7,2.9040714551274447,1.1035061448725554,5,0.3
calendar_27,calendar,3,3,7,2.909454087712342,1.0981235122876583,5,0.3
calendar_27,calendar,3,4,7,2.9144676322393726,1.0931099677606275,5,0.3
calendar_27,calendar,3,5,7,2.8894808424917535,1.1180967575082466,5,0.3
calendar_27,calendar,3,6,7,2.8768808437119295,1.1306967562880708,5,0.3
calendar_27,calendar,3,7,7,2.895539771881817,1.1120378281181822,5,0.3
calendar_27,calendar,3,8,7,2.775285209786014,1.2322923902139873,5,0.3
calendar_27,calendar,3,9,7,3.032982134165856,0.9745954658341437,5,0.3
calendar_27,calendar,3,0,8,3.0082574858239965,0.9993201141760025,5,0.3
calendar_27,calendar,3,1,8,2.7181453669069437,1.2894322330930572,5,0.3
calendar_27,calendar,3,2,8,2.738447444108844,1.269130155891157,5,0.3
calendar_27,calendar,3,3,8,2.8050572515500893,1.2025203484499098,5,0.3
calendar_27,calendar,3,4,8,2.81586759284344,1.1917100071565607,5,0.3
calendar_27,calendar,3,5,8,2.7822703825013977,1.2253072174986022,5,0.3
calendar_27,calendar,3,6,8,2.8257805000165064,1.1817970999834935,5,0.3
calendar_27,calendar,3,7,8,2.7856567632562013,1.2219208367437986,5,0.3
calendar_27,calendar,3,8,8,2.6858203768501756,1.3217572231498258,5,0.3
calendar_27,calendar,3,9,8,2.9726224387355495,1.0349551612644516,5,0.3
calendar_27,calendar,3,0,9,3.260860685378857,0.7467169146211419,5,0.3
calendar_27,calendar,3,1,9,3.0155501113145022,0.9920274886854972,5,0.3
calendar_27,calendar,3,2,9,3.0777828285688535,0.9297947714311451,5,0.3
calendar_27,calendar,3,3,9,3.096758336919044,0.9108192630809542,5,0.3
calendar_27,calendar,3,4,9,3.0737198590967085,0.9338577409032917,5,0.3
calendar_27,calendar,3,5,9,3.110358455498482,0.8972191445015171,5,0.3
calendar_27,calendar,3,6,9,3.0851964495136968,0.9223811504863033,5,0.3
calendar_27,calendar,3,7,9,3.0493598710180563,0.958217728981942,5,0.3
calendar_27,calendar,3,8,9,2.9360198859757567,1.0715577140242447,5,0.3
calendar_27,calendar,3,9,9,3.221440477642179,0.7861371223578212,5,0.3
calendar_29,calendar,3,0,0,3.2192821478210387,0.7882954521789605,5,0.3
calendar_29,calendar,3,1,0,2.9655034166913072,1.042074183308694,5,0.3
calendar_29,calendar,3,2,0,3.041372684672764,0.9662049153272361,5,0.3
calendar_29,calendar,3,3,0,3.046820766339436,0.9607568336605645,5,0.3
calendar_29,calendar,3,4,0,3.0557625487944517,0.9518150512055483,5,0.3
calendar_29,calendar,3,5,0,3.036638298548321,0.9709393014516784,5,0.3
calendar_29,calendar,3,6,0,3.096888509127748,0.9106890908722521,5,0.3
calendar_29,calendar,3,7,0,3.046817071143053,0.960760528856947,5,0.3
calendar_29,calendar,3,8,0,2.9836236836460133,1.023953916353987,5,0.3
calendar_29,calendar,3,9,0,3.2729399145818907,0.7346376854181093,5,0.3
calendar_29,calendar,3,0,1,2.9927900914722665,1.014787508527734,5,0.3
calendar_29,calendar,3,1,1,2.694933793977991,1.3126438060220085,5,0.3
calendar_29,calendar,3,2,1,2.820656367609126,1.1869212323908738,5,0.3
calendar_29,calendar,3,3,1,2.776920238887838,1.230657361112162,5,0.3
calendar_29,calendar,3,4,1,2.7793124592788967,1.2282651407211023,5,0.3
calendar_29,calendar,3,5,1,2.810652268463836,1.1969253315361648,5,0.3
calendar_29,calendar,3,6,1,2.7957923170522543,1.2117852829477458,5,0.3
calendar_29,calendar,3,7,1,2.784072023937724,1.2235055760622766,5,0.3
calendar_29,calendar,3,8,1,2.751914782005948,1.2556628179940519,5,0.3
calendar_29,calendar,3,9,1,2.9976458066485736,1.0099317933514267,5,0.3
calendar_29,calendar,3,0,2,3.077623986117885,0.9299536138821146,5,0.3
calendar_29,calendar,3,1,2,2.807465972957101,1.2001116270428989,5,0.3
calendar_29,calendar,3,2,2,2.8832100166566534,1.1243675833433469,5,0.3
calendar_29,calendar,3,3,2,2.88300916221928,1.1245684377807212,5,0.3
calendar_29,calendar,3,4,2,2.9009844257050896,1.1065931742949098,5,0.3
calendar_29,calendar,3,5,2,2.9333713891875126,1.0742062108124897,5,0.3
calendar_29,calendar,3,6,2,2.8518452979709683,1.1557323020290315,5,0.3
calendar_29,calendar,3,7,2,2.834577815971284,1.1729997840287163,5,0.3
calendar_29,calendar,3,8,2,2.8192922275256906,1.1882853724743094,5,0.3
calendar_29,calendar,3,9,2,3.1176199132498317,0.889957686750168,5,0.3
calendar_29,calendar,3,0,3,3.0334252317629855,0.9741523682370148,5,0.3
calendar_29,calendar,3,1,3,2.8519398773959876,1.1556377226040122,5,0.3
calendar_29,calendar,3,2,3,2.894621380317827,1.1129562196821738,5,0.3
calendar_29,calendar,3,3,3,2.8914774974103494,1.1161001025896515,5,0.3
calendar_29,calendar,3,4,3,2.8951938090854434,1.1123837909145577,5,0.3
calendar_29,calendar,3,5,3,2.907560542655764,1.100017057344237,5,0.3
calendar_29,calendar,3,6,3,2.9321414057066,1.0754361942934008,5,0.3
calendar_29,calendar,3,7,3,2.9057715643736994,1.1018060356263009,5,0.3
calendar_29,calendar,3,8,3,2.8660705349143174,1.1415070650856831,5,0.3
calendar_29,calendar,3,9,3,3.0703755133007906,0.9372020866992106,5,0.3
calendar_29,calendar,3,0,4,3.1001717331033154,0.9074058668966847,5,0.3
calendar_29,calendar,3,1,4,2.823586149862791,1.183991450137209,5,0.3
calendar_29,calendar,3,2,4,2.901362360699881,1.1062152393001192,5,0.3
calendar_29,calendar,3,3,4,2.9297335349897553,1.0778440650102448,5,0.3
calendar_29,calendar,3,4,4,2.9752101944573184,1.0323674055426821,5,0.3
calendar_29,calendar,3,5,4,2.9320637950269157,1.0755138049730837,5,0.3
calendar_29,calendar,3,6,4,2.9071159556715043,1.1004616443284947,5,0.3
calendar_29,calendar,3,7,4,2.8997428512507804,1.1078347487492206,5,0.3
calendar_29,calendar,3,8,4,2.8444186141987173,1.1631589858012832,5,0.3
calendar_29,calendar,3,9,4,3.078645940479851,0.9289316595201477,5,0.3
calendar_29,calendar,3,0,5,3.082177591561377,0.925400008438622,5,0.3
calendar_29,calendar,3,1,5,2.8275913070491177,1.1799862929508835,5,0.3
calendar_29,calendar,3,2,5,2.8730584604453395,1.1345191395546608,5,0.3
calendar_29,calendar,3,3,5,2.891263772014617,1.1163138279853837,5,0.3
calendar_29,calendar,3,4,5,2.9414837293268286,1.066093870673172,5,0.3
calendar_29,calendar,3,5,5,2.9594465701423944,1.0481310298576054,5,0.3
calendar_29,calendar,3,6,5,2.904860371939681,1.1027172280603192,5,0.3
calendar_29,calendar,3,7,5,2.898963636235613,1.1086139637643886,5,0.3
calendar_29,calendar,3,8,5,2.779957979185619,1.2276196208143806,5,0.3
calendar_29,calendar,3,9,5,3.0810737662066057,0.9265038337933946,5,0.3
calendar_29,calendar,3,0,6,3.0292282078667374,0.9783493921332627,5,0.3
calendar_29,calendar,3,1,6,2.774361326972926,1.2332162730270746,5,0.3
calendar_29,calendar,3,2,6,2.865207497874347,1.1423701021256532,5,0.3
calendar_29,calendar,3,3,6,2.8793287331427853,1.128248866857216,5,0.3
calendar_29,calendar,3,4,6,2.893905230174561,1.1136723698254403,5,0.3
calendar_29,calendar,3,5,6,2.8796487926947396,1.1279288073052607,5,0.3
calendar_29,calendar,3,6,6,2.8907345457306746,1.1168430542693268,5,0.3
calendar_29,calendar,3,7,6,2.8356920162515546,1.1718855837484448,5,0.3
calendar_29,calendar,3,8,6,2.7754739139375952,1.2321036860624044,5,0.3
calendar_29,calendar,3,9,6,3.0932013175608204,0.9143762824391803,5,0.3
calendar_29,calendar,3,0,7,3.0565661372286987,0.9510114627713011,5,0.3
calendar_29,calendar,3,1,7,2.7470959971476043,1.260481602852396,5,0.3
calendar_29,calendar,3,2,7,2.8866746920924045,1.120902907907595,5,0.3
calendar_29,calendar,3,3,7,2.8956058733905095,1.1119717266094897,5,0.3
calendar_29,calendar,3,4,7,2.8784184249156666,1.129159175084333,5,0.3
calendar_29,calendar,3,5,7,2.904285772516595,1.103291827483405,5,0.3
calendar_29,calendar,3,6,7,2.847499666264203,1.160077933735798,5,0.3
calendar_29,calendar,3,7,7,2.88803578260127,1.1195418173987297,5,0.3
calendar_29,calendar,3,8,7,2.8125579969424055,1.1950196030575964,5,0.3
calendar_29,calendar,3,9,7,3.1014269160596553,0.9061506839403457,5,0.3
calendar_29,calendar,3,0,8,3.004859949339465,1.002717650660535,5,0.3
calendar_29,calendar,3,1,8,2.6716630377334667,1.3359145622665336,5,0.3
calendar_29,calendar,3,2,8,2.8061134393714133,1.2014641606285879,5,0.3
calendar_29,calendar,3,3,8,2.791091632729142,1.2164859672708583,5,0.3
calendar_29,calendar,3,4,8,2.8207860070958284,1.1867915929041715,5,0.3
calendar_29,calendar,3,5,8,2.757742847750988,1.2498347522490107,5,0.3
calendar_29,calendar,3,6,8,2.778044132558603,1.2295334674413971,5,0.3
calendar_29,calendar,3,7,8,2.786023168245139,1.2215544317548614,5,0.3
calendar_29,calendar,3,8,8,2.665055747887966,1.3425218521120337,5,0.3
calendar_29,calendar,3,9,8,2.9978833834868444,1.009694216513156,5,0.3
calendar_29,calendar,3,0,9,3.283164231031561,0.7244133689684388,5,0.3
calendar_29,calendar,3,1,9,3.0157018151704036,0.9918757848295963,5,0.3
calendar_29,calendar,3,2,9,3.0434844261955663,0.9640931738044327,5,0.3
calendar_29,calendar,3,3,9,3.134475178344827,0.8731024216551717,5,0.3
calendar_29,calendar,3,4,9,3.0962572652357454,0.9113203347642536,5,0.3
calendar_29,calendar,3,5,9,3.0882745081928302,0.9193030918071705,5,0.3
calendar_29,calendar,3,6,9,3.0886806810208784,0.9188969189791216,5,0.3
calendar_29,calendar,3,7,9,3.065740801801143,0.9418367981988556,5,0.3
calendar_29,calendar,3,8,9,3.000147335765062,1.0074302642349386,5,0.3
calendar_29,calendar,3,9,9,3.2667770040284156,0.7408005959715847,5,0.3
threshold_30,threshold,1,0,0,3.3014360294602576,0.7061415705397422,3,0.06
threshold_30,threshold,1,1,0,3.302113932621142,0.7054636673788593,7,0.14
threshold_30,threshold,1,2,0,3.332236333538133,0.6753412664618665,5,0.1
threshold_30,threshold,1,3,0,3.3085188841326483,0.6990587158673525,6,0.12000000000000001
threshold_30,threshold,1,4,0,3.3120435784771334,0.6955340215228667,5,0.1
threshold_30,threshold,1,5,0,3.327449974018465,0.6801276259815363,5,0.1
threshold_30,threshold,1,6,0,3.325683980224111,0.6818936197758879,4,0.08
threshold_30,threshold,1,7,0,3.311242246320832,0.6963353536791689,6,0.12000000000000001
threshold_30,threshold,1,8,0,3.2986379356477507,0.7089396643522499,7,0.14
threshold_30,threshold,1,9,0,3.3286728489857125,0.6789047510142878,3,0.06
threshold_30,threshold,1,0,1,3.312952742441941,0.6946248575580577,7,0.14
threshold_30,threshold,1,1,1,3.2424934980243623,0.765084101975639,10,0.19999999999999998
threshold_30,threshold,1,2,1,3.3034710391878486,0.7041065608121534,9,0.18
threshold_30,threshold,1,3,1,3.2953504914704483,0.7122271085295501,8,0.16
threshold_30,threshold,1,4,1,3.2943766190228865,0.7132009809771143,9,0.18
threshold_30,threshold,1,5,1,3.290172427511665,0.7174051724883365,8,0.16
threshold_30,threshold,1,6,1,3.283466579053248,0.7241110209467543,8,0.16
threshold_30,threshold,1,7,1,3.3136718353853065,0.6939057646146931,9,0.18
threshold_30,threshold,1,8,1,3.2256565792436884,0.7819210207563101,10,0.19999999999999998
threshold_30,threshold,1,9,1,3.3077481120294108,0.6998294879705904,7,0.14
threshold_30,threshold,1,0,2,3.2976372591401897,0.7099403408598108,4,0.08
threshold_30,threshold,1,1,2,3.2802846122187175,0.7272929877812817,8,0.16
threshold_30,threshold,1,2,2,3.3088855592487687,0.6986920407512323,7,0.14
threshold_30,threshold,1,3,2,3.28985784098605,0.7177197590139497,6,0.12000000000000001
threshold_30,threshold,1,4,2,3.3226422310216503,0.6849353689783504,7,0.14
threshold_30,threshold,1,5,2,3.2903865005344812,0.7171910994655194,7,0.14
threshold_30,threshold,1,6,2,3.3056974948088227,0.7018801051911783,7,0.14
threshold_30,threshold,1,7,2,3.305316538942465,0.7022610610575349,7,0.14
threshold_30,threshold,1,8,2,3.277680941953353,0.7298966580466474,8,0.16
threshold_30,threshold,1,9,2,3.3179745792016018,0.6896030207983981,5,0.1
threshold_30,threshold,1,0,3,3.3098790609816837,0.6976985390183156,6,0.12000000000000001
threshold_30,threshold,1,1,3,3.304271584610664,0.7033060153893378,8,0.16
threshold_30,threshold,1,2,3,3.336455937980054,0.6711216620199444,7,0.14
threshold_30,threshold,1,3,3,3.302037674118092,0.7055399258819093,7,0.14
threshold_30,threshold,1,4,3,3.3196903830609505,0.6878872169390483,7,0.14
threshold_30,threshold,1,5,3,3.313215158270227,0.6943624417297722,7,0.14
threshold_30,threshold,1,6,3,3.329695423201359,0.6778821767986426,7,0.14
threshold_30,threshold,1,7,3,3.308722524881128,0.6988550751188715,6,0.12000000000000001
threshold_30,threshold,1,8,3,3.276975873008786,0.7306017269912144,9,0.18
threshold_30,threshold,1,9,3,3.3169153113492134,0.6906622886507858,5,0.1
threshold_30,threshold,1,0,4,3.2838425224258776,0.7237350775741217,5,0.1
threshold_30,threshold,1,1,4,3.2851768996675985,0.7224007003324004,8,0.16
threshold_30,threshold,1,2,4,3.2973530807493283,0.7102245192506716,7,0.14
threshold_30,threshold,1,3,4,3.3079190045092823,0.6996585954907174,7,0.14
threshold_30,threshold,1,4,4,3.3061635759784314,0.7014140240215693,7,0.14
threshold_30,threshold,1,5,4,3.298558416330825,0.7090191836691756,7,0.14
threshold_30,threshold,1,6,4,3.3180664715918398,0.6895111284081596,7,0.14
threshold_30,threshold,1,7,4,3.296973608580137,0.710603991419864,7,0.14
threshold_30,threshold,1,8,4,3.2663947539938096,0.7411828460061911,8,0.16
threshold_30,threshold,1,9,4,3.312383136572299,0.6951944634277014,5,0.1
threshold_30,threshold,1,0,5,3.319614903651285,0.6879626963487148,5,0.1
threshold_30,threshold,1,1,5,3.2858914041111236,0.7216861958888776,8,0.16
threshold_30,threshold,1,2,5,3.3124451745980252,0.6951324254019755,7,0.14
threshold_30,threshold,1,3,5,3.282505683987545,0.7250719160124551,6,0.12000000000000001
threshold_30,threshold,1,4,5,3.3064513763538974,0.7011262236461022,7,0.14
threshold_30,threshold,1,5,5,3.277052098511661,0.7305255014883398,7,0.14
threshold_30,threshold,1,6,5,3.304054113948375,0.7035234860516256,7,0.14
threshold_30,threshold,1,7,5,3.31082050182622,0.6967570981737808,7,0.14
threshold_30,threshold,1,8,5,3.275318808480753,0.732258791519247,9,0.18
threshold_30,threshold,1,9,5,3.2993248394250902,0.7082527605749102,6,0.12000000000000001
threshold_30,threshold,1,0,6,3.3270709353030328,0.6805066646969676,5,0.1
threshold_30,threshold,1,1,6,3.287099063492226,0.720478536507773,8,0.16
threshold_30,threshold,1,2,6,3.2913366363542584,0.716240963645744,7,0.14
threshold_30,threshold,1,3,6,3.305951949187161,0.701625650812839,7,0.14
threshold_30,threshold,1,4,6,3.2901842763464,0.7173933236535993,7,0.14
threshold_30,threshold,1,5,6,3.3164639939751805,0.69111360602482,7,0.14
threshold_30,threshold,1,6,6,3.318617248966353,0.6889603510336472,7,0.14
threshold_30,threshold,1,7,6,3.297922221571526,0.7096553784284746,7,0.14
threshold_30,threshold,1,8,6,3.2906401586940444,0.716937441305956,8,0.16
threshold_30,threshold,1,9,6,3.3215238415714126,0.686053758428588,6,0.12000000000000001
threshold_30,threshold,1,0,7,3.302552777449999,0.7050248225500012,5,0.1
threshold_30,threshold,1,1,7,3.2909482429936947,0.7166293570063061,9,0.18
threshold_30,threshold,1,2,7,3.3161325260725842,0.6914450739274173,7,0.14
threshold_30,threshold,1,3,7,3.2888692375168667,0.7187083624831344,7,0.14
threshold_30,threshold,1,4,7,3.313796642880867,0.6937809571191342,8,0.16
threshold_30,threshold,1,5,7,3.3028549401366702,0.7047226598633312,7,0.14
threshold_30,threshold,1,6,7,3.324255874427071,0.6833217255729283,6,0.12000000000000001
threshold_30,threshold,1,7,7,3.2801656728133355,0.727411927186664,7,0.14
threshold_30,threshold,1,8,7,3.293868632872431,0.7137089671275684,8,0.16
threshold_30,threshold,1,9,7,3.34412579383075,0.663451806169251,5,0.1
threshold_30,threshold,1,0,8,3.320457149508775,0.687120450491225,7,0.14
threshold_30,threshold,1,1,8,3.2303814633642656,0.7771961366357348,9,0.18
threshold_30,threshold,1,2,8,3.2843542876334615,0.7232233123665373,8,0.16
threshold_30,threshold,1,3,8,3.3055795251734152,0.7019980748265858,9,0.18
threshold_30,threshold,1,4,8,3.2975614119620866,0.710016188037913,9,0.18
threshold_30,threshold,1,5,8,3.3187863533928312,0.6887912466071693,9,0.18
threshold_30,threshold,1,6,8,3.2830812487989642,0.7244963512010364,7,0.14
threshold_30,threshold,1,7,8,3.298349881285176,0.7092277187148233,9,0.18
threshold_30,threshold,1,8,8,3.2474346408248347,0.7601429591751665,9,0.18
threshold_30,threshold,1,9,8,3.3015879134949313,0.7059896865050678,7,0.14
threshold_30,threshold,1,0,9,3.310089833587071,0.6974877664129295,3,0.06
threshold_30,threshold,1,1,9,3.2965970565756315,0.710980543424369,7,0.14
threshold_30,threshold,1,2,9,3.324071523298987,0.6835060767010133,5,0.1
threshold_30,threshold,1,3,9,3.331008384935868,0.6765692150641315,5,0.1
threshold_30,threshold,1,4,9,3.323498651679589,0.6840789483204129,5,0.1
threshold_30,threshold,1,5,9,3.334575482022343,0.6730021179776562,5,0.1
threshold_30,threshold,1,6,9,3.311615873107561,0.6959617268924387,6,0.12000000000000001
threshold_30,threshold,1,7,9,3.312537289327967,0.695040310672032,5,0.1
threshold_30,threshold,1,8,9,3.269707347941532,0.737870252058467,7,0.14
threshold_30,threshold,1,9,9,3.2793662014186142,0.7282113985813848,3,0.06
threshold_32,threshold,1,0,0,3.2975558347715457,0.7100217652284545,3,0.06
threshold_32,threshold,1,1,0,3.305338860979759,0.7022387390202396,7,0.14
threshold_32,threshold,1,2,0,3.3228882438573253,0.6846893561426742,6,0.12000000000000001
threshold_32,threshold,1,3,0,3.3288508742396594,0.6787267257603411,4,0.08
threshold_32,threshold,1,4,0,3.310075348261941,0.6975022517380579,4,0.08
threshold_32,threshold,1,5,0,3.3170408087468686,0.6905367912531308,5,0.1
threshold_32,threshold,1,6,0,3.3035109760532806,0.7040666239467187,6,0.12000000000000001
threshold_32,threshold,1,7,0,3.3158591892343483,0.6917184107656523,5,0.1
threshold_32,threshold,1,8,0,3.310859498964025,0.6967181010359758,7,0.14
threshold_32,threshold,1,9,0,3.330679515311725,0.6768980846882755,4,0.08
threshold_32,threshold,1,0,1,3.3232511163409018,0.6843264836590995,7,0.14
threshold_32,threshold,1,1,1,3.2661828563630766,0.7413947436369247,9,0.18
threshold_32,threshold,1,2,1,3.280559313569892,0.7270182864301089,8,0.16
threshold_32,threshold,1,3,1,3.281958032038435,0.7256195679615666,9,0.18
threshold_32,threshold,1,4,1,3.296392575424353,0.7111850245756471,8,0.16
threshold_32,threshold,1,5,1,3.2919249577851195,0.7156526422148816,9,0.18
threshold_32,threshold,1,6,1,3.2824072562175513,0.7251703437824495,9,0.18
threshold_32,threshold,1,7,1,3.3174578830797157,0.6901197169202854,8,0.16
threshold_32,threshold,1,8,1,3.241337659618401,0.7662399403816003,10,0.19999999999999998
threshold_32,threshold,1,9,1,3.301721883161722,0.7058557168382779,7,0.14
threshold_32,threshold,1,0,2,3.3276500368784925,0.6799275631215086,5,0.1
threshold_32,threshold,1,1,2,3.28582748977613,0.7217501102238703,9,0.18
threshold_32,threshold,1,2,2,3.34073894497966,0.6668386550203407,7,0.14
threshold_32,threshold,1,3,2,3.3270848465640235,0.6804927534359758,7,0.14
threshold_32,threshold,1,4,2,3.31059585030997,0.6969817496900297,7,0.14
threshold_32,threshold,1,5,2,3.3108433806460646,0.6967342193539365,7,0.14
threshold_32,threshold,1,6,2,3.2700789014123064,0.7374986985876953,7,0.14
threshold_32,threshold,1,7,2,3.291203483586874,0.7163741164131272,7,0.14
threshold_32,threshold,1,8,2,3.2694507375979716,0.7381268624020295,9,0.18
threshold_32,threshold,1,9,2,3.3274507772041146,0.6801268227958842,5,0.1
threshold_32,threshold,1,0,3,3.2968956355334313,0.7106819644665678,6,0.12000000000000001
threshold_32,threshold,1,1,3,3.271027761825589,0.7365498381744113,8,0.16
threshold_32,threshold,1,2,3,3.317291511626068,0.6902860883739338,7,0.14
threshold_32,threshold,1,3,3,3.32257202801602,0.6850055719839817,6,0.12000000000000001
threshold_32,threshold,1,4,3,3.316911546153595,0.6906660538464056,7,0.14
threshold_32,threshold,1,5,3,3.300331175755916,0.7072464242440851,7,0.14
threshold_32,threshold,1,6,3,3.3211849302198955,0.6863926697801044,7,0.14
threshold_32,threshold,1,7,3,3.3000816294767406,0.7074959705232609,7,0.14
threshold_32,threshold,1,8,3,3.2934249054583664,0.714152694541633,9,0.18
threshold_32,threshold,1,9,3,3.3049706246039112,0.702606975396089,5,0.1
threshold_32,threshold,1,0,4,3.330663787707936,0.6769138122920656,5,0.1
threshold_32,threshold,1,1,4,3.2987012510311917,0.7088763489688078,9,0.18
threshold_32,threshold,1,2,4,3.304062004303806,0.7035155956961943,6,0.12000000000000001
threshold_32,threshold,1,3,4,3.3292172550506045,0.6783603449493946,7,0.14
threshold_32,threshold,1,4,4,3.291603116876124,0.7159744831238752,6,0.12000000000000001
threshold_32,threshold,1,5,4,3.298872077368705,0.7087055226312944,6,0.12000000000000001
threshold_32,threshold,1,6,4,3.321894860245728,0.6856827397542712,7,0.14
threshold_32,threshold,1,7,4,3.3076176689411128,0.6999599310588883,7,0.14
threshold_32,threshold,1,8,4,3.295808758548048,0.7117688414519532,9,0.18
threshold_32,threshold,1,9,4,3.3183106250090657,0.6892669749909339,5,0.1
threshold_32,threshold,1,0,5,3.3203700329974373,0.687207567002563,6,0.12000000000000001
threshold_32,threshold,1,1,5,3.2883386987943637,0.7192389012056362,9,0.18
threshold_32,threshold,1,2,5,3.3241242698456905,0.6834533301543102,7,0.14
threshold_32,threshold,1,3,5,3.3019441183205744,0.7056334816794254,7,0.14
threshold_32,threshold,1,4,5,3.3234322236055007,0.6841453763945003,6,0.12000000000000001
threshold_32,threshold,1,5,5,3.3097431867328044,0.6978344132671966,8,0.16
threshold_32,threshold,1,6,5,3.307858675981014,0.6997189240189853,8,0.16
threshold_32,threshold,1,7,5,3.316320712098154,0.6912568879018458,7,0.14
threshold_32,threshold,1,8,5,3.3082469020926397,0.6993306979073606,8,0.16
threshold_32,threshold,1,9,5,3.3027209198275584,0.7048566801724415,5,0.1
threshold_32,threshold,1,0,6,3.3406975610959218,0.6668800389040779,6,0.12000000000000001
threshold_32,threshold,1,1,6,3.277939004242412,0.7296385957575889,9,0.18
threshold_32,threshold,1,2,6,3.289221032422537,0.7183565675774629,6,0.12000000000000001
threshold_32,threshold,1,3,6,3.3163162649997493,0.6912613350002508,7,0.14
threshold_32,threshold,1,4,6,3.3048936646237155,0.7026839353762844,7,0.14
threshold_32,threshold,1,5,6,3.303091182237676,0.7044864177623241,7,0.14
threshold_32,threshold,1,6,6,3.314617593446753,0.6929600065532463,7,0.14
threshold_32,threshold,1,7,6,3.303058608264921,0.704518991735079,7,0.14
threshold_32,threshold,1,8,6,3.3172541649730976,0.6903234350269021,8,0.16
threshold_32,threshold,1,9,6,3.3128739811866765,0.6947036188133224,5,0.1
threshold_32,threshold,1,0,7,3.327904970603947,0.6796726293960528,6,0.12000000000000001
threshold_32,threshold,1,1,7,3.287137203365377,0.7204403966346223,9,0.18
threshold_32,threshold,1,2,7,3.3123937256186373,0.6951838743813622,7,0.14
threshold_32,threshold,1,3,7,3.2979323126941416,0.7096452873058591,7,0.14
threshold_32,threshold,1,4,7,3.3124796970013186,0.6950979029986813,7,0.14
threshold_32,threshold,1,5,7,3.3009467166102913,0.7066308833897087,6,0.12000000000000001
threshold_32,threshold,1,6,7,3.3402490634632205,0.667328536536779,7,0.14
threshold_32,threshold,1,7,7,3.3168243120431145,0.6907532879568855,6,0.12000000000000001
threshold_32,threshold,1,8,7,3.300279063173491,0.7072985368265085,9,0.18
threshold_32,threshold,1,9,7,3.3074438662041814,0.7001337337958178,6,0.12000000000000001
threshold_32,threshold,1,0,8,3.301118105596436,0.7064594944035644,7,0.14
threshold_32,threshold,1,1,8,3.226562987676693,0.7810146123233066,10,0.19999999999999998
threshold_32,threshold,1,2,8,3.307331578857404,0.7002460211425968,9,0.18
threshold_32,threshold,1,3,8,3.306272456592116,0.7013051434078839,8,0.16
threshold_32,threshold,1,4,8,3.322854751264647,0.6847228487353527,8,0.16
threshold_32,threshold,1,5,8,3.315750989001497,0.6918266109985018,8,0.16
threshold_32,threshold,1,6,8,3.305873502160387,0.7017040978396127,8,0.16
threshold_32,threshold,1,7,8,3.2685331729361247,0.7390444270638767,9,0.18
threshold_32,threshold,1,8,8,3.2523667115752644,0.7552108884247369,9,0.18
threshold_32,threshold,1,9,8,3.3197982179282617,0.6877793820717379,6,0.12000000000000001
threshold_32,threshold,1,0,9,3.2981810689179434,0.7093965310820581,3,0.06
threshold_32,threshold,1,1,9,3.308183471404331,0.6993941285956692,7,0.14
threshold_32,threshold,1,2,9,3.3127344529675318,0.6948431470324694,4,0.08
threshold_32,threshold,1,3,9,3.304918405318138,0.7026591946818632,5,0.1
threshold_32,threshold,1,4,9,3.3233701758679257,0.6842074241320747,5,0.1
threshold_32,threshold,1,5,9,3.3055036057860256,0.702073994213975,5,0.1
threshold_32,threshold,1,6,9,3.2996638830860285,0.7079137169139714,5,0.1
threshold_32,threshold,1,7,9,3.2872385932837362,0.7203390067162622,5,0.1
threshold_32,threshold,1,8,9,3.308498380881594,0.6990792191184059,7,0.14
threshold_32,threshold,1,9,9,3.3377680934898963,0.6698095065101037,4,0.08
threshold_31,threshold,1,0,0,3.295598964265827,0.7119786357341735,4,0.08
threshold_31,threshold,1,1,0,3.2995637830063016,0.708013816993698,7,0.14
threshold_31,threshold,1,2,0,3.2935275727285775,0.7140500272714231,5,0.1
threshold_31,threshold,1,3,0,3.2953445861441124,0.7122330138558863,5,0.1
threshold_31,threshold,1,4,0,3.298692324351738,0.7088852756482623,5,0.1
threshold_31,threshold,1,5,0,3.332639350505446,0.6749382494945546,4,0.08
threshold_31,threshold,1,6,0,3.3281235271984753,0.6794540728015241,5,0.1
threshold_31,threshold,1,7,0,3.319525695425365,0.6880519045746359,5,0.1
threshold_31,threshold,1,8,0,3.3401546106667497,0.6674229893332495,7,0.14
threshold_31,threshold,1,9,0,3.2814541825284707,0.7261234174715291,3,0.06
threshold_31,threshold,1,0,1,3.3038758462342503,0.7037017537657505,8,0.16
threshold_31,threshold,1,1,1,3.215627058137889,0.7919505418621098,9,0.18
threshold_31,threshold,1,2,1,3.310656125372026,0.6969214746279745,8,0.16
threshold_31,threshold,1,3,1,3.2933232492350113,0.7142543507649898,9,0.18
threshold_31,threshold,1,4,1,3.283812891041864,0.7237647089581353,9,0.18
threshold_31,threshold,1,5,1,3.2942784445474587,0.713299155452543,8,0.16
threshold_31,threshold,1,6,1,3.3003310590644697,0.7072465409355319,8,0.16
threshold_31,threshold,1,7,1,3.312681838061605,0.694895761938395,8,0.16
threshold_31,threshold,1,8,1,3.2498203938626244,0.7577572061373751,10,0.19999999999999998
threshold_31,threshold,1,9,1,3.3276997436181954,0.6798778563818049,6,0.12000000000000001
threshold_31,threshold,1,0,2,3.3166767128973986,0.6909008871026024,5,0.1
threshold_31,threshold,1,1,2,3.2992744212201064,0.7083031787798931,8,0.16
threshold_31,threshold,1,2,2,3.3137615749215086,0.6938160250784912,8,0.16
threshold_31,threshold,1,3,2,3.305563268023968,0.7020143319760317,7,0.14
threshold_31,threshold,1,4,2,3.2889906331513963,0.7185869668486038,7,0.14
threshold_31,threshold,1,5,2,3.317104596131029,0.6904730038689723,7,0.14
threshold_31,threshold,1,6,2,3.2812963795336594,0.7262812204663408,6,0.12000000000000001
threshold_31,threshold,1,7,2,3.3271285465322946,0.6804490534677063,7,0.14
threshold_31,threshold,1,8,2,3.291538305885459,0.7160392941145415,9,0.18
threshold_31,threshold,1,9,2,3.3098785093981604,0.6976990906018399,5,0.1
threshold_31,threshold,1,0,3,3.3145983360388263,0.6929792639611746,5,0.1
threshold_31,threshold,1,1,3,3.303110873080164,0.7044667269198351,8,0.16
threshold_31,threshold,1,2,3,3.294168945448182,0.7134086545518179,8,0.16
threshold_31,threshold,1,3,3,3.2990582809021025,0.7085193190978976,7,0.14
threshold_31,threshold,1,4,3,3.3060134331838418,0.7015641668161589,7,0.14
threshold_31,threshold,1,5,3,3.2810054363804397,0.7265721636195598,8,0.16
threshold_31,threshold,1,6,3,3.3108328726862424,0.6967447273137591,7,0.14
threshold_31,threshold,1,7,3,3.2951510572332143,0.7124265427667865,7,0.14
threshold_31,threshold,1,8,3,3.2850975461407006,0.7224800538592993,8,0.16
threshold_31,threshold,1,9,3,3.277254591489837,0.7303230085101649,5,0.1
threshold_31,threshold,1,0,4,3.3340711109554504,0.6735064890445494,6,0.12000000000000001
threshold_31,threshold,1,1,4,3.297997075240756,0.7095805247592442,8,0.16
threshold_31,threshold,1,2,4,3.3073573942593923,0.7002202057406075,7,0.14
threshold_31,threshold,1,3,4,3.3090748153599097,0.6985027846400922,7,0.14
threshold_31,threshold,1,4,4,3.3089187061798984,0.6986588938201013,6,0.12000000000000001
threshold_31,threshold,1,5,4,3.284855825463093,0.7227217745369076,7,0.14
threshold_31,threshold,1,6,4,3.2987026464321945,0.7088749535678072,7,0.14
threshold_31,threshold,1,7,4,3.282061424184308,0.7255161758156926,7,0.14
threshold_31,threshold,1,8,4,3.280645566553429,0.7269320334465713,9,0.18
threshold_31,threshold,1,9,4,3.294814854242328,0.7127627457576716,6,0.12000000000000001
threshold_31,threshold,1,0,5,3.331078489306056,0.6764991106939438,5,0.1
threshold_31,threshold,1,1,5,3.29416777128433,0.7134098287156718,8,0.16
threshold_31,threshold,1,2,5,3.302193303858889,0.7053842961411095,6,0.12000000000000001
threshold_31,threshold,1,3,5,3.3112500384630823,0.6963275615369178,7,0.14
threshold_31,threshold,1,4,5,3.3141839586034907,0.6933936413965095,7,0.14
threshold_31,threshold,1,5,5,3.303386273600139,0.7041913263998616,6,0.12000000000000001
threshold_31,threshold,1,6,5,3.305938521693192,0.7016390783068098,7,0.14
threshold_31,threshold,1,7,5,3.324885600624386,0.6826919993756141,7,0.14
threshold_31,threshold,1,8,5,3.2823395180638055,0.7252380819361953,9,0.18
threshold_31,threshold,1,9,5,3.3108642448969414,0.6967133551030582,6,0.12000000000000001
threshold_31,threshold,1,0,6,3.3358742182440104,0.67170338175599,5,0.1
threshold_31,threshold,1,1,6,3.3053605602137766,0.7022170397862234,8,0.16
threshold_31,threshold,1,2,6,3.321048893416305,0.6865287065836954,7,0.14
threshold_31,threshold,1,3,6,3.295706894093107,0.7118707059068917,7,0.14
threshold_31,threshold,1,4,6,3.2892640939495568,0.7183135060504441,7,0.14
threshold_31,threshold,1,5,6,3.3029686607279976,0.7046089392720015,7,0.14
threshold_31,threshold,1,6,6,3.3106986641558063,0.6968789358441951,6,0.12000000000000001
threshold_31,threshold,1,7,6,3.301772732909284,0.7058048670907168,7,0.14
threshold_31,threshold,1,8,6,3.2721341940434643,0.7354434059565343,9,0.18
threshold_31,threshold,1,9,6,3.3062534631504548,0.7013241368495452,5,0.1
threshold_31,threshold,1,0,7,3.301399523667171,0.7061780763328294,5,0.1
threshold_31,threshold,1,1,7,3.2931600310437408,0.7144175689562607,9,0.18
threshold_31,threshold,1,2,7,3.303687217852436,0.7038903821475632,7,0.14
threshold_31,threshold,1,3,7,3.3176101004404184,0.6899674995595821,7,0.14
threshold_31,threshold,1,4,7,3.307148294755344,0.7004293052446561,7,0.14
threshold_31,threshold,1,5,7,3.3220661099352244,0.6855114900647746,7,0.14
threshold_31,threshold,1,6,7,3.304567957960731,0.7030096420392685,6,0.12000000000000001
threshold_31,threshold,1,7,7,3.295910463605509,0.71166713639449,8,0.16
threshold_31,threshold,1,8,7,3.287305866863355,0.7202717331366448,8,0.16
threshold_31,threshold,1,9,7,3.320502471090959,0.6870751289090417,6,0.12000000000000001
threshold_31,threshold,1,0,8,3.282148485456884,0.7254291145431155,6,0.12000000000000001
threshold_31,threshold,1,1,8,3.23559844197787,0.7719791580221302,10,0.19999999999999998
threshold_31,threshold,1,2,8,3.2768919205043683,0.7306856794956309,8,0.16
threshold_31,threshold,1,3,8,3.3006631251208485,0.7069144748791506,8,0.16
threshold_31,threshold,1,4,8,3.2912802502915213,0.7162973497084795,9,0.18
threshold_31,threshold,1,5,8,3.2982884242269837,0.7092891757730159,9,0.18
threshold_31,threshold,1,6,8,3.2801778824179646,0.7273997175820361,9,0.18
threshold_31,threshold,1,7,8,3.301453315540355,0.7061242844596444,9,0.18
threshold_31,threshold,1,8,8,3.2576420924459213,0.7499355075540777,9,0.18
threshold_31,threshold,1,9,8,3.308178881651949,0.6993987183480518,7,0.14
threshold_31,threshold,1,0,9,3.312895571997746,0.6946820280022539,4,0.08
threshold_31,threshold,1,1,9,3.3056230174300927,0.7019545825699056,7,0.14
threshold_31,threshold,1,2,9,3.293690264428822,0.7138873355711786,4,0.08
threshold_31,threshold,1,3,9,3.3076360406025573,0.6999415593974437,5,0.1
threshold_31,threshold,1,4,9,3.338801157718277,0.6687764422817253,5,0.1
threshold_31,threshold,1,5,9,3.32911795492283,0.6784596450771693,5,0.1
threshold_31,threshold,1,6,9,3.307292340026794,0.700285259973207,5,0.1
threshold_31,threshold,1,7,9,3.2890228444181764,0.7185547555818244,6,0.12000000000000001
threshold_31,threshold,1,8,9,3.3066370114000763,0.700940588599923,7,0.14
threshold_31,threshold,1,9,9,3.277209601594783,0.7303679984052172,2,0.04
threshold_33,threshold,1,0,0,3.299480740152179,0.7080968598478218,4,0.08
threshold_33,threshold,1,1,0,3.295367326236721,0.712210273763279,7,0.14
threshold_33,threshold,1,2,0,3.318403354537651,0.6891742454623495,5,0.1
threshold_33,threshold,1,3,0,3.3135212654628896,0.6940563345371108,5,0.1
threshold_33,threshold,1,4,0,3.333332716703172,0.6742448832968269,6,0.12000000000000001
threshold_33,threshold,1,5,0,3.3012602613162563,0.7063173386837448,5,0.1
threshold_33,threshold,1,6,0,3.33170022884103,0.6758773711589704,5,0.1
threshold_33,threshold,1,7,0,3.324495932170143,0.6830816678298568,5,0.1
threshold_33,threshold,1,8,0,3.3199227959537643,0.6876548040462359,7,0.14
threshold_33,threshold,1,9,0,3.2888142802677085,0.718763319732291,3,0.06
threshold_33,threshold,1,0,1,3.296258616865531,0.711318983134469,8,0.16
threshold_33,threshold,1,1,1,3.211878385544041,0.7956992144559597,10,0.19999999999999998
threshold_33,threshold,1,2,1,3.2825241293862137,0.7250534706137876,9,0.18
threshold_33,threshold,1,3,1,3.297452974982773,0.7101246250172257,8,0.16
threshold_33,threshold,1,4,1,3.309153724775147,0.6984238752248527,8,0.16
threshold_33,threshold,1,5,1,3.292138398350277,0.7154392016497221,8,0.16
threshold_33,threshold,1,6,1,3.310628415777738,0.6969491842222617,8,0.16
threshold_33,threshold,1,7,1,3.3053972994501737,0.7021803005498266,8,0.16
threshold_33,threshold,1,8,1,3.252993711759658,0.7545838882403427,10,0.19999999999999998
threshold_33,threshold,1,9,1,3.307145495185793,0.7004321048142069,7,0.14
threshold_33,threshold,1,0,2,3.279719053253459,0.727858546746541,5,0.1
threshold_33,threshold,1,1,2,3.295982686901163,0.7115949130988364,9,0.18
threshold_33,threshold,1,2,2,3.309741929510119,0.6978356704898809,7,0.14
threshold_33,threshold,1,3,2,3.303919194875469,0.7036584051245289,7,0.14
threshold_33,threshold,1,4,2,3.318102842591564,0.6894747574084366,6,0.12000000000000001
threshold_33,threshold,1,5,2,3.2923717894645113,0.7152058105354883,7,0.14
threshold_33,threshold,1,6,2,3.2961433304255805,0.7114342695744199,7,0.14
threshold_33,threshold,1,7,2,3.3137930357728034,0.6937845642271955,8,0.16
threshold_33,threshold,1,8,2,3.274971441985312,0.7326061580146899,9,0.18
threshold_33,threshold,1,9,2,3.3354556088271266,0.6721219911728734,6,0.12000000000000001
threshold_33,threshold,1,0,3,3.327096217782641,0.6804813822173595,6,0.12000000000000001
threshold_33,threshold,1,1,3,3.28832402785382,0.7192535721461809,9,0.18
threshold_33,threshold,1,2,3,3.304015911463289,0.7035616885367111,7,0.14
threshold_33,threshold,1,3,3,3.2973417944447285,0.7102358055552712,6,0.12000000000000001
threshold_33,threshold,1,4,3,3.31283847074128,0.6947391292587204,6,0.12000000000000001
threshold_33,threshold,1,5,3,3.327891481546259,0.6796861184537402,7,0.14
threshold_33,threshold,1,6,3,3.312025068069653,0.6955525319303475,7,0.14
threshold_33,threshold,1,7,3,3.319546761903285,0.6880308380967144,6,0.12000000000000001
threshold_33,threshold,1,8,3,3.298041374225858,0.7095362257741435,8,0.16
threshold_33,threshold,1,9,3,3.3331779169575366,0.6743996830424613,5,0.1
threshold_33,threshold,1,0,4,3.349432711583501,0.6581448884164971,5,0.1
threshold_33,threshold,1,1,4,3.2932880593101963,0.7142895406898042,8,0.16
threshold_33,threshold,1,2,4,3.327936417883652,0.6796411821163494,7,0.14
threshold_33,threshold,1,3,4,3.285662123198439,0.7219154768015601,6,0.12000000000000001
threshold_33,threshold,1,4,4,3.3308331069606387,0.6767444930393619,7,0.14
threshold_33,threshold,1,5,4,3.310768326034389,0.6968092739656119,7,0.14
threshold_33,threshold,1,6,4,3.2961708570065746,0.7114067429934258,6,0.12000000000000001
threshold_33,threshold,1,7,4,3.303713791190795,0.7038638088092055,7,0.14
threshold_33,threshold,1,8,4,3.2928878903399217,0.7146897096600793,8,0.16
threshold_33,threshold,1,9,4,3.309437870364754,0.6981397296352485,6,0.12000000000000001
threshold_33,threshold,1,0,5,3.318591235512408,0.6889863644875938,5,0.1
threshold_33,threshold,1,1,5,3.278819983967042,0.728757616032958,8,0.16
threshold_33,threshold,1,2,5,3.3144017753613824,0.6931758246386176,7,0.14
threshold_33,threshold,1,3,5,3.333011355942281,0.674566244057721,7,0.14
threshold_33,threshold,1,4,5,3.3317859695964915,0.6757916304035086,7,0.14
threshold_33,threshold,1,5,5,3.3301967755861446,0.6773808244138557,7,0.14
threshold_33,threshold,1,6,5,3.31031398877973,0.6972636112202713,7,0.14
threshold_33,threshold,1,7,5,3.3162522604187545,0.6913253395812459,6,0.12000000000000001
threshold_33,threshold,1,8,5,3.3089405848168782,0.6986370151831213,8,0.16
threshold_33,threshold,1,9,5,3.3131598561449613,0.69441774385504,5,0.1
threshold_33,threshold,1,0,6,3.3092196966164114,0.6983579033835888,6,0.12000000000000001
threshold_33,threshold,1,1,6,3.2861969632475154,0.7213806367524843,9,0.18
threshold_33,threshold,1,2,6,3.2992799216302426,0.7082976783697569,7,0.14
threshold_33,threshold,1,3,6,3.305553609591838,0.7020239904081628,7,0.14
threshold_33,threshold,1,4,6,3.307033983579483,0.7005436164205178,6,0.12000000000000001
threshold_33,threshold,1,5,6,3.30276193402493,0.7048156659750692,7,0.14
threshold_33,threshold,1,6,6,3.2804948452098883,0.7270827547901115,6,0.12000000000000001
threshold_33,threshold,1,7,6,3.3273111947327734,0.6802664052672275,6,0.12000000000000001
threshold_33,threshold,1,8,6,3.2803315560339716,0.7272460439660299,8,0.16
threshold_33,threshold,1,9,6,3.3246161726206704,0.6829614273793306,5,0.1
threshold_33,threshold,1,0,7,3.3067496314984153,0.7008279685015831,5,0.1
threshold_33,threshold,1,1,7,3.2846373350974485,0.7229402649025519,8,0.16
threshold_33,threshold,1,2,7,3.30268994513351,0.7048876548664912,7,0.14
threshold_33,threshold,1,3,7,3.3069672133811245,0.7006103866188754,7,0.14
threshold_33,threshold,1,4,7,3.317319571941878,0.6902580280581221,7,0.14
threshold_33,threshold,1,5,7,3.296192724408022,0.7113848755919777,6,0.12000000000000001
threshold_33,threshold,1,6,7,3.321162504329379,0.6864150956706232,7,0.14
threshold_33,threshold,1,7,7,3.3058822663347733,0.7016953336652274,7,0.14
threshold_33,threshold,1,8,7,3.2925290257535766,0.7150485742464249,8,0.16
threshold_33,threshold,1,9,7,3.297806802623377,0.7097707973766241,5,0.1
threshold_33,threshold,1,0,8,3.3054556116686786,0.7021219883313218,7,0.14
threshold_33,threshold,1,1,8,3.265850534560044,0.7417270654399551,9,0.18
threshold_33,threshold,1,2,8,3.293310688451364,0.7142669115486355,9,0.18
threshold_33,threshold,1,3,8,3.2851812736301333,0.7223963263698684,8,0.16
threshold_33,threshold,1,4,8,3.2851089562289157,0.7224686437710853,9,0.18
threshold_33,threshold,1,5,8,3.2873580795758954,0.7202195204241052,8,0.16
threshold_33,threshold,1,6,8,3.2729592731630617,0.7346183268369388,9,0.18
threshold_33,threshold,1,7,8,3.2925904822720544,0.7149871177279455,8,0.16
threshold_33,threshold,1,8,8,3.230694130257074,0.7768834697429255,10,0.19999999999999998
threshold_33,threshold,1,9,8,3.285522059887216,0.7220555401127848,7,0.14
threshold_33,threshold,1,0,9,3.3152385853768185,0.6923390146231799,3,0.06
threshold_33,threshold,1,1,9,3.301690937657022,0.7058866623429786,7,0.14
threshold_33,threshold,1,2,9,3.3194348814506998,0.6881427185493004,5,0.1
threshold_33,threshold,1,3,9,3.322004091516084,0.6855735084839171,4,0.08
threshold_33,threshold,1,4,9,3.2995246510875873,0.7080529489124129,6,0.12000000000000001
threshold_33,threshold,1,5,9,3.2746665464954354,0.7329110535045651,4,0.08
threshold_33,threshold,1,6,9,3.3259240431270536,0.6816535568729453,6,0.12000000000000001
threshold_33,threshold,1,7,9,3.3303587676080486,0.6772188323919514,6,0.12000000000000001
threshold_33,threshold,1,8,9,3.308923135373045,0.6986544646269554,7,0.14
threshold_33,threshold,1,9,9,3.2963691949486087,0.7112084050513916,4,0.08
threshold_30,threshold,2,0,0,3.3093137785292215,0.6982638214707773,4,0.14
threshold_30,threshold,2,1,0,3.2609783748636643,0.7465992251363349,9,0.32
threshold_30,threshold,2,2,0,3.2417648620254926,0.7658127379745076,6,0.21999999999999997
threshold_30,threshold,2,3,0,3.289090346232541,0.7184872537674584,6,0.23999999999999996
threshold_30,threshold,2,4,0,3.2787211795133597,0.7288564204866418,6,0.21999999999999997
threshold_30,threshold,2,5,0,3.2803461118547474,0.7272314881452513,5,0.19999999999999998
threshold_30,threshold,2,6,0,3.309482394272594,0.6980952057274057,6,0.19999999999999998
threshold_30,threshold,2,7,0,3.3094855891422537,0.6980920108577469,6,0.23999999999999996
threshold_30,threshold,2,8,0,3.2541683107745563,0.7534092892254428,8,0.3
threshold_30,threshold,2,9,0,3.305808870838028,0.7017687291619714,4,0.14
threshold_30,threshold,2,0,1,3.246744235916631,0.7608333640833695,8,0.3
threshold_30,threshold,2,1,1,3.0747882298963733,0.9327893701036264,10,0.4000000000000001
threshold_30,threshold,2,2,1,3.17970303712399,0.82787456287601,9,0.36000000000000004
threshold_30,threshold,2,3,1,3.207038283658821,0.8005393163411795,9,0.34
threshold_30,threshold,2,4,1,3.202508087725712,0.8050695122742877,9,0.36000000000000004
threshold_30,threshold,2,5,1,3.187818474732408,0.8197591252675914,9,0.34
threshold_30,threshold,2,6,1,3.2051040898284064,0.8024735101715926,9,0.34
threshold_30,threshold,2,7,1,3.188132174105735,0.8194454258942666,9,0.36000000000000004
threshold_30,threshold,2,8,1,3.095011604877271,0.9125659951227288,10,0.4000000000000001
threshold_30,threshold,2,9,1,3.2726744098548837,0.734903190145116,8,0.3
threshold_30,threshold,2,0,2,3.301817567258052,0.7057600327419484,6,0.19999999999999998
threshold_30,threshold,2,1,2,3.2124479871211604,0.7951296128788407,9,0.34
threshold_30,threshold,2,2,2,3.225466146616623,0.7821114533833762,8,0.3
threshold_30,threshold,2,3,2,3.2650028993140587,0.7425747006859412,8,0.27999999999999997
threshold_30,threshold,2,4,2,3.2654776316805307,0.7420999683194685,8,0.3
threshold_30,threshold,2,5,2,3.24516698671328,0.7624106132867192,8,0.3
threshold_30,threshold,2,6,2,3.2697048667701303,0.7378727332298697,9,0.32
threshold_30,threshold,2,7,2,3.2556537568413133,0.7519238431586867,9,0.32
threshold_30,threshold,2,8,2,3.202064319918761,0.8055132800812393,10,0.36000000000000004
threshold_30,threshold,2,9,2,3.260418936890953,0.7471586631090469,6,0.21999999999999997
threshold_30,threshold,2,0,3,3.3173095899391947,0.6902680100608057,6,0.23999999999999996
threshold_30,threshold,2,1,3,3.1936864061021613,0.8138911938978387,10,0.36000000000000004
threshold_30,threshold,2,2,3,3.2436977786952426,0.7638798213047581,9,0.32
threshold_30,threshold,2,3,3,3.254953405135449,0.7526241948645499,8,0.3
threshold_30,threshold,2,4,3,3.277170438725237,0.7304071612747637,9,0.32
threshold_30,threshold,2,5,3,3.268967823165419,0.7386097768345812,8,0.3
threshold_30,threshold,2,6,3,3.246711747024041,0.7608658529759588,8,0.3
threshold_30,threshold,2,7,3,3.2672954938446983,0.7402821061553014,8,0.27999999999999997
threshold_30,threshold,2,8,3,3.179832728477082,0.827744871522919,9,0.36000000000000004
threshold_30,threshold,2,9,3,3.306524493207541,0.7010531067924594,5,0.19999999999999998
threshold_30,threshold,2,0,4,3.28348236714583,0.7240952328541697,6,0.21999999999999997
threshold_30,threshold,2,1,4,3.180009619015271,0.8275679809847298,9,0.34
threshold_30,threshold,2,2,4,3.250479008668431,0.7570985913315671,9,0.32
threshold_30,threshold,2,3,4,3.267238508836347,0.7403390911636522,7,0.27999999999999997
threshold_30,threshold,2,4,4,3.2813105796816244,0.7262670203183751,7,0.27999999999999997
threshold_30,threshold,2,5,4,3.2544163660496475,0.7531612339503518,8,0.3
threshold_30,threshold,2,6,4,3.2577780287489544,0.7497995712510463,8,0.3
threshold_30,threshold,2,7,4,3.2657033308633965,0.7418742691366025,8,0.3
threshold_30,threshold,2,8,4,3.2139124543891744,0.7936651456108251,9,0.34
threshold_30,threshold,2,9,4,3.283588553114825,0.7239890468851742,5,0.19999999999999998
threshold_30,threshold,2,0,5,3.274736054005418,0.7328415459945831,5,0.19999999999999998
threshold_30,threshold,2,1,5,3.214866581454343,0.7927110185456574,10,0.36000000000000004
threshold_30,threshold,2,2,5,3.2406483390751255,0.7669292609248746,9,0.32
threshold_30,threshold,2,3,5,3.282087481186673,0.7254901188133269,7,0.25999999999999995
threshold_30,threshold,2,4,5,3.280362857530016,0.7272147424699854,7,0.27999999999999997
threshold_30,threshold,2,5,5,3.2695018232541844,0.7380757767458149,8,0.3
threshold_30,threshold,2,6,5,3.248982656633113,0.7585949433668876,9,0.32
threshold_30,threshold,2,7,5,3.265749172973973,0.7418284270260268,8,0.3
threshold_30,threshold,2,8,5,3.1913534388126052,0.8162241611873954,9,0.36000000000000004
threshold_30,threshold,2,9,5,3.2776885761795533,0.7298890238204456,6,0.23999999999999996
threshold_30,threshold,2,0,6,3.272595675623441,0.7349819243765582,6,0.21999999999999997
threshold_30,threshold,2,1,6,3.1896364893554665,0.8179411106445333,9,0.34
threshold_30,threshold,2,2,6,3.2685157173626984,0.7390618826373025,7,0.27999999999999997
threshold_30,threshold,2,3,6,3.2584709634534845,0.7491066365465148,8,0.3
threshold_30,threshold,2,4,6,3.255105146679502,0.7524724533204991,8,0.3
threshold_30,threshold,2,5,6,3.2495075794215835,0.758070020578416,9,0.32
threshold_30,threshold,2,6,6,3.2710865203213975,0.7364910796786035,8,0.3
threshold_30,threshold,2,7,6,3.2561379018907,0.7514396981092989,8,0.3
threshold_30,threshold,2,8,6,3.1948989394674623,0.8126786605325386,9,0.34
threshold_30,threshold,2,9,6,3.281316038157367,0.7262615618426338,7,0.25999999999999995
threshold_30,threshold,2,0,7,3.298945206206678,0.708632393793321,7,0.23999999999999996
threshold_30,threshold,2,1,7,3.171123698606763,0.8364539013932385,9,0.36000000000000004
threshold_30,threshold,2,2,7,3.2503229290767206,0.7572546709232779,8,0.3
threshold_30,threshold,2,3,7,3.2495060870197405,0.75807151298026,8,0.3
threshold_30,threshold,2,4,7,3.2457234057664723,0.7618541942335274,9,0.34
threshold_30,threshold,2,5,7,3.260030521033063,0.7475470789669376,9,0.32
threshold_30,threshold,2,6,7,3.277678664105803,0.7298989358941959,8,0.27999999999999997
threshold_30,threshold,2,7,7,3.2436457202450875,0.7639318797549127,8,0.3
threshold_30,threshold,2,8,7,3.2127608226763344,0.7948167773236665,10,0.36000000000000004
threshold_30,threshold,2,9,7,3.296044134966193,0.7115334650338071,6,0.21999999999999997
threshold_30,threshold,2,0,8,3.2759212845020578,0.7316563154979413,8,0.3
threshold_30,threshold,2,1,8,3.161403429686171,0.8461741703138281,10,0.38000000000000006
threshold_30,threshold,2,2,8,3.199687120733789,0.8078904792662107,9,0.34
threshold_30,threshold,2,3,8,3.1934691941206848,0.8141084058793139,10,0.38000000000000006
threshold_30,threshold,2,4,8,3.2042451196108788,0.8033324803891215,9,0.36000000000000004
threshold_30,threshold,2,5,8,3.1805494446651563,0.8270281553348441,10,0.38000000000000006
threshold_30,threshold,2,6,8,3.2085117930815983,0.7990658069184025,9,0.32
threshold_30,threshold,2,7,8,3.1701488578461854,0.8374287421538162,10,0.38000000000000006
threshold_30,threshold,2,8,8,3.0987165149446425,0.9088610850553582,10,0.38000000000000006
threshold_30,threshold,2,9,8,3.255538415718549,0.752039184281451,8,0.3
threshold_30,threshold,2,0,9,3.3125167124475063,0.6950608875524923,4,0.14
threshold_30,threshold,2,1,9,3.237525668989511,0.7700519310104889,8,0.3
threshold_30,threshold,2,2,9,3.284222718594303,0.7233548814057,6,0.21999999999999997
threshold_30,threshold,2,3,9,3.2947050142950225,0.712872585704977,6,0.21999999999999997
threshold_30,threshold,2,4,9,3.293968726691426,0.7136088733085745,5,0.19999999999999998
threshold_30,threshold,2,5,9,3.2904683291368833,0.7171092708631165,6,0.21999999999999997
threshold_30,threshold,2,6,9,3.2781832369095474,0.7293943630904537,7,0.25999999999999995
threshold_30,threshold,2,7,9,3.2898133646368026,0.7177642353631987,5,0.19999999999999998
threshold_30,threshold,2,8,9,3.2633896406534344,0.7441879593465641,8,0.3
threshold_30,threshold,2,9,9,3.2727028992502545,0.7348747007497459,3,0.12000000000000001
threshold_32,threshold,2,0,0,3.322774661445268,0.6848029385547331,4,0.14
threshold_32,threshold,2,1,0,3.260713357479637,0.7468642425203624,8,0.3
threshold_32,threshold,2,2,0,3.299483769425084,0.708093830574917,6,0.23999999999999996
threshold_32,threshold,2,3,0,3.301283898093497,0.7062937019065022,5,0.18
threshold_32,threshold,2,4,0,3.294536398189824,0.7130412018101758,6,0.19999999999999998
threshold_32,threshold,2,5,0,3.277113432580792,0.7304641674192096,5,0.19999999999999998
threshold_32,threshold,2,6,0,3.274479091844458,0.733098508155543,6,0.23999999999999996
threshold_32,threshold,2,7,0,3.2892199493140315,0.7183576506859681,7,0.23999999999999996
threshold_32,threshold,2,8,0,3.250168938529849,0.7574086614701503,7,0.27999999999999997
threshold_32,threshold,2,9,0,3.2824867880333266,0.7250908119666728,5,0.18
threshold_32,threshold,2,0,1,3.267563703011475,0.7400138969885245,9,0.32
threshold_32,threshold,2,1,1,3.0829340079522005,0.9246435920478,10,0.38000000000000006
threshold_32,threshold,2,2,1,3.2027805283320134,0.8047970716679862,9,0.34
threshold_32,threshold,2,3,1,3.223612078567161,0.78396552143284,9,0.36000000000000004
threshold_32,threshold,2,4,1,3.220510185748602,0.7870674142513984,9,0.34
threshold_32,threshold,2,5,1,3.221217755791706,0.7863598442082949,9,0.36000000000000004
threshold_32,threshold,2,6,1,3.2047754953120093,0.8028021046879914,10,0.38000000000000006
threshold_32,threshold,2,7,1,3.1870456701501446,0.8205319298498556,10,0.36000000000000004
threshold_32,threshold,2,8,1,3.0950300471006638,0.9125475528993353,10,0.4000000000000001
threshold_32,threshold,2,9,1,3.2522581700478366,0.755319429952163,8,0.3
threshold_32,threshold,2,0,2,3.2852172886492923,0.722360311350708,7,0.23999999999999996
threshold_32,threshold,2,1,2,3.1827951936689254,0.8247824063310736,9,0.36000000000000004
threshold_32,threshold,2,2,2,3.258729500425551,0.7488480995744483,8,0.3
threshold_32,threshold,2,3,2,3.2739804305503446,0.7335971694496565,8,0.3
threshold_32,threshold,2,4,2,3.281975820547622,0.7256017794523786,8,0.3
threshold_32,threshold,2,5,2,3.250125065148558,0.7574525348514421,8,0.3
threshold_32,threshold,2,6,2,3.253006578453385,0.7545710215466155,9,0.32
threshold_32,threshold,2,7,2,3.23481915307261,0.77275844692739,9,0.32
threshold_32,threshold,2,8,2,3.158646631129818,0.8489309688701835,10,0.38000000000000006
threshold_32,threshold,2,9,2,3.300425762993695,0.7071518370063056,7,0.23999999999999996
threshold_32,threshold,2,0,3,3.2849787567196898,0.7225988432803103,6,0.23999999999999996
threshold_32,threshold,2,1,3,3.2246648362361747,0.7829127637638255,9,0.34
threshold_32,threshold,2,2,3,3.248109570638066,0.7594680293619345,7,0.27999999999999997
threshold_32,threshold,2,3,3,3.2842449074028774,0.7233326925971215,7,0.25999999999999995
threshold_32,threshold,2,4,3,3.2413068678736536,0.7662707321263451,8,0.3
threshold_32,threshold,2,5,3,3.2788383532753413,0.7287392467246602,8,0.3
threshold_32,threshold,2,6,3,3.2589440709227446,0.7486335290772576,8,0.3
threshold_32,threshold,2,7,3,3.2521981253467653,0.7553794746532354,9,0.32
threshold_32,threshold,2,8,3,3.1905451726057614,0.8170324273942388,9,0.36000000000000004
threshold_32,threshold,2,9,3,3.284132571464704,0.7234450285352959,7,0.23999999999999996
threshold_32,threshold,2,0,4,3.284927698626944,0.7226499013730562,6,0.21999999999999997
threshold_32,threshold,2,1,4,3.2189730624040083,0.7886045375959907,9,0.36000000000000004
threshold_32,threshold,2,2,4,3.2822979461106088,0.725279653889391,7,0.25999999999999995
threshold_32,threshold,2,3,4,3.2593648835904805,0.7482127164095204,8,0.3
threshold_32,threshold,2,4,4,3.290173677687158,0.717403922312842,8,0.27999999999999997
threshold_32,threshold,2,5,4,3.2716148327249113,0.7359627672750889,8,0.27999999999999997
threshold_32,threshold,2,6,4,3.280010552583015,0.727567047416984,8,0.3
threshold_32,threshold,2,7,4,3.257068090420874,0.7505095095791262,8,0.3
threshold_32,threshold,2,8,4,3.169539524549031,0.8380380754509684,10,0.38000000000000006
threshold_32,threshold,2,9,4,3.288603344489108,0.7189742555108926,6,0.21999999999999997
threshold_32,threshold,2,0,5,3.2997187403345762,0.7078588596654238,6,0.23999999999999996
threshold_32,threshold,2,1,5,3.2264178011888256,0.7811597988111754,9,0.36000000000000004
threshold_32,threshold,2,2,5,3.252740346874753,0.7548372531252459,9,0.32
threshold_32,threshold,2,3,5,3.2741377976513677,0.7334398023486322,8,0.3
threshold_32,threshold,2,4,5,3.2380314506067776,0.7695461493932224,7,0.25999999999999995
threshold_32,threshold,2,5,5,3.257213755922586,0.750363844077416,6,0.27999999999999997
threshold_32,threshold,2,6,5,3.251726460118423,0.7558511398815771,8,0.32
threshold_32,threshold,2,7,5,3.2866785674312458,0.720899032568754,8,0.3
threshold_32,threshold,2,8,5,3.2314864189953205,0.7760911810046808,9,0.34
threshold_32,threshold,2,9,5,3.3136814377425488,0.6938961622574514,6,0.21999999999999997
threshold_32,threshold,2,0,6,3.282448280379461,0.72512931962054,6,0.23999999999999996
threshold_32,threshold,2,1,6,3.227603382134422,0.7799742178655785,9,0.36000000000000004
threshold_32,threshold,2,2,6,3.258068614623634,0.7495089853763668,9,0.3
threshold_32,threshold,2,3,6,3.2604837671529525,0.7470938328470474,8,0.3
threshold_32,threshold,2,4,6,3.2688175529732155,0.7387600470267848,8,0.3
threshold_32,threshold,2,5,6,3.253057049724065,0.7545205502759348,8,0.3
threshold_32,threshold,2,6,6,3.2837959823876726,0.7237816176123267,7,0.27999999999999997
threshold_32,threshold,2,7,6,3.2828500429594243,0.7247275570405755,8,0.3
threshold_32,threshold,2,8,6,3.2124514970289626,0.7951261029710375,9,0.34
threshold_32,threshold,2,9,6,3.2815243810792767,0.7260532189207234,5,0.19999999999999998
threshold_32,threshold,2,0,7,3.2723699590708284,0.7352076409291719,6,0.23999999999999996
threshold_32,threshold,2,1,7,3.187966906323737,0.8196106936762637,10,0.38000000000000006
threshold_32,threshold,2,2,7,3.238703290493304,0.7688743095066957,9,0.32
threshold_32,threshold,2,3,7,3.2522494551187417,0.7553281448812567,7,0.27999999999999997
threshold_32,threshold,2,4,7,3.247344130111024,0.7602334698889759,9,0.32
threshold_32,threshold,2,5,7,3.262488452569848,0.7450891474301525,8,0.27999999999999997
threshold_32,threshold,2,6,7,3.248585494578316,0.7589921054216848,9,0.32
threshold_32,threshold,2,7,7,3.2572723071602874,0.7503052928397129,8,0.27999999999999997
threshold_32,threshold,2,8,7,3.2199718106303408,0.7876057893696607,9,0.36000000000000004
threshold_32,threshold,2,9,7,3.2778157625990447,0.7297618374009552,7,0.25999999999999995
threshold_32,threshold,2,0,8,3.2487448967082275,0.7588327032917735,8,0.3
threshold_32,threshold,2,1,8,3.06837123794355,0.9392063620564506,10,0.4000000000000001
threshold_32,threshold,2,2,8,3.198378513770299,0.8091990862297012,9,0.36000000000000004
threshold_32,threshold,2,3,8,3.2159564357855595,0.7916211642144408,9,0.34
threshold_32,threshold,2,4,8,3.188049429964522,0.8195281700354791,10,0.36000000000000004
threshold_32,threshold,2,5,8,3.205954568468963,0.8016230315310364,9,0.34
threshold_32,threshold,2,6,8,3.2051227074279445,0.8024548925720543,9,0.34
threshold_32,threshold,2,7,8,3.1691298026686288,0.8384477973313712,9,0.36000000000000004
threshold_32,threshold,2,8,8,3.0653719314850933,0.9422056685149082,10,0.38000000000000006
threshold_32,threshold,2,9,8,3.2771564921318053,0.7304211078681943,7,0.25999999999999995
threshold_32,threshold,2,0,9,3.2780360528510966,0.7295415471489031,4,0.14
threshold_32,threshold,2,1,9,3.232113307590402,0.7754642924095967,8,0.3
threshold_32,threshold,2,2,9,3.2799414191935163,0.7276361808064847,6,0.19999999999999998
threshold_32,threshold,2,3,9,3.2999157874271527,0.7076618125728474,6,0.21999999999999997
threshold_32,threshold,2,4,9,3.292517380594594,0.7150602194054062,5,0.19999999999999998
threshold_32,threshold,2,5,9,3.285459485375893,0.7221181146241078,6,0.21999999999999997
threshold_32,threshold,2,6,9,3.296672519050081,0.7109050809499182,6,0.21999999999999997
threshold_32,threshold,2,7,9,3.293576791541913,0.7140008084580866,7,0.23999999999999996
threshold_32,threshold,2,8,9,3.24813752059827,0.7594400794017306,8,0.3
threshold_32,threshold,2,9,9,3.290054272233433,0.7175233277665656,4,0.16
threshold_31,threshold,2,0,0,3.314092039365676,0.693485560634325,4,0.16
threshold_31,threshold,2,1,0,3.257787912596308,0.7497896874036922,9,0.32
threshold_31,threshold,2,2,0,3.272015509868777,0.7355620901312231,6,0.21999999999999997
threshold_31,threshold,2,3,0,3.298772094219235,0.7088055057807658,6,0.21999999999999997
threshold_31,threshold,2,4,0,3.27885752049241,0.728720079507591,5,0.19999999999999998
threshold_31,threshold,2,5,0,3.289579421687827,0.7179981783121726,5,0.18
threshold_31,threshold,2,6,0,3.290311615968491,0.7172659840315093,6,0.21999999999999997
threshold_31,threshold,2,7,0,3.3034132648168724,0.7041643351831269,6,0.21999999999999997
threshold_31,threshold,2,8,0,3.281727140201133,0.7258504597988664,8,0.3
threshold_31,threshold,2,9,0,3.322005046925351,0.6855725530746487,4,0.14
threshold_31,threshold,2,0,1,3.248889342639338,0.7586882573606633,8,0.32
threshold_31,threshold,2,1,1,3.08505519214156,0.9225224078584396,10,0.38000000000000006
threshold_31,threshold,2,2,1,3.19406592983724,0.8135116701627614,9,0.34
threshold_31,threshold,2,3,1,3.189849520934258,0.8177280790657411,9,0.36000000000000004
threshold_31,threshold,2,4,1,3.1843816682748356,0.8231959317251654,10,0.38000000000000006
threshold_31,threshold,2,5,1,3.2049262199480126,0.8026513800519878,9,0.34
threshold_31,threshold,2,6,1,3.245358322790476,0.7622192772095242,8,0.32
threshold_31,threshold,2,7,1,3.2339348249638125,0.7736427750361875,9,0.34
threshold_31,threshold,2,8,1,3.0881622682785297,0.919415331721469,10,0.4000000000000001
threshold_31,threshold,2,9,1,3.2692406058568584,0.7383369941431414,8,0.27999999999999997
threshold_31,threshold,2,0,2,3.2766216065440505,0.7309559934559487,6,0.21999999999999997
threshold_31,threshold,2,1,2,3.1768693031471895,0.830708296852811,9,0.34
threshold_31,threshold,2,2,2,3.256760930497204,0.7508166695027965,8,0.32
threshold_31,threshold,2,3,2,3.247685436494766,0.7598921635052348,9,0.32
threshold_31,threshold,2,4,2,3.2535718661126736,0.7540057338873273,9,0.32
threshold_31,threshold,2,5,2,3.2764381780495677,0.7311394219504318,9,0.32
threshold_31,threshold,2,6,2,3.275109469647584,0.732468130352415,8,0.27999999999999997
threshold_31,threshold,2,7,2,3.299812546860872,0.7077650531391279,8,0.3
threshold_31,threshold,2,8,2,3.215443937439024,0.7921336625609765,9,0.36000000000000004
threshold_31,threshold,2,9,2,3.3071021527451685,0.7004754472548304,6,0.21999999999999997
threshold_31,threshold,2,0,3,3.2840946031275853,0.7234829968724152,7,0.23999999999999996
threshold_31,threshold,2,1,3,3.2058234122894196,0.801754187710579,10,0.36000000000000004
threshold_31,threshold,2,2,3,3.252003995395347,0.7555736046046536,8,0.32
threshold_31,threshold,2,3,3,3.254013561174491,0.7535640388255085,9,0.32
threshold_31,threshold,2,4,3,3.260378666524991,0.7471989334750104,8,0.3
threshold_31,threshold,2,5,3,3.2785478001790564,0.7290297998209434,8,0.32
threshold_31,threshold,2,6,3,3.292693035597643,0.7148845644023567,7,0.27999999999999997
threshold_31,threshold,2,7,3,3.2888238206932545,0.7187537793067442,7,0.27999999999999997
threshold_31,threshold,2,8,3,3.21646496907207,0.7911126309279304,9,0.34
threshold_31,threshold,2,9,3,3.299520144821808,0.7080574551781921,6,0.21999999999999997
threshold_31,threshold,2,0,4,3.2622282290569395,0.7453493709430596,6,0.23999999999999996
threshold_31,threshold,2,1,4,3.2179380683035026,0.7896395316964978,10,0.36000000000000004
threshold_31,threshold,2,2,4,3.245415579435653,0.7621620205643456,8,0.3
threshold_31,threshold,2,3,4,3.258296217252064,0.7492813827479364,8,0.3
threshold_31,threshold,2,4,4,3.2700834296243095,0.7374941703756901,8,0.27999999999999997
threshold_31,threshold,2,5,4,3.283581310834443,0.7239962891655577,7,0.27999999999999997
threshold_31,threshold,2,6,4,3.2685236741913126,0.7390539258086878,8,0.3
threshold_31,threshold,2,7,4,3.256514236583691,0.7510633634163097,9,0.32
threshold_31,threshold,2,8,4,3.191231389443861,0.8163462105561388,9,0.36000000000000004
threshold_31,threshold,2,9,4,3.3073835821726227,0.7001940178273768,6,0.23999999999999996
threshold_31,threshold,2,0,5,3.2759992875508535,0.7315783124491456,6,0.21999999999999997
threshold_31,threshold,2,1,5,3.185620261796188,0.8219573382038128,9,0.34
threshold_31,threshold,2,2,5,3.255834354211961,0.7517432457880376,8,0.27999999999999997
threshold_31,threshold,2,3,5,3.2709077655258176,0.7366698344741829,8,0.3
threshold_31,threshold,2,4,5,3.2893184540806675,0.7182591459193316,8,0.3
threshold_31,threshold,2,5,5,3.2863254388450134,0.7212521611549866,8,0.27999999999999997
threshold_31,threshold,2,6,5,3.2736722546108337,0.7339053453891665,7,0.27999999999999997
threshold_31,threshold,2,7,5,3.254509649480566,0.7530679505194343,9,0.32
threshold_31,threshold,2,8,5,3.20904396711615,0.79853363288385,9,0.36000000000000004
threshold_31,threshold,2,9,5,3.2829752689417906,0.7246023310582089,6,0.23999999999999996
threshold_31,threshold,2,0,6,3.291900267833542,0.7156773321664573,6,0.21999999999999997
threshold_31,threshold,2,1,6,3.2065976737271797,0.8009799262728212,9,0.34
threshold_31,threshold,2,2,6,3.2516015404309724,0.7559760595690265,9,0.32
threshold_31,threshold,2,3,6,3.254929551407411,0.7526480485925877,8,0.3
threshold_31,threshold,2,4,6,3.2754849405907396,0.7320926594092597,8,0.3
threshold_31,threshold,2,5,6,3.276657040295345,0.7309205597046546,8,0.3
threshold_31,threshold,2,6,6,3.2949913200452614,0.7125862799547398,7,0.25999999999999995
threshold_31,threshold,2,7,6,3.2774247012348083,0.7301528987651915,8,0.3
threshold_31,threshold,2,8,6,3.205249464506621,0.8023281354933808,9,0.36000000000000004
threshold_31,threshold,2,9,6,3.295762273986107,0.7118153260138936,5,0.19999999999999998
threshold_31,threshold,2,0,7,3.2961133771011943,0.711464222898805,7,0.23999999999999996
threshold_31,threshold,2,1,7,3.1689157803646815,0.8386618196353193,9,0.36000000000000004
threshold_31,threshold,2,2,7,3.277643947335371,0.7299336526646292,8,0.3
threshold_31,threshold,2,3,7,3.2631283746949777,0.744449225305022,8,0.3
threshold_31,threshold,2,4,7,3.2594199168385227,0.7481576831614781,8,0.3
threshold_31,threshold,2,5,7,3.2674188677686122,0.7401587322313875,8,0.3
threshold_31,threshold,2,6,7,3.2746201086767894,0.7329574913232105,8,0.27999999999999997
threshold_31,threshold,2,7,7,3.2348634380979777,0.7727141619020219,8,0.32
threshold_31,threshold,2,8,7,3.250797393562544,0.7567802064374567,9,0.34
threshold_31,threshold,2,9,7,3.2990636482999403,0.70851395170006,7,0.25999999999999995
threshold_31,threshold,2,0,8,3.2619244346791847,0.7456531653208158,8,0.27999999999999997
threshold_31,threshold,2,1,8,3.095673232577711,0.9119043674222901,10,0.4000000000000001
threshold_31,threshold,2,2,8,3.1854284149754095,0.8221491850245906,9,0.34
threshold_31,threshold,2,3,8,3.2280196868206295,0.7795579131793712,9,0.34
threshold_31,threshold,2,4,8,3.1861988579388254,0.8213787420611744,9,0.36000000000000004
threshold_31,threshold,2,5,8,3.1667983982965984,0.8407792017034014,9,0.36000000000000004
threshold_31,threshold,2,6,8,3.20953567925661,0.79804192074339,10,0.38000000000000006
threshold_31,threshold,2,7,8,3.165296274673251,0.84228132532675,10,0.38000000000000006
threshold_31,threshold,2,8,8,3.115041898817696,0.8925357011823037,10,0.38000000000000006
threshold_31,threshold,2,9,8,3.248440558048883,0.7591370419511154,8,0.3
threshold_31,threshold,2,0,9,3.301504953850447,0.7060726461495541,3,0.14
threshold_31,threshold,2,1,9,3.256583464816403,0.7509941351835971,8,0.3
threshold_31,threshold,2,2,9,3.2924602454643224,0.7151173545356788,7,0.21999999999999997
threshold_31,threshold,2,3,9,3.286667072588822,0.7209105274111778,5,0.19999999999999998
threshold_31,threshold,2,4,9,3.2859139642871114,0.7216636357128899,5,0.19999999999999998
threshold_31,threshold,2,5,9,3.288289606086994,0.719287993913006,5,0.19999999999999998
threshold_31,threshold,2,6,9,3.286683615886976,0.7208939841130255,6,0.21999999999999997
threshold_31,threshold,2,7,9,3.2803690454927126,0.7272085545072878,6,0.23999999999999996
threshold_31,threshold,2,8,9,3.2522552490797114,0.7553223509202893,8,0.3
threshold_31,threshold,2,9,9,3.288865632647956,0.7187119673520439,3,0.1
threshold_33,threshold,2,0,0,3.3128439124204867,0.694733687579512,4,0.16
threshold_33,threshold,2,1,0,3.2531347985088526,0.7544428014911471,9,0.32
threshold_33,threshold,2,2,0,3.2766940514461944,0.7308835485538064,7,0.23999999999999996
threshold_33,threshold,2,3,0,3.281438325139389,0.7261392748606126,6,0.21999999999999997
threshold_33,threshold,2,4,0,3.273973366701867,0.7336042332981331,5,0.21999999999999997
threshold_33,threshold,2,5,0,3.3003738921404717,0.7072037078595282,6,0.21999999999999997
threshold_33,threshold,2,6,0,3.308008189596265,0.6995694104037351,5,0.19999999999999998
threshold_33,threshold,2,7,0,3.290820211236951,0.7167573887630497,6,0.21999999999999997
threshold_33,threshold,2,8,0,3.2669625702570815,0.7406150297429188,8,0.3
threshold_33,threshold,2,9,0,3.324690184827907,0.6828874151720933,4,0.14
threshold_33,threshold,2,0,1,3.247223759082024,0.7603538409179761,9,0.34
threshold_33,threshold,2,1,1,3.081601981395232,0.9259756186047667,10,0.4000000000000001
threshold_33,threshold,2,2,1,3.1532734416260055,0.8543041583739952,10,0.38000000000000006
threshold_33,threshold,2,3,1,3.199834694693137,0.8077429053068625,9,0.34
threshold_33,threshold,2,4,1,3.221826242520679,0.7857513574793212,9,0.34
threshold_33,threshold,2,5,1,3.2364622917238965,0.7711153082761034,9,0.34
threshold_33,threshold,2,6,1,3.218399633818279,0.7891779661817223,9,0.34
threshold_33,threshold,2,7,1,3.2073762448583722,0.8002013551416294,9,0.34
threshold_33,threshold,2,8,1,3.0930203180984797,0.9145572819015202,10,0.4000000000000001
threshold_33,threshold,2,9,1,3.262859072889178,0.7447185271108238,8,0.3
threshold_33,threshold,2,0,2,3.313765146329083,0.6938124536709169,7,0.23999999999999996
threshold_33,threshold,2,1,2,3.1554388536490325,0.8521387463509672,10,0.38000000000000006
threshold_33,threshold,2,2,2,3.2565309993699025,0.7510466006300959,9,0.32
threshold_33,threshold,2,3,2,3.2445821995557145,0.7629954004442868,8,0.3
threshold_33,threshold,2,4,2,3.274745569586224,0.7328320304137766,8,0.27999999999999997
threshold_33,threshold,2,5,2,3.2598248515152908,0.7477527484847099,8,0.3
threshold_33,threshold,2,6,2,3.2555836070298283,0.75199399297017,8,0.3
threshold_33,threshold,2,7,2,3.2390511116324268,0.7685264883675733,9,0.34
threshold_33,threshold,2,8,2,3.187377097566442,0.8202005024335581,10,0.38000000000000006
threshold_33,threshold,2,9,2,3.273604857202702,0.7339727427972984,7,0.25999999999999995
threshold_33,threshold,2,0,3,3.274074123254355,0.7335034767456444,6,0.23999999999999996
threshold_33,threshold,2,1,3,3.207921768691635,0.7996558313083663,9,0.36000000000000004
threshold_33,threshold,2,2,3,3.238773560350584,0.7688040396494158,8,0.3
threshold_33,threshold,2,3,3,3.274687114693985,0.7328904853060145,7,0.25999999999999995
threshold_33,threshold,2,4,3,3.286072576095837,0.7215050239041634,8,0.27999999999999997
threshold_33,threshold,2,5,3,3.2550982233420926,0.7524793766579062,8,0.3
threshold_33,threshold,2,6,3,3.2643071657252456,0.7432704342747545,7,0.27999999999999997
threshold_33,threshold,2,7,3,3.2655350972195176,0.7420425027804828,8,0.27999999999999997
threshold_33,threshold,2,8,3,3.2079374133768632,0.7996401866231367,9,0.34
threshold_33,threshold,2,9,3,3.301282769890915,0.7062948301090844,6,0.21999999999999997
threshold_33,threshold,2,0,4,3.302606665770808,0.704970934229191,6,0.21999999999999997
threshold_33,threshold,2,1,4,3.2081835066181803,0.7993940933818199,9,0.34
threshold_33,threshold,2,2,4,3.259700268404279,0.7478773315957221,8,0.3
threshold_33,threshold,2,3,4,3.2691347540747535,0.738442845925247,7,0.25999999999999995
threshold_33,threshold,2,4,4,3.269088333787753,0.738489266212247,8,0.3
threshold_33,threshold,2,5,4,3.257782755474812,0.7497948445251892,7,0.27999999999999997
threshold_33,threshold,2,6,4,3.2616175058900723,0.7459600941099288,8,0.27999999999999997
threshold_33,threshold,2,7,4,3.2783013421087697,0.729276257891231,9,0.32
threshold_33,threshold,2,8,4,3.2348658904481424,0.7727117095518584,9,0.34
threshold_33,threshold,2,9,4,3.2774968812743244,0.7300807187256751,6,0.23999999999999996
threshold_33,threshold,2,0,5,3.2941478552482506,0.7134297447517498,6,0.21999999999999997
threshold_33,threshold,2,1,5,3.190228216721465,0.8173493832785366,9,0.34
threshold_33,threshold,2,2,5,3.256776464350202,0.7508011356497964,8,0.3
threshold_33,threshold,2,3,5,3.2780708425764584,0.7295067574235411,8,0.3
threshold_33,threshold,2,4,5,3.2487628110803106,0.758814788919689,8,0.3
threshold_33,threshold,2,5,5,3.269562213231454,0.738015386768546,8,0.3
threshold_33,threshold,2,6,5,3.2640522349257868,0.7435253650742135,8,0.3
threshold_33,threshold,2,7,5,3.304669660720623,0.7029079392793757,8,0.27999999999999997
threshold_33,threshold,2,8,5,3.2113710161545197,0.796206583845481,9,0.34
threshold_33,threshold,2,9,5,3.2807300419195413,0.7268475580804608,5,0.19999999999999998
threshold_33,threshold,2,0,6,3.2827584105185394,0.7248191894814613,6,0.23999999999999996
threshold_33,threshold,2,1,6,3.186479052409365,0.8210985475906363,9,0.36000000000000004
threshold_33,threshold,2,2,6,3.2696384330093764,0.7379391669906232,8,0.3
threshold_33,threshold,2,3,6,3.2869083306338163,0.7206692693661831,8,0.3
threshold_33,threshold,2,4,6,3.2677201060166894,0.7398574939833116,9,0.3
threshold_33,threshold,2,5,6,3.263457624275274,0.7441199757247255,7,0.27999999999999997
threshold_33,threshold,2,6,6,3.2600967498167863,0.7474808501832142,8,0.27999999999999997
threshold_33,threshold,2,7,6,3.282383478196678,0.725194121803322,8,0.27999999999999997
threshold_33,threshold,2,8,6,3.2187348832855656,0.7888427167144343,9,0.34
threshold_33,threshold,2,9,6,3.296505309385224,0.7110722906147765,5,0.19999999999999998
threshold_33,threshold,2,0,7,3.2938612677739063,0.7137163322260931,7,0.23999999999999996
threshold_33,threshold,2,1,7,3.2145320255724443,0.7930455744275561,9,0.34
threshold_33,threshold,2,2,7,3.2363119747032445,0.7712656252967552,8,0.3
threshold_33,threshold,2,3,7,3.2756573993919957,0.7319202006080048,8,0.3
threshold_33,threshold,2,4,7,3.2389908310513746,0.7685867689486257,9,0.32
threshold_33,threshold,2,5,7,3.2622081846138413,0.745369415386159,7,0.25999999999999995
threshold_33,threshold,2,6,7,3.26237048080635,0.7452071191936497,8,0.3
threshold_33,threshold,2,7,7,3.2187803192782742,0.7887972807217264,10,0.34
threshold_33,threshold,2,8,7,3.1940339659479164,0.813543634052083,9,0.34
threshold_33,threshold,2,9,7,3.2929730511694535,0.7146045488305477,6,0.21999999999999997
threshold_33,threshold,2,0,8,3.2718689666043645,0.7357086333956364,7,0.27999999999999997
threshold_33,threshold,2,1,8,3.1441737033032773,0.8634038966967235,10,0.38000000000000006
threshold_33,threshold,2,2,8,3.1706819091255842,0.8368956908744156,9,0.36000000000000004
threshold_33,threshold,2,3,8,3.236831446738427,0.7707461532615725,9,0.34
threshold_33,threshold,2,4,8,3.2111298437592564,0.7964477562407443,9,0.36000000000000004
threshold_33,threshold,2,5,8,3.21790011165335,0.7896774883466506,9,0.34
threshold_33,threshold,2,6,8,3.20107142828902,0.8065061717109812,9,0.36000000000000004
threshold_33,threshold,2,7,8,3.1985779611952685,0.8089996388047317,10,0.36000000000000004
threshold_33,threshold,2,8,8,3.05302141303829,0.9545561869617107,10,0.4000000000000001
threshold_33,threshold,2,9,8,3.2841296511995086,0.7234479488004902,8,0.3
threshold_33,threshold,2,0,9,3.318798642241781,0.6887789577582203,4,0.14
threshold_33,threshold,2,1,9,3.253975273506881,0.7536023264931204,7,0.27999999999999997
threshold_33,threshold,2,2,9,3.292573887081051,0.715003712918949,6,0.21999999999999997
threshold_33,threshold,2,3,9,3.316069768299172,0.6915078317008285,6,0.19999999999999998
threshold_33,threshold,2,4,9,3.3045534578118287,0.7030241421881709,6,0.23999999999999996
threshold_33,threshold,2,5,9,3.267408801094728,0.7401687989052723,6,0.19999999999999998
threshold_33,threshold,2,6,9,3.266369310249835,0.741208289750164,5,0.21999999999999997
threshold_33,threshold,2,7,9,3.2956543016726005,0.7119232983274015,7,0.25999999999999995
threshold_33,threshold,2,8,9,3.273197162001516,0.7343804379984857,8,0.3
threshold_33,threshold,2,9,9,3.3184555344764166,0.6891220655235842,5,0.18
threshold_30,threshold,3,0,0,3.2951767535641143,0.7124008464358859,4,0.21999999999999997
threshold_30,threshold,3,1,0,3.1821768944306292,0.8254007055693717,9,0.5000000000000001
threshold_30,threshold,3,2,0,3.2534367757095572,0.7541408242904433,7,0.36000000000000004
threshold_30,threshold,3,3,0,3.2345407329471194,0.7730368670528798,8,0.4000000000000001
threshold_30,threshold,3,4,0,3.2428912137938575,0.7646863862061415,8,0.38000000000000006
threshold_30,threshold,3,5,0,3.2844261082981183,0.7231514917018814,7,0.34
threshold_30,threshold,3,6,0,3.2613640687098924,0.7462135312901078,7,0.34
threshold_30,threshold,3,7,0,3.229982927021904,0.777594672978097,8,0.4000000000000001
threshold_30,threshold,3,8,0,3.16074342425587,0.8468341757441311,9,0.48000000000000015
threshold_30,threshold,3,9,0,3.269296319362715,0.738281280637285,5,0.23999999999999996
threshold_30,threshold,3,0,1,3.1570496657913316,0.8505279342086689,9,0.48000000000000015
threshold_30,threshold,3,1,1,2.880918790927782,1.1266588090722185,10,0.6000000000000002
threshold_30,threshold,3,2,1,3.0137843315599584,0.9937932684400431,9,0.5400000000000001
threshold_30,threshold,3,3,1,3.058251456697529,0.9493261433024719,9,0.5200000000000001
threshold_30,threshold,3,4,1,3.0833635703024074,0.9242140296975936,10,0.5600000000000002
threshold_30,threshold,3,5,1,3.0097044255896224,0.9978731744103773,10,0.5400000000000001
threshold_30,threshold,3,6,1,3.053431323271835,0.9541462767281667,9,0.5200000000000001
threshold_30,threshold,3,7,1,3.030649636082519,0.9769279639174825,9,0.5400000000000001
threshold_30,threshold,3,8,1,2.873066302250354,1.1345112977496465,10,0.6000000000000002
threshold_30,threshold,3,9,1,3.147716486591354,0.8598611134086455,9,0.48000000000000015
threshold_30,threshold,3,0,2,3.2321367748934726,0.7754408251065258,8,0.36000000000000004
threshold_30,threshold,3,1,2,3.0504633797378387,0.9571142202621614,10,0.5400000000000001
threshold_30,threshold,3,2,2,3.1503329829310105,0.8572446170689892,9,0.48000000000000015
threshold_30,threshold,3,3,2,3.1594706685464433,0.8481069314535565,9,0.46000000000000013
threshold_30,threshold,3,4,2,3.163117455409402,0.8444601445905989,10,0.5000000000000001
threshold_30,threshold,3,5,2,3.1267071290999646,0.8808704709000352,9,0.48000000000000015
threshold_30,threshold,3,6,2,3.0916401783565592,0.9159374216434419,10,0.5200000000000001
threshold_30,threshold,3,7,2,3.1180583940684214,0.8895192059315784,9,0.5000000000000001
threshold_30,threshold,3,8,2,2.9770513282333333,1.0305262717666661,10,0.5600000000000002
threshold_30,threshold,3,9,2,3.241119022518893,0.7664585774811064,8,0.38000000000000006
threshold_30,threshold,3,0,3,3.239581325533001,0.7679962744669997,8,0.4000000000000001
threshold_30,threshold,3,1,3,2.9985229480183984,1.009054651981602,10,0.5600000000000002
threshold_30,threshold,3,2,3,3.0971033225197324,0.910474277480267,9,0.5000000000000001
threshold_30,threshold,3,3,3,3.1773715865492256,0.8302060134507742,8,0.46000000000000013
threshold_30,threshold,3,4,3,3.1358063385350112,0.871771261464989,9,0.5000000000000001
threshold_30,threshold,3,5,3,3.1722767272885433,0.8353008727114579,9,0.48000000000000015
threshold_30,threshold,3,6,3,3.1626710522063286,0.8449065477936717,9,0.48000000000000015
threshold_30,threshold,3,7,3,3.1068519461668576,0.9007256538331418,9,0.46000000000000013
threshold_30,threshold,3,8,3,3.0112391815268853,0.9963384184731154,9,0.5400000000000001
threshold_30,threshold,3,9,3,3.261510851860777,0.7460667481392244,8,0.36000000000000004
threshold_30,threshold,3,0,4,3.2510709015276844,0.756506698472316,7,0.36000000000000004
threshold_30,threshold,3,1,4,3.0121855874282586,0.9953920125717425,10,0.5400000000000001
threshold_30,threshold,3,2,4,3.138432013419381,0.8691455865806192,9,0.5000000000000001
threshold_30,threshold,3,3,4,3.149784849891862,0.8577927501081389,9,0.46000000000000013
threshold_30,threshold,3,4,4,3.1970304021252907,0.8105471978747096,9,0.46000000000000013
threshold_30,threshold,3,5,4,3.1556730390942467,0.8519045609057543,9,0.48000000000000015
threshold_30,threshold,3,6,4,3.1664125332572963,0.8411650667427045,9,0.48000000000000015
threshold_30,threshold,3,7,4,3.110883177617473,0.8966944223825253,9,0.48000000000000015
threshold_30,threshold,3,8,4,3.0188378388106067,0.9887397611893941,10,0.5400000000000001
threshold_30,threshold,3,9,4,3.2714530361227516,0.7361245638772481,8,0.36000000000000004
threshold_30,threshold,3,0,5,3.25002941034111,0.7575481896588897,8,0.36000000000000004
threshold_30,threshold,3,1,5,3.0371906641043402,0.9703869358956605,9,0.5400000000000001
threshold_30,threshold,3,2,5,3.1067055959009653,0.9008720040990346,9,0.5000000000000001
threshold_30,threshold,3,3,5,3.1793424711855742,0.8282351288144261,9,0.4400000000000001
threshold_30,threshold,3,4,5,3.1856978495060164,0.8218797504939831,9,0.46000000000000013
threshold_30,threshold,3,5,5,3.1415343430218043,0.8660432569781954,10,0.5000000000000001
threshold_30,threshold,3,6,5,3.1648618993807163,0.8427157006192835,9,0.5000000000000001
threshold_30,threshold,3,7,5,3.145921046864363,0.8616565531356368,9,0.48000000000000015
threshold_30,threshold,3,8,5,3.0018938299076083,1.005683770092392,9,0.5400000000000001
threshold_30,threshold,3,9,5,3.237137846648885,0.7704397533511153,7,0.38000000000000006
threshold_30,threshold,3,0,6,3.216461825591046,0.7911157744089546,7,0.36000000000000004
threshold_30,threshold,3,1,6,3.0394956233249952,0.968081976675004,9,0.5200000000000001
threshold_30,threshold,3,2,6,3.1322205643394376,0.8753570356605633,9,0.46000000000000013
threshold_30,threshold,3,3,6,3.165918786477734,0.8416588135222659,9,0.48000000000000015
threshold_30,threshold,3,4,6,3.1763234288861377,0.8312541711138626,9,0.48000000000000015
threshold_30,threshold,3,5,6,3.128648469358833,0.8789291306411684,9,0.5000000000000001
threshold_30,threshold,3,6,6,3.109019384075282,0.898558215924717,10,0.5000000000000001
threshold_30,threshold,3,7,6,3.157455376103666,0.8501222238963339,9,0.48000000000000015
threshold_30,threshold,3,8,6,3.0475467939599326,0.9600308060400684,9,0.5200000000000001
threshold_30,threshold,3,9,6,3.226777066215588,0.7808005337844115,8,0.4200000000000001
threshold_30,threshold,3,0,7,3.241588208641124,0.7659893913588752,8,0.4000000000000001
threshold_30,threshold,3,1,7,3.015943106400734,0.9916344935992639,9,0.5400000000000001
threshold_30,threshold,3,2,7,3.1262234036230065,0.8813541963769936,10,0.5000000000000001
threshold_30,threshold,3,3,7,3.1491293874815636,0.858448212518436,9,0.48000000000000015
threshold_30,threshold,3,4,7,3.1226619756855456,0.8849156243144559,10,0.5400000000000001
threshold_30,threshold,3,5,7,3.1449347430488017,0.8626428569511972,9,0.5000000000000001
threshold_30,threshold,3,6,7,3.0990313565530214,0.9085462434469775,10,0.48000000000000015
threshold_30,threshold,3,7,7,3.071515650441169,0.9360619495588304,10,0.5000000000000001
threshold_30,threshold,3,8,7,2.9848647603452445,1.0227128396547576,10,0.5600000000000002
threshold_30,threshold,3,9,7,3.2465935153612646,0.7609840846387348,7,0.36000000000000004
threshold_30,threshold,3,0,8,3.1916313787280677,0.8159462212719322,9,0.48000000000000015
threshold_30,threshold,3,1,8,2.876979525703366,1.130598074296634,10,0.5800000000000002
threshold_30,threshold,3,2,8,2.9963701276119337,1.0112074723880649,10,0.5400000000000001
threshold_30,threshold,3,3,8,2.998860004069293,1.0087175959307073,10,0.5800000000000002
threshold_30,threshold,3,4,8,3.02872020740926,0.9788573925907398,10,0.5600000000000002
threshold_30,threshold,3,5,8,3.012666804052153,0.9949107959478479,10,0.5800000000000002
threshold_30,threshold,3,6,8,3.024569799401502,0.983007800598498,9,0.5000000000000001
threshold_30,threshold,3,7,8,2.909697887575954,1.097879712424047,10,0.5800000000000002
threshold_30,threshold,3,8,8,2.8888036685747727,1.118773931425227,10,0.5800000000000002
threshold_30,threshold,3,9,8,3.169356993880245,0.8382206061197558,9,0.48000000000000015
threshold_30,threshold,3,0,9,3.2989570612737475,0.7086205387262531,5,0.23999999999999996
threshold_30,threshold,3,1,9,3.1768506135817813,0.8307269864182196,8,0.46000000000000013
threshold_30,threshold,3,2,9,3.2499742674998613,0.7576033325001374,8,0.38000000000000006
threshold_30,threshold,3,3,9,3.259757981568608,0.7478196184313908,8,0.38000000000000006
threshold_30,threshold,3,4,9,3.251533583649042,0.7560440163509573,7,0.34
threshold_30,threshold,3,5,9,3.2488576798303432,0.7587199201696576,7,0.36000000000000004
threshold_30,threshold,3,6,9,3.2140777254409585,0.7934998745590407,9,0.4400000000000001
threshold_30,threshold,3,7,9,3.23669803074489,0.7708795692551101,8,0.36000000000000004
threshold_30,threshold,3,8,9,3.165408330645088,0.8421692693549124,9,0.48000000000000015
threshold_30,threshold,3,9,9,3.281118085073645,0.7264595149263551,5,0.21999999999999997
threshold_32,threshold,3,0,0,3.2888171743175296,0.718760425682469,4,0.21999999999999997
threshold_32,threshold,3,1,0,3.1557517094897496,0.8518258905102509,9,0.48000000000000015
threshold_32,threshold,3,2,0,3.202364860500357,0.8052127394996427,8,0.4000000000000001
threshold_32,threshold,3,3,0,3.2526320455563527,0.7549455544436472,8,0.34
threshold_32,threshold,3,4,0,3.265485251823352,0.7420923481766484,8,0.36000000000000004
threshold_32,threshold,3,5,0,3.282969587360715,0.7246080126392844,8,0.36000000000000004
threshold_32,threshold,3,6,0,3.2406158887284557,0.7669617112715444,7,0.38000000000000006
threshold_32,threshold,3,7,0,3.2109068439974506,0.7966707560025488,9,0.4200000000000001
threshold_32,threshold,3,8,0,3.1137266199752527,0.8938509800247475,9,0.46000000000000013
threshold_32,threshold,3,9,0,3.2472027190535773,0.760374880946423,5,0.27999999999999997
threshold_32,threshold,3,0,1,3.157132190112579,0.8504454098874196,9,0.5000000000000001
threshold_32,threshold,3,1,1,2.869716636385108,1.1378609636148918,10,0.5800000000000002
threshold_32,threshold,3,2,1,2.962565046003874,1.0450125539961266,10,0.5400000000000001
threshold_32,threshold,3,3,1,3.0638574226092117,0.9437201773907877,10,0.5600000000000002
threshold_32,threshold,3,4,1,3.062118343693927,0.9454592563060724,10,0.5400000000000001
threshold_32,threshold,3,5,1,3.021181920648157,0.9863956793518428,10,0.5600000000000002
threshold_32,threshold,3,6,1,3.006862105283744,1.0007154947162566,10,0.5800000000000002
threshold_32,threshold,3,7,1,2.9879098249814677,1.0196677750185321,10,0.5600000000000002
threshold_32,threshold,3,8,1,2.8169846843094324,1.1905929156905664,10,0.6000000000000002
threshold_32,threshold,3,9,1,3.1253474335440674,0.8822301664559324,10,0.5000000000000001
threshold_32,threshold,3,0,2,3.2531138678121914,0.7544637321878103,8,0.4000000000000001
threshold_32,threshold,3,1,2,3.0025315760144884,1.0050460239855132,10,0.5600000000000002
threshold_32,threshold,3,2,2,3.142111679429582,0.8654659205704185,10,0.5000000000000001
threshold_32,threshold,3,3,2,3.184517710100093,0.8230598898999074,10,0.5000000000000001
threshold_32,threshold,3,4,2,3.161497950336924,0.8460796496630754,9,0.48000000000000015
threshold_32,threshold,3,5,2,3.142330582421905,0.8652470175780955,9,0.48000000000000015
threshold_32,threshold,3,6,2,3.1412555709014165,0.8663220290985838,9,0.5000000000000001
threshold_32,threshold,3,7,2,3.1184348115744163,0.8891427884255826,9,0.5000000000000001
threshold_32,threshold,3,8,2,2.9841594743995525,1.023418125600448,10,0.5800000000000002
threshold_32,threshold,3,9,2,3.222464484645056,0.7851131153549435,9,0.4200000000000001
threshold_32,threshold,3,0,3,3.2208743640035262,0.786703235996474,8,0.4000000000000001
threshold_32,threshold,3,1,3,3.108859759397323,0.8987178406026756,9,0.5200000000000001
threshold_32,threshold,3,2,3,3.153250587119136,0.8543270128808637,9,0.46000000000000013
threshold_32,threshold,3,3,3,3.17998912201689,0.8275884779831104,9,0.4400000000000001
threshold_32,threshold,3,4,3,3.2014421435490563,0.8061354564509449,8,0.46000000000000013
threshold_32,threshold,3,5,3,3.1803672028686623,0.8272103971313385,9,0.48000000000000015
threshold_32,threshold,3,6,3,3.1568727256151683,0.8507048743848313,9,0.48000000000000015
threshold_32,threshold,3,7,3,3.1338354191569593,0.8737421808430414,9,0.5000000000000001
threshold_32,threshold,3,8,3,3.041183691441002,0.9663939085589971,10,0.5600000000000002
threshold_32,threshold,3,9,3,3.243524139969397,0.7640534600306026,8,0.4000000000000001
threshold_32,threshold,3,0,4,3.261653732652253,0.7459238673477467,8,0.38000000000000006
threshold_32,threshold,3,1,4,3.00762911858119,0.999948481418812,10,0.5600000000000002
threshold_32,threshold,3,2,4,3.1864404218981397,0.8211371781018639,9,0.4400000000000001
threshold_32,threshold,3,3,4,3.1715060681857428,0.836071531814258,9,0.48000000000000015
threshold_32,threshold,3,4,4,3.169229179271693,0.838348420728308,9,0.46000000000000013
threshold_32,threshold,3,5,4,3.1720304045084236,0.8355471954915763,9,0.46000000000000013
threshold_32,threshold,3,6,4,3.1777408534856346,0.8298367465143649,9,0.48000000000000015
threshold_32,threshold,3,7,4,3.154155030269698,0.8534225697303023,9,0.48000000000000015
threshold_32,threshold,3,8,4,3.036657782874546,0.970919817125454,9,0.5600000000000002
threshold_32,threshold,3,9,4,3.2433154550204457,0.7642621449795547,8,0.38000000000000006
threshold_32,threshold,3,0,5,3.2237552187320855,0.783822381267914,9,0.4200000000000001
threshold_32,threshold,3,1,5,2.9918868968184573,1.0156907031815423,10,0.5600000000000002
threshold_32,threshold,3,2,5,3.1349200730455977,0.8726575269544021,9,0.5000000000000001
threshold_32,threshold,3,3,5,3.166329919814196,0.841247680185804,9,0.48000000000000015
threshold_32,threshold,3,4,5,3.174259511195359,0.8333180888046409,9,0.4400000000000001
threshold_32,threshold,3,5,5,3.134923743946052,0.872653856053949,9,0.46000000000000013
threshold_32,threshold,3,6,5,3.131248301240546,0.8763292987594544,9,0.5000000000000001
threshold_32,threshold,3,7,5,3.138678605872197,0.8688989941278026,9,0.48000000000000015
threshold_32,threshold,3,8,5,3.102961126507194,0.9046164734928077,9,0.5200000000000001
threshold_32,threshold,3,9,5,3.2633438752141504,0.7442337247858523,7,0.36000000000000004
threshold_32,threshold,3,0,6,3.2278133451063544,0.7797642548936469,8,0.4000000000000001
threshold_32,threshold,3,1,6,3.019017819944342,0.9885597800556584,9,0.5400000000000001
threshold_32,threshold,3,2,6,3.116330175907842,0.8912474240921587,9,0.48000000000000015
threshold_32,threshold,3,3,6,3.158520227241335,0.8490573727586658,9,0.48000000000000015
threshold_32,threshold,3,4,6,3.180696432324991,0.8268811676750079,9,0.48000000000000015
threshold_32,threshold,3,5,6,3.1680747434779795,0.8395028565220217,9,0.48000000000000015
threshold_32,threshold,3,6,6,3.150740076652502,0.8568375233474989,9,0.46000000000000013
threshold_32,threshold,3,7,6,3.0758334801850777,0.9317441198149227,10,0.5000000000000001
threshold_32,threshold,3,8,6,3.0589415253173984,0.9486360746826009,10,0.5400000000000001
threshold_32,threshold,3,9,6,3.2679119291925596,0.7396656708074413,7,0.34
threshold_32,threshold,3,0,7,3.2241075047717223,0.7834700952282769,8,0.4000000000000001
threshold_32,threshold,3,1,7,2.973241949527992,1.0343356504720094,10,0.5800000000000002
threshold_32,threshold,3,2,7,3.0957827553742887,0.911794844625711,9,0.5000000000000001
threshold_32,threshold,3,3,7,3.106756856816634,0.9008207431833666,10,0.48000000000000015
threshold_32,threshold,3,4,7,3.164794784228215,0.8427828157717855,9,0.5000000000000001
threshold_32,threshold,3,5,7,3.147027637083255,0.8605499629167455,9,0.46000000000000013
threshold_32,threshold,3,6,7,3.083729165402947,0.9238484345970538,10,0.5200000000000001
threshold_32,threshold,3,7,7,3.1024381628294395,0.9051394371705603,9,0.46000000000000013
threshold_32,threshold,3,8,7,3.0323684112860736,0.9752091887139251,10,0.5600000000000002
threshold_32,threshold,3,9,7,3.2237677034724705,0.7838098965275296,7,0.4000000000000001
threshold_32,threshold,3,0,8,3.1674696686721933,0.8401079313278069,10,0.5000000000000001
threshold_32,threshold,3,1,8,2.8690310917919706,1.1385465082080286,10,0.6000000000000002
threshold_32,threshold,3,2,8,2.972176454595633,1.0354011454043686,10,0.5600000000000002
threshold_32,threshold,3,3,8,3.055486280295107,0.9520913197048921,10,0.5400000000000001
threshold_32,threshold,3,4,8,3.043311380865685,0.9642662191343152,10,0.5600000000000002
threshold_32,threshold,3,5,8,3.0470740928563735,0.9605035071436254,10,0.5400000000000001
threshold_32,threshold,3,6,8,2.98079219702375,1.0267854029762509,10,0.5400000000000001
threshold_32,threshold,3,7,8,2.9874853124055365,1.020092287594463,10,0.5600000000000002
threshold_32,threshold,3,8,8,2.881688458402751,1.1258891415972505,10,0.5800000000000002
threshold_32,threshold,3,9,8,3.179312403664091,0.8282651963359092,9,0.4400000000000001
threshold_32,threshold,3,0,9,3.286719790960607,0.7208578090393923,5,0.23999999999999996
threshold_32,threshold,3,1,9,3.150184103381373,0.8573934966186271,9,0.48000000000000015
threshold_32,threshold,3,2,9,3.240068528988233,0.7675090710117661,7,0.34
threshold_32,threshold,3,3,9,3.2710562282041007,0.7365213717958993,7,0.36000000000000004
threshold_32,threshold,3,4,9,3.225139519383568,0.7824380806164326,8,0.36000000000000004
threshold_32,threshold,3,5,9,3.245134215131717,0.7624433848682824,8,0.38000000000000006
threshold_32,threshold,3,6,9,3.247775715758583,0.759801884241418,8,0.38000000000000006
threshold_32,threshold,3,7,9,3.217576178288114,0.7900014217118875,8,0.4000000000000001
threshold_32,threshold,3,8,9,3.1926964115882535,0.8148811884117468,10,0.5000000000000001
threshold_32,threshold,3,9,9,3.28917631851148,0.7184012814885192,4,0.23999999999999996
threshold_31,threshold,3,0,0,3.2559841000620593,0.7515934999379392,6,0.27999999999999997
threshold_31,threshold,3,1,0,3.1249719539048795,0.8826056460951217,10,0.5200000000000001
threshold_31,threshold,3,2,0,3.254387380424369,0.7531902195756313,7,0.36000000000000004
threshold_31,threshold,3,3,0,3.2414715592841903,0.7661060407158108,8,0.38000000000000006
threshold_31,threshold,3,4,0,3.251420839804389,0.7561567601956108,8,0.36000000000000004
threshold_31,threshold,3,5,0,3.265155579275514,0.742422020724486,8,0.34
threshold_31,threshold,3,6,0,3.2415973618587457,0.7659802381412542,7,0.36000000000000004
threshold_31,threshold,3,7,0,3.239929085616315,0.767648514383685,9,0.4000000000000001
threshold_31,threshold,3,8,0,3.1855537039968493,0.8220238960031508,9,0.48000000000000015
threshold_31,threshold,3,9,0,3.2933745837010058,0.714203016298994,5,0.23999999999999996
threshold_31,threshold,3,0,1,3.1278298838257683,0.8797477161742308,9,0.5000000000000001
threshold_31,threshold,3,1,1,2.8248831868472077,1.182694413152793,10,0.5800000000000002
threshold_31,threshold,3,2,1,2.982564269656856,1.0250133303431448,10,0.5400000000000001
threshold_31,threshold,3,3,1,2.9883032142744526,1.0192743857255473,10,0.5600000000000002
threshold_31,threshold,3,4,1,2.958789636774239,1.0487879632257597,10,0.5800000000000002
threshold_31,threshold,3,5,1,2.9812277181227183,1.0263498818772812,10,0.5400000000000001
threshold_31,threshold,3,6,1,3.0588706855156067,0.9487069144843919,10,0.5200000000000001
threshold_31,threshold,3,7,1,3.0427255661602204,0.9648520338397815,9,0.5200000000000001
threshold_31,threshold,3,8,1,2.8304580802533468,1.1771195197466529,10,0.6000000000000002
threshold_31,threshold,3,9,1,3.1593242136881567,0.8482533863118435,9,0.46000000000000013
threshold_31,threshold,3,0,2,3.249272331340285,0.7583052686597155,7,0.36000000000000004
threshold_31,threshold,3,1,2,2.993678682865747,1.0138989171342525,10,0.5400000000000001
threshold_31,threshold,3,2,2,3.0597444149352895,0.9478331850647109,9,0.5000000000000001
threshold_31,threshold,3,3,2,3.1115679602553827,0.8960096397446157,10,0.5200000000000001
threshold_31,threshold,3,4,2,3.1025062502773437,0.9050713497226547,9,0.5000000000000001
threshold_31,threshold,3,5,2,3.125770130717344,0.8818074692826562,8,0.48000000000000015
threshold_31,threshold,3,6,2,3.1563389533566117,0.8512386466433899,9,0.46000000000000013
threshold_31,threshold,3,7,2,3.149948042243721,0.8576295577562794,9,0.48000000000000015
threshold_31,threshold,3,8,2,2.992352614291639,1.0152249857083615,9,0.5400000000000001
threshold_31,threshold,3,9,2,3.2307106201392224,0.776866979860777,7,0.36000000000000004
threshold_31,threshold,3,0,3,3.245340816157854,0.7622367838421454,7,0.38000000000000006
threshold_31,threshold,3,1,3,3.018698565447652,0.9888790345523469,9,0.5400000000000001
threshold_31,threshold,3,2,3,3.1158035900983863,0.8917740099016136,9,0.5000000000000001
threshold_31,threshold,3,3,3,3.1452157325255743,0.8623618674744249,9,0.5000000000000001
threshold_31,threshold,3,4,3,3.1291229171701764,0.878454682829824,9,0.48000000000000015
threshold_31,threshold,3,5,3,3.1707937212994963,0.8367838787005049,10,0.5200000000000001
threshold_31,threshold,3,6,3,3.1747385922975275,0.8328390077024715,9,0.46000000000000013
threshold_31,threshold,3,7,3,3.144780592139366,0.8627970078606331,10,0.48000000000000015
threshold_31,threshold,3,8,3,3.0721870080192084,0.9353905919807924,9,0.5200000000000001
threshold_31,threshold,3,9,3,3.2472040882613875,0.760373511738613,7,0.36000000000000004
threshold_31,threshold,3,0,4,3.2318270067561814,0.7757505932438201,8,0.4000000000000001
threshold_31,threshold,3,1,4,3.025600456985292,0.981977143014708,10,0.5600000000000002
threshold_31,threshold,3,2,4,3.1193641716930722,0.8882134283069284,9,0.48000000000000015
threshold_31,threshold,3,3,4,3.144562213400165,0.8630153865998351,9,0.48000000000000015
threshold_31,threshold,3,4,4,3.1876716474099296,0.8199059525900714,9,0.46000000000000013
threshold_31,threshold,3,5,4,3.2055582709317196,0.8020193290682813,9,0.46000000000000013
threshold_31,threshold,3,6,4,3.1751142338920593,0.8324633661079409,9,0.48000000000000015
threshold_31,threshold,3,7,4,3.1506470671014104,0.85693053289859,9,0.5000000000000001
threshold_31,threshold,3,8,4,3.08371171201183,0.9238658879881696,10,0.5600000000000002
threshold_31,threshold,3,9,4,3.232407843119608,0.7751697568803914,8,0.4000000000000001
threshold_31,threshold,3,0,5,3.2199828142322238,0.7875947857677763,8,0.38000000000000006
threshold_31,threshold,3,1,5,3.018940053758702,0.9886375462412968,10,0.5400000000000001
threshold_31,threshold,3,2,5,3.1485743674810376,0.8590032325189643,9,0.46000000000000013
threshold_31,threshold,3,3,5,3.1307465855698915,0.8768310144301076,9,0.48000000000000015
threshold_31,threshold,3,4,5,3.1922018710757247,0.8153757289242749,9,0.48000000000000015
threshold_31,threshold,3,5,5,3.204137071914623,0.8034405280853788,9,0.46000000000000013
threshold_31,threshold,3,6,5,3.17955311187593,0.8280244881240699,9,0.46000000000000013
threshold_31,threshold,3,7,5,3.1244275233432854,0.8831500766567143,10,0.5200000000000001
threshold_31,threshold,3,8,5,3.0279734368336806,0.9796041631663194,10,0.5600000000000002
threshold_31,threshold,3,9,5,3.2267774731986116,0.7808001268013881,8,0.4000000000000001
threshold_31,threshold,3,0,6,3.2533612419362514,0.754216358063748,8,0.38000000000000006
threshold_31,threshold,3,1,6,3.008728371446575,0.9988492285534261,10,0.5400000000000001
threshold_31,threshold,3,2,6,3.122286815140526,0.8852907848594724,9,0.5000000000000001
threshold_31,threshold,3,3,6,3.14285669690894,0.8647209030910594,10,0.5000000000000001
threshold_31,threshold,3,4,6,3.191884452976531,0.8156931470234703,8,0.46000000000000013
threshold_31,threshold,3,5,6,3.2031616835156114,0.8044159164843891,9,0.48000000000000015
threshold_31,threshold,3,6,6,3.1898188552346,0.8177587447654002,9,0.4400000000000001
threshold_31,threshold,3,7,6,3.140658261330568,0.8669193386694325,10,0.5000000000000001
threshold_31,threshold,3,8,6,2.9900915575614047,1.017486042438595,10,0.5600000000000002
threshold_31,threshold,3,9,6,3.2539252140184267,0.753652385981573,8,0.36000000000000004
threshold_31,threshold,3,0,7,3.2411518829956636,0.7664257170043374,8,0.4000000000000001
threshold_31,threshold,3,1,7,2.981149017949552,1.0264285820504482,10,0.5600000000000002
threshold_31,threshold,3,2,7,3.128036701364611,0.8795408986353883,10,0.5000000000000001
threshold_31,threshold,3,3,7,3.1546117336204897,0.8529658663795106,9,0.48000000000000015
threshold_31,threshold,3,4,7,3.177242129210223,0.8303354707897762,9,0.48000000000000015
threshold_31,threshold,3,5,7,3.15888782762281,0.848689772377189,10,0.5000000000000001
threshold_31,threshold,3,6,7,3.144451394091235,0.8631262059087648,9,0.46000000000000013
threshold_31,threshold,3,7,7,3.1155021767223916,0.892075423277607,9,0.5000000000000001
threshold_31,threshold,3,8,7,3.053855579465795,0.9537220205342054,10,0.5400000000000001
threshold_31,threshold,3,9,7,3.248528907289087,0.7590486927109139,8,0.4200000000000001
threshold_31,threshold,3,0,8,3.19309395893944,0.8144836410605614,9,0.46000000000000013
threshold_31,threshold,3,1,8,2.914548648291246,1.0930289517087548,10,0.6000000000000002
threshold_31,threshold,3,2,8,3.020514063775999,0.987063536224001,9,0.5200000000000001
threshold_31,threshold,3,3,8,3.0620088679433195,0.945568732056681,9,0.5200000000000001
threshold_31,threshold,3,4,8,3.0417493084630975,0.9658282915369022,10,0.5600000000000002
threshold_31,threshold,3,5,8,3.0658392436800392,0.9417383563199613,9,0.5400000000000001
threshold_31,threshold,3,6,8,2.989632046028849,1.0179455539711513,10,0.5800000000000002
threshold_31,threshold,3,7,8,2.9164397899363848,1.0911378100636144,10,0.5800000000000002
threshold_31,threshold,3,8,8,2.900048343973178,1.1075292560268215,10,0.5800000000000002
threshold_31,threshold,3,9,8,3.1939724747614293,0.8136051252385723,9,0.48000000000000015
threshold_31,threshold,3,0,9,3.2897511768586254,0.7178264231413748,5,0.23999999999999996
threshold_31,threshold,3,1,9,3.15645982108231,0.8511177789176901,9,0.48000000000000015
threshold_31,threshold,3,2,9,3.2385232679194003,0.7690543320806004,8,0.38000000000000006
threshold_31,threshold,3,3,9,3.2378047391421836,0.7697728608578158,7,0.34
threshold_31,threshold,3,4,9,3.254082750429158,0.7534948495708428,7,0.34
threshold_31,threshold,3,5,9,3.255229760406785,0.7523478395932146,8,0.36000000000000004
threshold_31,threshold,3,6,9,3.255814679933432,0.7517629200665681,7,0.36000000000000004
threshold_31,threshold,3,7,9,3.2149301062459097,0.7926474937540909,8,0.4000000000000001
threshold_31,threshold,3,8,9,3.12961921045439,0.8779583895456111,9,0.48000000000000015
threshold_31,threshold,3,9,9,3.3060651583573435,0.7015124416426576,5,0.19999999999999998
threshold_33,threshold,3,0,0,3.3106399811224017,0.6969376188775992,4,0.23999999999999996
threshold_33,threshold,3,1,0,3.158924068339902,0.8486535316600979,9,0.5000000000000001
threshold_33,threshold,3,2,0,3.2329321406976015,0.7746454593023978,8,0.4000000000000001
threshold_33,threshold,3,3,0,3.261731740570859,0.7458458594291419,8,0.38000000000000006
threshold_33,threshold,3,4,0,3.2540586142021506,0.7535189857978492,7,0.36000000000000004
threshold_33,threshold,3,5,0,3.237347438598066,0.7702301614019332,8,0.38000000000000006
threshold_33,threshold,3,6,0,3.251268804658182,0.7563087953418187,6,0.32
threshold_33,threshold,3,7,0,3.2408036863267973,0.7667739136732036,6,0.34
threshold_33,threshold,3,8,0,3.153671860068335,0.8539057399316637,9,0.48000000000000015
threshold_33,threshold,3,9,0,3.255854098648672,0.7517235013513286,3,0.19999999999999998
threshold_33,threshold,3,0,1,3.14164282903884,0.8659347709611609,9,0.5200000000000001
threshold_33,threshold,3,1,1,2.887602288948051,1.119975311051949,9,0.5800000000000002
threshold_33,threshold,3,2,1,2.9619022234150685,1.045675376584933,9,0.5600000000000002
threshold_33,threshold,3,3,1,3.0441733777535114,0.9634042222464886,9,0.5200000000000001
threshold_33,threshold,3,4,1,3.052478225677742,0.9550993743222576,9,0.5200000000000001
threshold_33,threshold,3,5,1,3.0737393503679056,0.9338382496320955,9,0.5200000000000001
threshold_33,threshold,3,6,1,3.0291007198394677,0.9784768801605325,10,0.5400000000000001
threshold_33,threshold,3,7,1,3.063261135584388,0.9443164644156121,10,0.5400000000000001
threshold_33,threshold,3,8,1,2.90071338623703,1.1068642137629687,9,0.5800000000000002
threshold_33,threshold,3,9,1,3.1919803285792443,0.8155972714207559,9,0.48000000000000015
threshold_33,threshold,3,0,2,3.208028069076313,0.7995495309236863,8,0.4000000000000001
threshold_33,threshold,3,1,2,2.9831951083225006,1.0243824916774995,9,0.5600000000000002
threshold_33,threshold,3,2,2,3.0884334493247425,0.9191441506752562,9,0.5000000000000001
threshold_33,threshold,3,3,2,3.1603281002989823,0.847249499701017,9,0.48000000000000015
threshold_33,threshold,3,4,2,3.1607733679278214,0.8468042320721787,9,0.46000000000000013
threshold_33,threshold,3,5,2,3.1318761544550946,0.8757014455449058,9,0.48000000000000015
threshold_33,threshold,3,6,2,3.133825559767661,0.8737520402323401,10,0.5000000000000001
threshold_33,threshold,3,7,2,3.061834234117621,0.9457433658823788,9,0.5200000000000001
threshold_33,threshold,3,8,2,3.0004937203082562,1.0070838796917436,10,0.5800000000000002
threshold_33,threshold,3,9,2,3.2552379408490983,0.7523396591509027,8,0.4200000000000001
threshold_33,threshold,3,0,3,3.2480079231635237,0.7595696768364739,6,0.36000000000000004
threshold_33,threshold,3,1,3,2.988510114981691,1.0190674850183081,10,0.5600000000000002
threshold_33,threshold,3,2,3,3.1378553903699102,0.86972220963009,9,0.48000000000000015
threshold_33,threshold,3,3,3,3.1917743731335824,0.8158032268664185,9,0.4400000000000001
threshold_33,threshold,3,4,3,3.185722200506803,0.8218553994931973,9,0.46000000000000013
threshold_33,threshold,3,5,3,3.194042092547832,0.8135355074521692,9,0.48000000000000015
threshold_33,threshold,3,6,3,3.1561900431026406,0.8513875568973608,9,0.46000000000000013
threshold_33,threshold,3,7,3,3.132365056521816,0.8752125434781839,9,0.46000000000000013
threshold_33,threshold,3,8,3,3.0380125457033316,0.9695650542966684,10,0.5400000000000001
threshold_33,threshold,3,9,3,3.254013301214219,0.7535642987857805,8,0.38000000000000006
threshold_33,threshold,3,0,4,3.2267457517906792,0.780831848209321,7,0.36000000000000004
threshold_33,threshold,3,1,4,3.0449449386919896,0.9626326613080097,10,0.5400000000000001
threshold_33,threshold,3,2,4,3.10902824888351,0.8985493511164898,10,0.5000000000000001
threshold_33,threshold,3,3,4,3.187073764346086,0.8205038356539123,9,0.4400000000000001
threshold_33,threshold,3,4,4,3.142515637837685,0.8650619621623159,9,0.48000000000000015
threshold_33,threshold,3,5,4,3.1526963698096444,0.8548812301903567,9,0.46000000000000013
threshold_33,threshold,3,6,4,3.1840002507296563,0.8235773492703439,9,0.46000000000000013
threshold_33,threshold,3,7,4,3.134480991175087,0.8730966088249135,9,0.5000000000000001
threshold_33,threshold,3,8,4,3.03591811481556,0.9716594851844401,9,0.5200000000000001
threshold_33,threshold,3,9,4,3.26095939458022,0.7466182054197792,8,0.4000000000000001
threshold_33,threshold,3,0,5,3.2336038883587355,0.7739737116412654,7,0.36000000000000004
threshold_33,threshold,3,1,5,3.0621232807806615,0.9454543192193396,10,0.5400000000000001
threshold_33,threshold,3,2,5,3.1009407782504566,0.9066368217495441,10,0.5000000000000001
threshold_33,threshold,3,3,5,3.186633119275957,0.8209444807240435,9,0.48000000000000015
threshold_33,threshold,3,4,5,3.160672448515275,0.8469051514847244,9,0.48000000000000015
threshold_33,threshold,3,5,5,3.1167698532862635,0.8908077467137373,9,0.48000000000000015
threshold_33,threshold,3,6,5,3.1711196395817263,0.8364579604182738,9,0.48000000000000015
threshold_33,threshold,3,7,5,3.1779350598214244,0.8296425401785757,9,0.46000000000000013
threshold_33,threshold,3,8,5,3.0435306980941452,0.9640469019058562,10,0.5400000000000001
threshold_33,threshold,3,9,5,3.2400797054515467,0.7674978945484544,7,0.34
threshold_33,threshold,3,0,6,3.237708123943846,0.7698694760561549,8,0.4000000000000001
threshold_33,threshold,3,1,6,2.995191702473824,1.012385897526179,10,0.5600000000000002
threshold_33,threshold,3,2,6,3.1434063811293123,0.8641712188706896,9,0.48000000000000015
threshold_33,threshold,3,3,6,3.155732662398485,0.8518449376015157,9,0.48000000000000015
threshold_33,threshold,3,4,6,3.1456936240123423,0.8618839759876569,9,0.48000000000000015
threshold_33,threshold,3,5,6,3.155506432729034,0.8520711672709671,9,0.46000000000000013
threshold_33,threshold,3,6,6,3.1432918490058173,0.8642857509941831,9,0.46000000000000013
threshold_33,threshold,3,7,6,3.1284576867769047,0.8791199132230962,9,0.46000000000000013
threshold_33,threshold,3,8,6,3.05390403810428,0.9536735618957213,9,0.5200000000000001
threshold_33,threshold,3,9,6,3.281537504588351,0.7260400954116482,7,0.34
threshold_33,threshold,3,0,7,3.2577825545911625,0.749795045408837,8,0.4000000000000001
threshold_33,threshold,3,1,7,2.9929296538576176,1.014647946142383,9,0.5200000000000001
threshold_33,threshold,3,2,7,3.118196013657717,0.8893815863422827,9,0.48000000000000015
threshold_33,threshold,3,3,7,3.114315891214113,0.8932617087858864,9,0.48000000000000015
threshold_33,threshold,3,4,7,3.1288264646309107,0.8787511353690887,9,0.5000000000000001
threshold_33,threshold,3,5,7,3.1535745258323598,0.8540030741676412,9,0.4400000000000001
threshold_33,threshold,3,6,7,3.1286064610898063,0.8789711389101936,9,0.48000000000000015
threshold_33,threshold,3,7,7,3.077194380713601,0.9303832192863988,10,0.5400000000000001
threshold_33,threshold,3,8,7,3.040213887644647,0.9673637123553539,10,0.5400000000000001
threshold_33,threshold,3,9,7,3.2528634453007834,0.7547141546992175,8,0.38000000000000006
threshold_33,threshold,3,0,8,3.170841647761694,0.8367359522383054,9,0.46000000000000013
threshold_33,threshold,3,1,8,2.8987795117978177,1.1087980882021848,10,0.5800000000000002
threshold_33,threshold,3,2,8,3.00672171766818,1.000855882331821,9,0.5400000000000001
threshold_33,threshold,3,3,8,2.9969705393355,1.0106070606645008,10,0.5400000000000001
threshold_33,threshold,3,4,8,2.984131898867383,1.023445701132617,10,0.5600000000000002
threshold_33,threshold,3,5,8,3.0675111703516387,0.9400664296483625,9,0.5200000000000001
threshold_33,threshold,3,6,8,3.017563912011155,0.990013687988847,9,0.5400000000000001
threshold_33,threshold,3,7,8,2.9997631996571648,1.0078144003428346,10,0.5600000000000002
threshold_33,threshold,3,8,8,2.8536422999931252,1.1539353000068742,10,0.6000000000000002
threshold_33,threshold,3,9,8,3.154628253031069,0.8529493469689307,9,0.48000000000000015
threshold_33,threshold,3,0,9,3.2981514222448944,0.7094261777551052,5,0.23999999999999996
threshold_33,threshold,3,1,9,3.1848807923619122,0.8226968076380884,9,0.46000000000000013
threshold_33,threshold,3,2,9,3.258325818669114,0.749251781330886,7,0.36000000000000004
threshold_33,threshold,3,3,9,3.2449718567761456,0.762605743223855,8,0.36000000000000004
threshold_33,threshold,3,4,9,3.2423457402767464,0.7652318597232541,8,0.4000000000000001
threshold_33,threshold,3,5,9,3.2485969773345773,0.7589806226654224,8,0.36000000000000004
threshold_33,threshold,3,6,9,3.2740240199065487,0.7335535800934505,7,0.36000000000000004
threshold_33,threshold,3,7,9,3.214495389094894,0.7930822109051066,9,0.4400000000000001
threshold_33,threshold,3,8,9,3.1851093380875684,0.8224682619124309,9,0.48000000000000015
threshold_33,threshold,3,9,9,3.2933359374675577,0.7142416625324438,5,0.27999999999999997
threshold_34,threshold,1,0,0,3.3105834798957314,0.6969941201042685,3,0.06
threshold_34,threshold,1,1,0,3.3022449721368123,0.7053326278631862,6,0.12000000000000001
threshold_34,threshold,1,2,0,3.286979622688254,0.7205979773117467,5,0.1
threshold_34,threshold,1,3,0,3.303056800189948,0.7045207998100524,5,0.1
threshold_34,threshold,1,4,0,3.3116446587936106,0.695932941206389,5,0.1
threshold_34,threshold,1,5,0,3.3259991551851846,0.6815784448148157,5,0.1
threshold_34,threshold,1,6,0,3.2935377753406487,0.7140398246593516,5,0.1
threshold_34,threshold,1,7,0,3.3047782390990403,0.7027993609009593,5,0.1
threshold_34,threshold,1,8,0,3.2775999868695034,0.7299776131304968,6,0.12000000000000001
threshold_34,threshold,1,9,0,3.2981930693843275,0.7093845306156737,3,0.06
threshold_34,threshold,1,0,1,3.320697837506346,0.6868797624936539,7,0.14
threshold_34,threshold,1,1,1,3.203974137357045,0.8036034626429553,10,0.19999999999999998
threshold_34,threshold,1,2,1,3.3087453449172304,0.6988322550827684,7,0.14
threshold_34,threshold,1,3,1,3.302092632158404,0.7054849678415953,8,0.16
threshold_34,threshold,1,4,1,3.273868374313967,0.733709225686031,8,0.16
threshold_34,threshold,1,5,1,3.283930480449684,0.7236471195503167,8,0.16
threshold_34,threshold,1,6,1,3.3035261528797815,0.7040514471202188,9,0.18
threshold_34,threshold,1,7,1,3.3005451112692743,0.7070324887307257,8,0.16
threshold_34,threshold,1,8,1,3.22937317148999,0.7782044285100098,10,0.19999999999999998
threshold_34,threshold,1,9,1,3.3094928277869866,0.6980847722130138,7,0.14
threshold_34,threshold,1,0,2,3.3108154788274016,0.696762121172599,5,0.1
threshold_34,threshold,1,1,2,3.3026952016369897,0.7048823983630087,8,0.16
threshold_34,threshold,1,2,2,3.286133320201597,0.7214442797984019,6,0.12000000000000001
threshold_34,threshold,1,3,2,3.3090588000643315,0.6985187999356696,7,0.14
threshold_34,threshold,1,4,2,3.3043873598538847,0.7031902401461169,7,0.14
threshold_34,threshold,1,5,2,3.29671484669094,0.7108627533090581,8,0.16
threshold_34,threshold,1,6,2,3.3158694426822946,0.6917081573177057,7,0.14
threshold_34,threshold,1,7,2,3.2972448159394636,0.7103327840605387,7,0.14
threshold_34,threshold,1,8,2,3.3030536029095003,0.7045239970905002,8,0.16
threshold_34,threshold,1,9,2,3.304266869617028,0.7033107303829732,6,0.12000000000000001
threshold_34,threshold,1,0,3,3.303315619879582,0.7042619801204191,6,0.12000000000000001
threshold_34,threshold,1,1,3,3.2883508691749928,0.7192267308250078,8,0.16
threshold_34,threshold,1,2,3,3.3084799258383963,0.6990976741616036,8,0.16
threshold_34,threshold,1,3,3,3.3106007375374085,0.6969768624625909,7,0.14
threshold_34,threshold,1,4,3,3.2954053219815824,0.7121722780184173,7,0.14
threshold_34,threshold,1,5,3,3.3102159758213254,0.6973616241786755,8,0.16
threshold_34,threshold,1,6,3,3.2904142545748414,0.7171633454251591,7,0.14
threshold_34,threshold,1,7,3,3.305958512440538,0.7016190875594621,8,0.16
threshold_34,threshold,1,8,3,3.2830235045645644,0.7245540954354361,8,0.16
threshold_34,threshold,1,9,3,3.2401369838283376,0.7674406161716639,4,0.08
threshold_34,threshold,1,0,4,3.2992738987564416,0.708303701243559,5,0.1
threshold_34,threshold,1,1,4,3.2959832922411216,0.7115943077588793,8,0.16
threshold_34,threshold,1,2,4,3.328403899921586,0.6791737000784153,7,0.14
threshold_34,threshold,1,3,4,3.3048562395924375,0.7027213604075621,7,0.14
threshold_34,threshold,1,4,4,3.318642892893016,0.6889347071069843,7,0.14
threshold_34,threshold,1,5,4,3.325408761540654,0.6821688384593462,7,0.14
threshold_34,threshold,1,6,4,3.2948270451824757,0.7127505548175255,7,0.14
threshold_34,threshold,1,7,4,3.3013458701458833,0.7062317298541165,7,0.14
threshold_34,threshold,1,8,4,3.259311981860792,0.7482656181392092,9,0.18
threshold_34,threshold,1,9,4,3.294443498041995,0.713134101958006,5,0.1
threshold_34,threshold,1,0,5,3.3359239861669963,0.6716536138330039,5,0.1
threshold_34,threshold,1,1,5,3.294974937718684,0.7126026622813155,8,0.16
threshold_34,threshold,1,2,5,3.3080349486605205,0.6995426513394789,7,0.14
threshold_34,threshold,1,3,5,3.2864247087459915,0.7211528912540099,7,0.14
threshold_34,threshold,1,4,5,3.28226517038467,0.7253124296153305,6,0.12000000000000001
threshold_34,threshold,1,5,5,3.3213300349476573,0.6862475650523421,7,0.14
threshold_34,threshold,1,6,5,3.3429523929862173,0.6646252070137818,7,0.14
threshold_34,threshold,1,7,5,3.290270208232728,0.7173073917672723,8,0.16
threshold_34,threshold,1,8,5,3.289015205864144,0.7185623941358573,8,0.16
threshold_34,threshold,1,9,5,3.3033591875300843,0.7042184124699157,5,0.1
threshold_34,threshold,1,0,6,3.331838680485268,0.6757389195147324,5,0.1
threshold_34,threshold,1,1,6,3.2797019634091082,0.7278756365908903,9,0.18
threshold_34,threshold,1,2,6,3.3161775073501394,0.6914000926498608,7,0.14
threshold_34,threshold,1,3,6,3.314644397774473,0.6929332022255288,7,0.14
threshold_34,threshold,1,4,6,3.312460094546657,0.6951175054533429,7,0.14
threshold_34,threshold,1,5,6,3.317420218002884,0.690157381997116,7,0.14
threshold_34,threshold,1,6,6,3.3151878090459026,0.6923897909540971,7,0.14
threshold_34,threshold,1,7,6,3.3226819229519475,0.6848956770480524,7,0.14
threshold_34,threshold,1,8,6,3.2882621812064685,0.7193154187935327,9,0.18
threshold_34,threshold,1,9,6,3.3335662195315257,0.6740113804684735,6,0.12000000000000001
threshold_34,threshold,1,0,7,3.312139336686002,0.695438263313999,5,0.1
threshold_34,threshold,1,1,7,3.2946811099528577,0.7128964900471425,9,0.18
threshold_34,threshold,1,2,7,3.303978362608696,0.7035992373913047,7,0.14
threshold_34,threshold,1,3,7,3.3293021518755883,0.6782754481244112,7,0.14
threshold_34,threshold,1,4,7,3.311254753307796,0.6963228466922032,6,0.12000000000000001
threshold_34,threshold,1,5,7,3.298847229998904,0.708730370001098,7,0.14
threshold_34,threshold,1,6,7,3.3296679844231707,0.6779096155768305,7,0.14
threshold_34,threshold,1,7,7,3.3088732208617704,0.6987043791382296,7,0.14
threshold_34,threshold,1,8,7,3.2845707822819,0.7230068177181,9,0.18
threshold_34,threshold,1,9,7,3.313045977180162,0.6945316228198384,6,0.12000000000000001
threshold_34,threshold,1,0,8,3.3092094217373287,0.6983681782626691,6,0.12000000000000001
threshold_34,threshold,1,1,8,3.2248714173081034,0.7827061826918978,10,0.19999999999999998
threshold_34,threshold,1,2,8,3.2677117107706013,0.7398658892294004,9,0.18
threshold_34,threshold,1,3,8,3.2989790176243505,0.7085985823756483,8,0.16
threshold_34,threshold,1,4,8,3.3074267574336402,0.7001508425663598,8,0.16
threshold_34,threshold,1,5,8,3.2719037733675336,0.7356738266324676,9,0.18
threshold_34,threshold,1,6,8,3.302141044899723,0.7054365551002769,8,0.16
threshold_34,threshold,1,7,8,3.279479073340422,0.7280985266595775,8,0.16
threshold_34,threshold,1,8,8,3.25056181611254,0.757015783887458,9,0.18
threshold_34,threshold,1,9,8,3.3004571839222825,0.7071204160777171,6,0.12000000000000001
threshold_34,threshold,1,0,9,3.3239969568851864,0.6835806431148137,4,0.08
threshold_34,threshold,1,1,9,3.267704159440254,0.7398734405597476,6,0.12000000000000001
threshold_34,threshold,1,2,9,3.300942039455331,0.7066355605446707,5,0.1
threshold_34,threshold,1,3,9,3.323539270191986,0.6840383298080137,4,0.08
threshold_34,threshold,1,4,9,3.3067999337534095,0.7007776662465891,6,0.12000000000000001
threshold_34,threshold,1,5,9,3.295900552175963,0.7116770478240378,4,0.08
threshold_34,threshold,1,6,9,3.324093881345722,0.6834837186542772,5,0.1
threshold_34,threshold,1,7,9,3.30791283235689,0.6996647676431114,4,0.08
threshold_34,threshold,1,8,9,3.342073483720378,0.6655041162796209,6,0.12000000000000001
threshold_34,threshold,1,9,9,3.3228629164649828,0.6847146835350166,3,0.06
threshold_36,threshold,1,0,0,3.2973729122630995,0.7102046877369003,4,0.08
threshold_36,threshold,1,1,0,3.3055046981133827,0.7020729018866171,7,0.14
threshold_36,threshold,1,2,0,3.285217129209855,0.7223604707901438,6,0.12000000000000001
threshold_36,threshold,1,3,0,3.293102987177298,0.7144746128227014,5,0.1
threshold_36,threshold,1,4,0,3.3004987591750172,0.7070788408249834,6,0.12000000000000001
threshold_36,threshold,1,5,0,3.3128392637045296,0.6947383362954704,6,0.12000000000000001
threshold_36,threshold,1,6,0,3.33057969824843,0.6769979017515709,5,0.1
threshold_36,threshold,1,7,0,3.316024834043547,0.6915527659564534,5,0.1
threshold_36,threshold,1,8,0,3.3039811119178255,0.703596488082173,7,0.14
threshold_36,threshold,1,9,0,3.3082625965142127,0.6993150034857872,3,0.06
threshold_36,threshold,1,0,1,3.297898869078224,0.7096787309217758,8,0.16
threshold_36,threshold,1,1,1,3.2046254936047593,0.8029521063952408,10,0.19999999999999998
threshold_36,threshold,1,2,1,3.295849834748718,0.7117277652512819,9,0.18
threshold_36,threshold,1,3,1,3.2862998824434237,0.7212777175565755,9,0.18
threshold_36,threshold,1,4,1,3.2824576597967083,0.7251199402032927,8,0.16
threshold_36,threshold,1,5,1,3.2841627785121283,0.7234148214878726,9,0.18
threshold_36,threshold,1,6,1,3.273107707934899,0.7344698920651018,9,0.18
threshold_36,threshold,1,7,1,3.2834392981737723,0.7241383018262293,9,0.18
threshold_36,threshold,1,8,1,3.2469710627094734,0.7606065372905262,9,0.18
threshold_36,threshold,1,9,1,3.3253173842960315,0.6822602157039674,7,0.14
threshold_36,threshold,1,0,2,3.3258567263705694,0.681720873629431,6,0.12000000000000001
threshold_36,threshold,1,1,2,3.272813300224493,0.7347642997755081,9,0.18
threshold_36,threshold,1,2,2,3.330983579953975,0.6765940200460254,7,0.14
threshold_36,threshold,1,3,2,3.3043504095038845,0.703227190496115,6,0.12000000000000001
threshold_36,threshold,1,4,2,3.3136549722597453,0.6939226277402538,7,0.14
threshold_36,threshold,1,5,2,3.2925834881809535,0.714994111819046,6,0.12000000000000001
threshold_36,threshold,1,6,2,3.2894240444946377,0.7181535555053624,6,0.12000000000000001
threshold_36,threshold,1,7,2,3.3047395990181467,0.702838000981853,7,0.14
threshold_36,threshold,1,8,2,3.2926410108236634,0.7149365891763374,8,0.16
threshold_36,threshold,1,9,2,3.300938911073347,0.7066386889266519,5,0.1
threshold_36,threshold,1,0,3,3.3010156526945047,0.7065619473054946,5,0.1
threshold_36,threshold,1,1,3,3.313611884035994,0.6939657159640066,9,0.18
threshold_36,threshold,1,2,3,3.3071473106218066,0.7004302893781938,7,0.14
threshold_36,threshold,1,3,3,3.2695917501199934,0.737985849880008,7,0.14
threshold_36,threshold,1,4,3,3.2937365764915234,0.7138410235084771,6,0.12000000000000001
threshold_36,threshold,1,5,3,3.3064319521428893,0.7011456478571114,7,0.14
threshold_36,threshold,1,6,3,3.2940815311972416,0.7134960688027593,7,0.14
threshold_36,threshold,1,7,3,3.292842161428407,0.7147354385715946,7,0.14
threshold_36,threshold,1,8,3,3.292894715728621,0.7146828842713805,9,0.18
threshold_36,threshold,1,9,3,3.3039870432679517,0.703590556732049,5,0.1
threshold_36,threshold,1,0,4,3.2853026554068716,0.7222749445931291,5,0.1
threshold_36,threshold,1,1,4,3.288535213080532,0.7190423869194678,8,0.16
threshold_36,threshold,1,2,4,3.31517249458118,0.6924051054188205,7,0.14
threshold_36,threshold,1,3,4,3.2863387868865295,0.7212388131134706,7,0.14
threshold_36,threshold,1,4,4,3.3188834834639347,0.6886941165360652,6,0.12000000000000001
threshold_36,threshold,1,5,4,3.3088994879507063,0.6986781120492939,7,0.14
threshold_36,threshold,1,6,4,3.329527582342391,0.6780500176576097,7,0.14
threshold_36,threshold,1,7,4,3.3122659307371722,0.6953116692628285,7,0.14
threshold_36,threshold,1,8,4,3.291172215456163,0.7164053845438365,9,0.18
threshold_36,threshold,1,9,4,3.2920441473997033,0.7155334526002974,4,0.08
threshold_36,threshold,1,0,5,3.315877655885665,0.6916999441143351,5,0.1
threshold_36,threshold,1,1,5,3.28376880879671,0.7238087912032907,9,0.18
threshold_36,threshold,1,2,5,3.3096405498268315,0.6979370501731689,7,0.14
threshold_36,threshold,1,3,5,3.316147517054402,0.6914300829455979,7,0.14
threshold_36,threshold,1,4,5,3.2855773109868527,0.7220002890131463,6,0.12000000000000001
threshold_36,threshold,1,5,5,3.3132566587531653,0.6943209412468347,8,0.16
threshold_36,threshold,1,6,5,3.3127534727452264,0.6948241272547745,6,0.12000000000000001
threshold_36,threshold,1,7,5,3.3167178476551618,0.6908597523448385,6,0.12000000000000001
threshold_36,threshold,1,8,5,3.300925452794373,0.7066521472056271,9,0.18
threshold_36,threshold,1,9,5,3.3048099684690544,0.7027676315309447,6,0.12000000000000001
threshold_36,threshold,1,0,6,3.3204107761919706,0.6871668238080296,6,0.12000000000000001
threshold_36,threshold,1,1,6,3.3006844764847942,0.7068931235152058,8,0.16
threshold_36,threshold,1,2,6,3.29090272955594,0.7166748704440614,7,0.14
threshold_36,threshold,1,3,6,3.3077890203026032,0.6997885796973975,7,0.14
threshold_36,threshold,1,4,6,3.295259612297302,0.7123179877026975,7,0.14
threshold_36,threshold,1,5,6,3.3002057012218935,0.7073718987781078,8,0.16
threshold_36,threshold,1,6,6,3.2961091762564467,0.711468423743552,7,0.14
threshold_36,threshold,1,7,6,3.316187428379606,0.6913901716203948,7,0.14
threshold_36,threshold,1,8,6,3.270025046065172,0.7375525539348285,8,0.16
threshold_36,threshold,1,9,6,3.325817082558598,0.6817605174414039,5,0.1
threshold_36,threshold,1,0,7,3.297916864497981,0.7096607355020191,5,0.1
threshold_36,threshold,1,1,7,3.2805098887977824,0.7270677112022181,9,0.18
threshold_36,threshold,1,2,7,3.2968209819332213,0.7107566180667789,7,0.14
threshold_36,threshold,1,3,7,3.291087029534151,0.7164905704658476,7,0.14
threshold_36,threshold,1,4,7,3.284952981796968,0.7226246182030324,7,0.14
threshold_36,threshold,1,5,7,3.2890614671251144,0.7185161328748855,6,0.12000000000000001
threshold_36,threshold,1,6,7,3.2921390731879603,0.7154385268120403,7,0.14
threshold_36,threshold,1,7,7,3.311038328949927,0.6965392710500732,8,0.16
threshold_36,threshold,1,8,7,3.2954865785466985,0.7120910214533,9,0.18
threshold_36,threshold,1,9,7,3.289306424665795,0.7182711753342056,5,0.1
threshold_36,threshold,1,0,8,3.314653655986827,0.6929239440131727,7,0.14
threshold_36,threshold,1,1,8,3.264459899928671,0.7431177000713304,9,0.18
threshold_36,threshold,1,2,8,3.2836387490766095,0.7239388509233902,8,0.16
threshold_36,threshold,1,3,8,3.2836260176713616,0.723951582328639,8,0.16
threshold_36,threshold,1,4,8,3.280890084115784,0.7266875158842165,9,0.18
threshold_36,threshold,1,5,8,3.281697076076487,0.7258805239235108,9,0.18
threshold_36,threshold,1,6,8,3.2920021138862037,0.7155754861137977,8,0.16
threshold_36,threshold,1,7,8,3.2818731904622105,0.72570440953779,8,0.16
threshold_36,threshold,1,8,8,3.2320902349100864,0.7754873650899134,10,0.19999999999999998
threshold_36,threshold,1,9,8,3.2947695735494142,0.7128080264505856,7,0.14
threshold_36,threshold,1,0,9,3.293938401261672,0.7136391987383272,3,0.06
threshold_36,threshold,1,1,9,3.300211065831801,0.7073665341681988,8,0.16
threshold_36,threshold,1,2,9,3.310566104635352,0.6970114953646476,5,0.1
threshold_36,threshold,1,3,9,3.355300678343484,0.6522769216565152,5,0.1
threshold_36,threshold,1,4,9,3.330044388553781,0.6775332114462194,6,0.12000000000000001
threshold_36,threshold,1,5,9,3.3285978285210427,0.6789797714789582,5,0.1
threshold_36,threshold,1,6,9,3.313460782584118,0.6941168174158826,5,0.1
threshold_36,threshold,1,7,9,3.3657094335298847,0.6418681664701161,5,0.1
threshold_36,threshold,1,8,9,3.293016858433061,0.714560741566941,6,0.12000000000000001
threshold_36,threshold,1,9,9,3.293263637526799,0.7143139624732027,3,0.06
threshold_35,threshold,1,0,0,3.3302132195788223,0.677364380421178,3,0.06
threshold_35,threshold,1,1,0,3.322077714751085,0.6854998852489149,7,0.14
threshold_35,threshold,1,2,0,3.334457206481693,0.6731203935183061,6,0.12000000000000001
threshold_35,threshold,1,3,0,3.3134653585060434,0.6941122414939569,5,0.1
threshold_35,threshold,1,4,0,3.326561418083954,0.6810161819160474,6,0.12000000000000001
threshold_35,threshold,1,5,0,3.2843327837284737,0.7232448162715267,4,0.08
threshold_35,threshold,1,6,0,3.3426133898072874,0.6649642101927127,5,0.1
threshold_35,threshold,1,7,0,3.310294818133172,0.6972827818668293,6,0.12000000000000001
threshold_35,threshold,1,8,0,3.300742246574398,0.7068353534256034,8,0.16
threshold_35,threshold,1,9,0,3.302375177067294,0.7052024229327059,3,0.06
threshold_35,threshold,1,0,1,3.312824367239132,0.6947532327608678,7,0.14
threshold_35,threshold,1,1,1,3.249922700370753,0.7576548996292474,9,0.18
threshold_35,threshold,1,2,1,3.290650322969244,0.7169272770307573,9,0.18
threshold_35,threshold,1,3,1,3.2959627295522336,0.7116148704477664,8,0.16
threshold_35,threshold,1,4,1,3.291377772748228,0.7161998272517721,8,0.16
threshold_35,threshold,1,5,1,3.2749266504697303,0.7326509495302704,8,0.16
threshold_35,threshold,1,6,1,3.297877933608987,0.7096996663910136,8,0.16
threshold_35,threshold,1,7,1,3.2949270625379574,0.7126505374620442,8,0.16
threshold_35,threshold,1,8,1,3.2373760700078265,0.7702015299921738,10,0.19999999999999998
threshold_35,threshold,1,9,1,3.29213035352342,0.7154472464765793,8,0.16
threshold_35,threshold,1,0,2,3.333373927031902,0.674203672968098,5,0.1
threshold_35,threshold,1,1,2,3.2961070382897084,0.7114705617102917,8,0.16
threshold_35,threshold,1,2,2,3.286454509595917,0.7211230904040831,6,0.12000000000000001
threshold_35,threshold,1,3,2,3.3020900185528586,0.7054875814471423,7,0.14
threshold_35,threshold,1,4,2,3.3112161486676697,0.6963614513323314,7,0.14
threshold_35,threshold,1,5,2,3.313176856289628,0.6944007437103725,7,0.14
threshold_35,threshold,1,6,2,3.310055444681661,0.6975221553183392,7,0.14
threshold_35,threshold,1,7,2,3.318158103326388,0.689419496673612,6,0.12000000000000001
threshold_35,threshold,1,8,2,3.2758578511137944,0.7317197488862054,8,0.16
threshold_35,threshold,1,9,2,3.3271507042328796,0.6804268957671203,5,0.1
threshold_35,threshold,1,0,3,3.304673086833377,0.7029045131666226,5,0.1
threshold_35,threshold,1,1,3,3.3016424003708646,0.7059351996291345,8,0.16
threshold_35,threshold,1,2,3,3.288618900863863,0.7189586991361371,6,0.12000000000000001
threshold_35,threshold,1,3,3,3.2994797676431142,0.7080978323568874,7,0.14
threshold_35,threshold,1,4,3,3.310530396869846,0.6970472031301557,7,0.14
threshold_35,threshold,1,5,3,3.3110197838952145,0.6965578161047862,7,0.14
threshold_35,threshold,1,6,3,3.2900934464871727,0.7174841535128271,7,0.14
threshold_35,threshold,1,7,3,3.28055316871672,0.7270244312832799,7,0.14
threshold_35,threshold,1,8,3,3.272573219976984,0.7350043800230155,9,0.18
threshold_35,threshold,1,9,3,3.3073547488861146,0.7002228511138858,5,0.1
threshold_35,threshold,1,0,4,3.3216725137776524,0.6859050862223484,5,0.1
threshold_35,threshold,1,1,4,3.2836678439573683,0.7239097560426319,9,0.18
threshold_35,threshold,1,2,4,3.32023668573757,0.6873409142624307,7,0.14
threshold_35,threshold,1,3,4,3.3119200037864864,0.6956575962135139,7,0.14
threshold_35,threshold,1,4,4,3.3025817015361207,0.7049958984638791,6,0.12000000000000001
threshold_35,threshold,1,5,4,3.305377532331976,0.7022000676680233,7,0.14
threshold_35,threshold,1,6,4,3.2768798555791694,0.7306977444208289,6,0.12000000000000001
threshold_35,threshold,1,7,4,3.3080486211440654,0.6995289788559346,7,0.14
threshold_35,threshold,1,8,4,3.311984883115219,0.6955927168847817,9,0.18
threshold_35,threshold,1,9,4,3.2979968086534974,0.7095807913465038,5,0.1
threshold_35,threshold,1,0,5,3.2919833914420638,0.7155942085579363,4,0.08
threshold_35,threshold,1,1,5,3.31498456330816,0.6925930366918394,7,0.14
threshold_35,threshold,1,2,5,3.322814570984196,0.6847630290158047,7,0.14
threshold_35,threshold,1,3,5,3.3005342618866655,0.7070433381133354,7,0.14
threshold_35,threshold,1,4,5,3.329475058932629,0.6781025410673713,7,0.14
threshold_35,threshold,1,5,5,3.2960662564987424,0.7115113435012573,7,0.14
threshold_35,threshold,1,6,5,3.304624788982888,0.7029528110171109,8,0.16
threshold_35,threshold,1,7,5,3.2838792862650075,0.7236983137349923,6,0.12000000000000001
threshold_35,threshold,1,8,5,3.2751918549691936,0.7323857450308073,8,0.16
threshold_35,threshold,1,9,5,3.3380242670091946,0.6695533329908048,6,0.12000000000000001
threshold_35,threshold,1,0,6,3.3026802638357813,0.7048973361642198,6,0.12000000000000001
threshold_35,threshold,1,1,6,3.318060542325514,0.689517057674487,8,0.16
threshold_35,threshold,1,2,6,3.3113867037567735,0.6961908962432258,6,0.12000000000000001
threshold_35,threshold,1,3,6,3.3115944512978066,0.6959831487021938,7,0.14
threshold_35,threshold,1,4,6,3.338751265873357,0.6688263341266439,7,0.14
threshold_35,threshold,1,5,6,3.33199669342315,0.6755809065768494,7,0.14
threshold_35,threshold,1,6,6,3.2936604048103835,0.713917195189618,7,0.14
threshold_35,threshold,1,7,6,3.3034666402826964,0.704110959717302,7,0.14
threshold_35,threshold,1,8,6,3.2874591477780655,0.720118452221936,9,0.18
threshold_35,threshold,1,9,6,3.3041583442193905,0.7034192557806092,6,0.12000000000000001
threshold_35,threshold,1,0,7,3.3483989358335013,0.6591786641664986,5,0.1
threshold_35,threshold,1,1,7,3.293720282239683,0.7138573177603162,9,0.18
threshold_35,threshold,1,2,7,3.3010191330543486,0.7065584669456512,7,0.14
threshold_35,threshold,1,3,7,3.3133465685749877,0.6942310314250137,7,0.14
threshold_35,threshold,1,4,7,3.302056448097448,0.7055211519025514,7,0.14
threshold_35,threshold,1,5,7,3.3193739009217036,0.6882036990782971,6,0.12000000000000001
threshold_35,threshold,1,6,7,3.3219653501724937,0.685612249827508,7,0.14
threshold_35,threshold,1,7,7,3.3024773740060085,0.7051002259939908,7,0.14
threshold_35,threshold,1,8,7,3.299953258794742,0.7076243412052583,8,0.16
threshold_35,threshold,1,9,7,3.2810199754772067,0.7265576245227942,5,0.1
threshold_35,threshold,1,0,8,3.317286887875574,0.6902907121244247,6,0.12000000000000001
threshold_35,threshold,1,1,8,3.2281899494715476,0.7793876505284526,9,0.18
threshold_35,threshold,1,2,8,3.3030848553080023,0.7044927446919971,9,0.18
threshold_35,threshold,1,3,8,3.3199605765537856,0.6876170234462147,8,0.16
threshold_35,threshold,1,4,8,3.277124808897238,0.730452791102762,8,0.16
threshold_35,threshold,1,5,8,3.281494324294325,0.726083275705676,9,0.18
threshold_35,threshold,1,6,8,3.267592696178137,0.7399849038218629,9,0.18
threshold_35,threshold,1,7,8,3.298646925071468,0.7089306749285317,9,0.18
threshold_35,threshold,1,8,8,3.2341324503715008,0.7734451496284998,10,0.19999999999999998
threshold_35,threshold,1,9,8,3.293281281186695,0.7142963188133065,6,0.12000000000000001
threshold_35,threshold,1,0,9,3.283753873482535,0.7238237265174641,3,0.06
threshold_35,threshold,1,1,9,3.287632913696039,0.7199446863039607,7,0.14
threshold_35,threshold,1,2,9,3.329081343014018,0.6784962569859814,5,0.1
threshold_35,threshold,1,3,9,3.3167311064232274,0.6908464935767732,5,0.1
threshold_35,threshold,1,4,9,3.3113026675869515,0.6962749324130496,5,0.1
threshold_35,threshold,1,5,9,3.285083054310005,0.7224945456899963,6,0.12000000000000001
threshold_35,threshold,1,6,9,3.336057740114396,0.671519859885605,5,0.1
threshold_35,threshold,1,7,9,3.3020888353455593,0.7054887646544417,5,0.1
threshold_35,threshold,1,8,9,3.2805187016964665,0.7270588983035339,7,0.14
threshold_35,threshold,1,9,9,3.333238948022347,0.6743386519776519,4,0.08
threshold_37,threshold,1,0,0,3.293976192527945,0.7136014074720544,2,0.04
threshold_37,threshold,1,1,0,3.303012059900084,0.7045655400999157,7,0.14
threshold_37,threshold,1,2,0,3.3228120042677727,0.6847655957322271,5,0.1
threshold_37,threshold,1,3,0,3.2891359705480148,0.7184416294519852,5,0.1
threshold_37,threshold,1,4,0,3.3277359101896122,0.6798416898103881,5,0.1
threshold_37,threshold,1,5,0,3.298512763270137,0.7090648367298623,5,0.1
threshold_37,threshold,1,6,0,3.322567097098562,0.685010502901438,6,0.12000000000000001
threshold_37,threshold,1,7,0,3.3162537556303318,0.691323844369668,5,0.1
threshold_37,threshold,1,8,0,3.3040851183428055,0.7034924816571964,7,0.14
threshold_37,threshold,1,9,0,3.291641659158909,0.7159359408410902,3,0.06
threshold_37,threshold,1,0,1,3.3047652237380283,0.7028123762619722,7,0.14
threshold_37,threshold,1,1,1,3.2374804599250417,0.7700971400749572,10,0.19999999999999998
threshold_37,threshold,1,2,1,3.2816222456323194,0.7259553543676798,8,0.16
threshold_37,threshold,1,3,1,3.3043258081596996,0.7032517918403022,8,0.16
threshold_37,threshold,1,4,1,3.301537864142975,0.7060397358570256,8,0.16
threshold_37,threshold,1,5,1,3.2983709524939036,0.7092066475060971,8,0.16
threshold_37,threshold,1,6,1,3.300711321540746,0.7068662784592535,9,0.18
threshold_37,threshold,1,7,1,3.2880374257492795,0.7195401742507187,8,0.16
threshold_37,threshold,1,8,1,3.2421829603931545,0.7653946396068472,9,0.18
threshold_37,threshold,1,9,1,3.3092566701741752,0.698320929825825,7,0.14
threshold_37,threshold,1,0,2,3.3098725088186995,0.6977050911813012,6,0.12000000000000001
threshold_37,threshold,1,1,2,3.2884166166723574,0.7191609833276446,8,0.16
threshold_37,threshold,1,2,2,3.3321328745498455,0.6754447254501534,7,0.14
threshold_37,threshold,1,3,2,3.2963263844293205,0.7112512155706798,6,0.12000000000000001
threshold_37,threshold,1,4,2,3.3148889223796245,0.6926886776203761,7,0.14
threshold_37,threshold,1,5,2,3.3058635364219713,0.7017140635780293,7,0.14
threshold_37,threshold,1,6,2,3.304266290159105,0.7033113098408947,7,0.14
threshold_37,threshold,1,7,2,3.3009980419296263,0.706579558070372,7,0.14
threshold_37,threshold,1,8,2,3.2872615720074703,0.7203160279925295,9,0.18
threshold_37,threshold,1,9,2,3.3120022722208966,0.6955753277791037,5,0.1
threshold_37,threshold,1,0,3,3.2987538269469763,0.7088237730530247,5,0.1
threshold_37,threshold,1,1,3,3.284745584157808,0.7228320158421923,9,0.18
threshold_37,threshold,1,2,3,3.307369108052711,0.7002084919472895,7,0.14
threshold_37,threshold,1,3,3,3.3106974029800273,0.6968801970199734,7,0.14
threshold_37,threshold,1,4,3,3.2902405680038904,0.7173370319961104,7,0.14
threshold_37,threshold,1,5,3,3.2834021713035733,0.724175428696427,7,0.14
threshold_37,threshold,1,6,3,3.305900817301824,0.7016767826981763,7,0.14
threshold_37,threshold,1,7,3,3.280175442135,0.7274021578649992,7,0.14
threshold_37,threshold,1,8,3,3.262015416665858,0.7455621833341419,7,0.14
threshold_37,threshold,1,9,3,3.35534904094417,0.6522285590558303,5,0.1
threshold_37,threshold,1,0,4,3.2863716917673766,0.7212059082326235,5,0.1
threshold_37,threshold,1,1,4,3.3080349897705306,0.699542610229471,8,0.16
threshold_37,threshold,1,2,4,3.278289221128745,0.7292883788712535,7,0.14
threshold_37,threshold,1,3,4,3.3175479775030254,0.6900296224969745,7,0.14
threshold_37,threshold,1,4,4,3.3092240044830032,0.6983535955169959,7,0.14
threshold_37,threshold,1,5,4,3.299739814761385,0.7078377852386152,7,0.14
threshold_37,threshold,1,6,4,3.2997021476516823,0.7078754523483183,7,0.14
threshold_37,threshold,1,7,4,3.3006022291034305,0.7069753708965693,6,0.12000000000000001
threshold_37,threshold,1,8,4,3.2818261468775494,0.7257514531224498,8,0.16
threshold_37,threshold,1,9,4,3.3139318375748332,0.6936457624251677,5,0.1
threshold_37,threshold,1,0,5,3.3002071477235324,0.7073704522764664,6,0.12000000000000001
threshold_37,threshold,1,1,5,3.285399937707306,0.7221776622926938,8,0.16
threshold_37,threshold,1,2,5,3.3171077491836103,0.6904698508163902,7,0.14
threshold_37,threshold,1,3,5,3.2975653407085725,0.7100122592914287,7,0.14
threshold_37,threshold,1,4,5,3.314947217642624,0.692630382357376,7,0.14
threshold_37,threshold,1,5,5,3.295763768570186,0.7118138314298126,7,0.14
threshold_37,threshold,1,6,5,3.31279349180807,0.6947841081919301,7,0.14
threshold_37,threshold,1,7,5,3.3239250877108897,0.6836525122891115,7,0.14
threshold_37,threshold,1,8,5,3.275512281927001,0.7320653180730002,9,0.18
threshold_37,threshold,1,9,5,3.346725137287355,0.6608524627126451,6,0.12000000000000001
threshold_37,threshold,1,0,6,3.285205286890414,0.7223723131095869,5,0.1
threshold_37,threshold,1,1,6,3.288950800834598,0.7186267991654018,7,0.14
threshold_37,threshold,1,2,6,3.3134275308801997,0.6941500691198011,6,0.12000000000000001
threshold_37,threshold,1,3,6,3.3200473973411992,0.6875302026588008,7,0.14
threshold_37,threshold,1,4,6,3.3064448131405624,0.7011327868594387,6,0.12000000000000001
threshold_37,threshold,1,5,6,3.3317156175146927,0.6758619824853084,7,0.14
threshold_37,threshold,1,6,6,3.2963392196017702,0.7112383803982304,7,0.14
threshold_37,threshold,1,7,6,3.2959445242768624,0.7116330757231379,7,0.14
threshold_37,threshold,1,8,6,3.273234970579587,0.7343426294204133,9,0.18
threshold_37,threshold,1,9,6,3.2915620739051334,0.7160155260948657,4,0.08
threshold_37,threshold,1,0,7,3.3134491733040803,0.69412842669592,6,0.12000000000000001
threshold_37,threshold,1,1,7,3.2906916863982945,0.7168859136017064,9,0.18
threshold_37,threshold,1,2,7,3.3174349796063054,0.6901426203936947,6,0.12000000000000001
threshold_37,threshold,1,3,7,3.3054085600690097,0.7021690399309896,7,0.14
threshold_37,threshold,1,4,7,3.2943731537045653,0.7132044462954342,7,0.14
threshold_37,threshold,1,5,7,3.2930351767632704,0.7145424232367288,7,0.14
threshold_37,threshold,1,6,7,3.315637791546215,0.6919398084537847,7,0.14
threshold_37,threshold,1,7,7,3.251019480621325,0.7565581193786762,6,0.12000000000000001
threshold_37,threshold,1,8,7,3.2981705396201533,0.7094070603798465,8,0.16
threshold_37,threshold,1,9,7,3.3214212604317477,0.6861563395682525,5,0.1
threshold_37,threshold,1,0,8,3.304115828583066,0.7034617714169349,6,0.12000000000000001
threshold_37,threshold,1,1,8,3.2292694198127743,0.7783081801872246,10,0.19999999999999998
threshold_37,threshold,1,2,8,3.2851747672638987,0.7224028327361021,8,0.16
threshold_37,threshold,1,3,8,3.278083948912812,0.7294936510871882,9,0.18
threshold_37,threshold,1,4,8,3.306774437218422,0.7008031627815768,9,0.18
threshold_37,threshold,1,5,8,3.2910724641199782,0.7165051358800208,8,0.16
threshold_37,threshold,1,6,8,3.2944385970952177,0.7131390029047829,7,0.14
threshold_37,threshold,1,7,8,3.299159418757118,0.7084181812428826,8,0.16
threshold_37,threshold,1,8,8,3.2570722772743994,0.7505053227256004,9,0.18
threshold_37,threshold,1,9,8,3.306607663952091,0.7009699360479084,7,0.14
threshold_37,threshold,1,0,9,3.3087374043891264,0.698840195610873,3,0.06
threshold_37,threshold,1,1,9,3.3116900193472025,0.6958875806527982,7,0.14
threshold_37,threshold,1,2,9,3.3136223651873356,0.6939552348126646,5,0.1
threshold_37,threshold,1,3,9,3.2900843464315632,0.717493253568436,5,0.1
threshold_37,threshold,1,4,9,3.3132268622766468,0.6943507377233535,6,0.12000000000000001
threshold_37,threshold,1,5,9,3.313328352867432,0.6942492471325673,6,0.12000000000000001
threshold_37,threshold,1,6,9,3.317085535095506,0.6904920649044936,6,0.12000000000000001
threshold_37,threshold,1,7,9,3.3260714301097942,0.6815061698902054,6,0.12000000000000001
threshold_37,threshold,1,8,9,3.3137535163386564,0.6938240836613428,6,0.12000000000000001
threshold_37,threshold,1,9,9,3.312841596967707,0.694736003032296,4,0.08
threshold_34,threshold,2,0,0,3.2983843817721312,0.7091932182278694,3,0.12000000000000001
threshold_34,threshold,2,1,0,3.259901382688174,0.7476762173118258,9,0.3
threshold_34,threshold,2,2,0,3.259355826646482,0.7482217733535161,7,0.23999999999999996
threshold_34,threshold,2,3,0,3.288437979260302,0.7191396207396973,6,0.21999999999999997
threshold_34,threshold,2,4,0,3.317262060498864,0.6903155395011362,6,0.21999999999999997
threshold_34,threshold,2,5,0,3.302701966842452,0.7048756331575483,6,0.21999999999999997
threshold_34,threshold,2,6,0,3.311731052440824,0.6958465475591761,6,0.21999999999999997
threshold_34,threshold,2,7,0,3.3007226961461584,0.7068549038538428,6,0.21999999999999997
threshold_34,threshold,2,8,0,3.298621630574469,0.7089559694255322,7,0.25999999999999995
threshold_34,threshold,2,9,0,3.2974876696179978,0.7100899303820015,4,0.14
threshold_34,threshold,2,0,1,3.2606992299589264,0.7468783700410754,9,0.32
threshold_34,threshold,2,1,1,3.0915550020958595,0.9160225979041393,10,0.4000000000000001
threshold_34,threshold,2,2,1,3.195152320296701,0.8124252797033001,10,0.34
threshold_34,threshold,2,3,1,3.21195690942369,0.7956206905763107,9,0.34
threshold_34,threshold,2,4,1,3.213218922556875,0.7943586774431237,9,0.34
threshold_34,threshold,2,5,1,3.2195620375229588,0.7880155624770412,9,0.34
threshold_34,threshold,2,6,1,3.2075569840407203,0.8000206159592795,9,0.36000000000000004
threshold_34,threshold,2,7,1,3.215758613882964,0.7918189861170357,9,0.34
threshold_34,threshold,2,8,1,3.093003729710136,0.9145738702898654,10,0.4000000000000001
threshold_34,threshold,2,9,1,3.2687234436263193,0.7388541563736812,8,0.3
threshold_34,threshold,2,0,2,3.3021204195414455,0.7054571804585551,6,0.21999999999999997
threshold_34,threshold,2,1,2,3.2014024753532415,0.8061751246467592,10,0.36000000000000004
threshold_34,threshold,2,2,2,3.286163392324311,0.7214142076756894,7,0.25999999999999995
threshold_34,threshold,2,3,2,3.2487125623645485,0.7588650376354522,7,0.27999999999999997
threshold_34,threshold,2,4,2,3.270102450653226,0.7374751493467744,8,0.3
threshold_34,threshold,2,5,2,3.266850926533103,0.7407266734668968,8,0.32
threshold_34,threshold,2,6,2,3.2547081392103965,0.7528694607896037,8,0.3
threshold_34,threshold,2,7,2,3.245856388690583,0.7617212113094166,8,0.3
threshold_34,threshold,2,8,2,3.2044623262269325,0.8031152737730675,10,0.36000000000000004
threshold_34,threshold,2,9,2,3.290904593884581,0.7166730061154187,6,0.23999999999999996
threshold_34,threshold,2,0,3,3.2857110548623543,0.7218665451376458,7,0.25999999999999995
threshold_34,threshold,2,1,3,3.208216180460106,0.7993614195398933,9,0.34
threshold_34,threshold,2,2,3,3.2725988196575106,0.734978780342489,8,0.32
threshold_34,threshold,2,3,3,3.2737205373084004,0.7338570626915984,7,0.27999999999999997
threshold_34,threshold,2,4,3,3.2567377919880807,0.7508398080119189,8,0.3
threshold_34,threshold,2,5,3,3.2565621650838232,0.7510154349161771,8,0.32
threshold_34,threshold,2,6,3,3.2714046679697892,0.7361729320302104,8,0.3
threshold_34,threshold,2,7,3,3.2559927318124227,0.7515848681875769,9,0.34
threshold_34,threshold,2,8,3,3.2083932862309785,0.7991843137690227,10,0.36000000000000004
threshold_34,threshold,2,9,3,3.2947393142373818,0.7128382857626191,6,0.19999999999999998
threshold_34,threshold,2,0,4,3.277318398794735,0.7302592012052647,6,0.21999999999999997
threshold_34,threshold,2,1,4,3.2317459822334946,0.775831617766506,9,0.34
threshold_34,threshold,2,2,4,3.271726917981872,0.7358506820181288,8,0.3
threshold_34,threshold,2,3,4,3.26703323902107,0.7405443609789311,9,0.32
threshold_34,threshold,2,4,4,3.2655791398615066,0.7419984601384938,8,0.3
threshold_34,threshold,2,5,4,3.2409799201890777,0.7665976798109221,7,0.27999999999999997
threshold_34,threshold,2,6,4,3.2664005423058615,0.7411770576941387,8,0.3
threshold_34,threshold,2,7,4,3.2664145789716685,0.7411630210283326,8,0.3
threshold_34,threshold,2,8,4,3.1904842346303255,0.817093365369675,9,0.36000000000000004
threshold_34,threshold,2,9,4,3.297551454281868,0.7100261457181327,6,0.21999999999999997
threshold_34,threshold,2,0,5,3.297873144708955,0.7097044552910444,7,0.23999999999999996
threshold_34,threshold,2,1,5,3.220782100201827,0.7867954997981746,9,0.34
threshold_34,threshold,2,2,5,3.2388272346304534,0.7687503653695469,8,0.3
threshold_34,threshold,2,3,5,3.2542606392957385,0.753316960704262,7,0.27999999999999997
threshold_34,threshold,2,4,5,3.2833060868035857,0.7242715131964136,8,0.27999999999999997
threshold_34,threshold,2,5,5,3.264584804668301,0.7429927953316992,7,0.27999999999999997
threshold_34,threshold,2,6,5,3.2709587089416208,0.7366188910583784,8,0.3
threshold_34,threshold,2,7,5,3.25309768580988,0.75447991419012,8,0.32
threshold_34,threshold,2,8,5,3.20513527321207,0.8024423267879308,10,0.36000000000000004
threshold_34,threshold,2,9,5,3.2851702005278898,0.7224073994721115,7,0.23999999999999996
threshold_34,threshold,2,0,6,3.275896623875247,0.7316809761247534,6,0.21999999999999997
threshold_34,threshold,2,1,6,3.1965848891992117,0.8109927108007874,9,0.36000000000000004
threshold_34,threshold,2,2,6,3.2285337728469354,0.7790438271530647,9,0.32
threshold_34,threshold,2,3,6,3.2658022952988905,0.74177530470111,8,0.3
threshold_34,threshold,2,4,6,3.2741990393045324,0.7333785606954669,8,0.3
threshold_34,threshold,2,5,6,3.265843693152464,0.7417339068475363,8,0.3
threshold_34,threshold,2,6,6,3.2670015519795,0.7405760480204998,9,0.32
threshold_34,threshold,2,7,6,3.243540117202828,0.7640374827971711,8,0.3
threshold_34,threshold,2,8,6,3.191029264902348,0.8165483350976545,9,0.36000000000000004
threshold_34,threshold,2,9,6,3.2818988233185067,0.7256787766814938,5,0.21999999999999997
threshold_34,threshold,2,0,7,3.291217339999325,0.7163602600006744,8,0.25999999999999995
threshold_34,threshold,2,1,7,3.1738153802258973,0.8337622197741041,10,0.38000000000000006
threshold_34,threshold,2,2,7,3.2606732735375688,0.7469043264624315,8,0.3
threshold_34,threshold,2,3,7,3.277720669026733,0.7298569309732658,7,0.27999999999999997
threshold_34,threshold,2,4,7,3.2688177385993953,0.7387598614006045,8,0.27999999999999997
threshold_34,threshold,2,5,7,3.2412503386365485,0.766327261363453,8,0.3
threshold_34,threshold,2,6,7,3.2558446569478297,0.7517329430521704,8,0.3
threshold_34,threshold,2,7,7,3.258269091403027,0.7493085085969732,9,0.32
threshold_34,threshold,2,8,7,3.1565109441211328,0.851066655878868,10,0.38000000000000006
threshold_34,threshold,2,9,7,3.2777978955958043,0.7297797044041958,7,0.25999999999999995
threshold_34,threshold,2,0,8,3.2542114087113307,0.7533661912886703,8,0.27999999999999997
threshold_34,threshold,2,1,8,3.0903745847531656,0.9172030152468341,10,0.4000000000000001
threshold_34,threshold,2,2,8,3.1772678368693263,0.830309763130674,9,0.36000000000000004
threshold_34,threshold,2,3,8,3.240722810845771,0.7668547891542292,9,0.34
threshold_34,threshold,2,4,8,3.2173363382906452,0.7902412617093546,9,0.34
threshold_34,threshold,2,5,8,3.190567997554899,0.8170096024451013,10,0.38000000000000006
threshold_34,threshold,2,6,8,3.1996253255344596,0.8079522744655409,9,0.34
threshold_34,threshold,2,7,8,3.1938064003003324,0.8137711996996688,9,0.34
threshold_34,threshold,2,8,8,3.1016581289375655,0.9059194710624352,10,0.38000000000000006
threshold_34,threshold,2,9,8,3.263651272245443,0.7439263277545577,8,0.27999999999999997
threshold_34,threshold,2,0,9,3.280272150105758,0.7273054498942427,4,0.16
threshold_34,threshold,2,1,9,3.285875511700604,0.7217020882993965,8,0.27999999999999997
threshold_34,threshold,2,2,9,3.2864593196378244,0.7211182803621755,7,0.23999999999999996
threshold_34,threshold,2,3,9,3.316011854304557,0.6915657456954434,7,0.21999999999999997
threshold_34,threshold,2,4,9,3.2900209443755455,0.7175566556244536,5,0.21999999999999997
threshold_34,threshold,2,5,9,3.290687961034177,0.7168896389658229,6,0.19999999999999998
threshold_34,threshold,2,6,9,3.259635425507127,0.7479421744928721,5,0.19999999999999998
threshold_34,threshold,2,7,9,3.336335860599924,0.6712417394000767,5,0.18
threshold_34,threshold,2,8,9,3.3002318174066296,0.707345782593371,8,0.27999999999999997
threshold_34,threshold,2,9,9,3.2914784158684713,0.7160991841315294,4,0.14
threshold_36,threshold,2,0,0,3.2926954495734515,0.7148821504265489,5,0.18
threshold_36,threshold,2,1,0,3.2453239628260695,0.7622536371739302,7,0.27999999999999997
threshold_36,threshold,2,2,0,3.283599720864404,0.7239778791355949,7,0.25999999999999995
threshold_36,threshold,2,3,0,3.2954375687393878,0.7121400312606122,7,0.23999999999999996
threshold_36,threshold,2,4,0,3.2720038315250735,0.7355737684749258,6,0.23999999999999996
threshold_36,threshold,2,5,0,3.290136928691565,0.7174406713084353,8,0.27999999999999997
threshold_36,threshold,2,6,0,3.2664057692502557,0.741171830749744,6,0.21999999999999997
threshold_36,threshold,2,7,0,3.284236946458743,0.7233406535412585,7,0.23999999999999996
threshold_36,threshold,2,8,0,3.2644110211527977,0.7431665788472023,8,0.3
threshold_36,threshold,2,9,0,3.2998842975674263,0.7076933024325731,4,0.14
threshold_36,threshold,2,0,1,3.2722808564466357,0.7352967435533647,8,0.32
threshold_36,threshold,2,1,1,3.068219071577744,0.939358528422255,10,0.4000000000000001
threshold_36,threshold,2,2,1,3.2082197579807246,0.7993578420192745,9,0.36000000000000004
threshold_36,threshold,2,3,1,3.1801614424834304,0.8274161575165687,9,0.36000000000000004
threshold_36,threshold,2,4,1,3.211562400077994,0.7960151999220054,9,0.34
threshold_36,threshold,2,5,1,3.203959158517367,0.8036184414826327,9,0.36000000000000004
threshold_36,threshold,2,6,1,3.203305836663365,0.8042717633366351,9,0.36000000000000004
threshold_36,threshold,2,7,1,3.1779730434630737,0.8296045565369269,10,0.38000000000000006
threshold_36,threshold,2,8,1,3.0464055297146144,0.9611720702853849,10,0.38000000000000006
threshold_36,threshold,2,9,1,3.25638847141959,0.7511891285804114,8,0.3
threshold_36,threshold,2,0,2,3.2954806360816162,0.7120969639183835,6,0.23999999999999996
threshold_36,threshold,2,1,2,3.203867633726635,0.8037099662733651,9,0.36000000000000004
threshold_36,threshold,2,2,2,3.2744433985230468,0.7331342014769527,7,0.27999999999999997
threshold_36,threshold,2,3,2,3.2566730088355524,0.7509045911644495,8,0.27999999999999997
threshold_36,threshold,2,4,2,3.2839235642257867,0.723654035774212,7,0.27999999999999997
threshold_36,threshold,2,5,2,3.2705618437146846,0.7370157562853159,7,0.25999999999999995
threshold_36,threshold,2,6,2,3.2567789316142246,0.7507986683857744,9,0.3
threshold_36,threshold,2,7,2,3.2473569375475875,0.7602206624524123,9,0.32
threshold_36,threshold,2,8,2,3.2008574246315993,0.8067201753683994,9,0.34
threshold_36,threshold,2,9,2,3.2916611509748313,0.7159164490251694,6,0.21999999999999997
threshold_36,threshold,2,0,3,3.2783269353099285,0.7292506646900714,5,0.19999999999999998
threshold_36,threshold,2,1,3,3.2026680617182475,0.8049095382817528,9,0.36000000000000004
threshold_36,threshold,2,2,3,3.239916384606289,0.7676612153937106,8,0.3
threshold_36,threshold,2,3,3,3.2671177427517826,0.7404598572482182,8,0.3
threshold_36,threshold,2,4,3,3.2629131393211828,0.7446644606788166,8,0.27999999999999997
threshold_36,threshold,2,5,3,3.2679267751912624,0.7396508248087369,8,0.3
threshold_36,threshold,2,6,3,3.262102168061769,0.7454754319382317,8,0.3
threshold_36,threshold,2,7,3,3.2558955930154965,0.7516820069845024,8,0.3
threshold_36,threshold,2,8,3,3.2176378364529996,0.7899397635470007,9,0.36000000000000004
threshold_36,threshold,2,9,3,3.3181871296364522,0.689390470363547,6,0.21999999999999997
threshold_36,threshold,2,0,4,3.292899369781597,0.7146782302184034,6,0.21999999999999997
threshold_36,threshold,2,1,4,3.2387102330921893,0.7688673669078113,9,0.34
threshold_36,threshold,2,2,4,3.25746487183814,0.7501127281618603,8,0.3
threshold_36,threshold,2,3,4,3.2838251827297404,0.7237524172702602,8,0.3
threshold_36,threshold,2,4,4,3.278601061458743,0.7289765385412568,8,0.27999999999999997
threshold_36,threshold,2,5,4,3.2686059685059705,0.738971631494029,8,0.3
threshold_36,threshold,2,6,4,3.2828712020672803,0.7247063979327192,8,0.3
threshold_36,threshold,2,7,4,3.2393605719477456,0.7682170280522541,7,0.27999999999999997
threshold_36,threshold,2,8,4,3.2063859849576692,0.80119161504233,9,0.36000000000000004
threshold_36,threshold,2,9,4,3.3120199704167383,0.6955576295832627,7,0.21999999999999997
threshold_36,threshold,2,0,5,3.282140730800706,0.7254368691992943,5,0.19999999999999998
threshold_36,threshold,2,1,5,3.2163216290134904,0.7912559709865097,9,0.36000000000000004
threshold_36,threshold,2,2,5,3.2495246323324234,0.7580529676675771,8,0.3
threshold_36,threshold,2,3,5,3.2680102755836686,0.7395673244163307,8,0.3
threshold_36,threshold,2,4,5,3.2836857736936724,0.7238918263063286,8,0.27999999999999997
threshold_36,threshold,2,5,5,3.249157533883544,0.7584200661164557,9,0.34
threshold_36,threshold,2,6,5,3.26678020217636,0.7407973978236383,8,0.27999999999999997
threshold_36,threshold,2,7,5,3.2698423939393684,0.7377352060606305,8,0.27999999999999997
threshold_36,threshold,2,8,5,3.1845090371218836,0.823068562878117,9,0.36000000000000004
threshold_36,threshold,2,9,5,3.275046602650414,0.7325309973495842,6,0.23999999999999996
threshold_36,threshold,2,0,6,3.2880658748275575,0.7195117251724432,6,0.23999999999999996
threshold_36,threshold,2,1,6,3.2206215996918894,0.7869560003081109,9,0.34
threshold_36,threshold,2,2,6,3.2654508805881726,0.7421267194118262,8,0.3
threshold_36,threshold,2,3,6,3.2695941821762182,0.7379834178237823,8,0.3
threshold_36,threshold,2,4,6,3.2619288198359015,0.7456487801640986,8,0.3
threshold_36,threshold,2,5,6,3.2647628777947886,0.7428147222052117,8,0.32
threshold_36,threshold,2,6,6,3.2673714595956587,0.7402061404043411,9,0.32
threshold_36,threshold,2,7,6,3.2767626252250572,0.7308149747749427,8,0.3
threshold_36,threshold,2,8,6,3.1984111270464144,0.8091664729535869,9,0.34
threshold_36,threshold,2,9,6,3.281014352542157,0.7265632474578435,7,0.23999999999999996
threshold_36,threshold,2,0,7,3.299142738791666,0.7084348612083332,6,0.21999999999999997
threshold_36,threshold,2,1,7,3.2075275128087077,0.8000500871912926,9,0.36000000000000004
threshold_36,threshold,2,2,7,3.2645807928129056,0.7429968071870947,8,0.3
threshold_36,threshold,2,3,7,3.2688372023384837,0.7387403976615157,8,0.3
threshold_36,threshold,2,4,7,3.2675884970045033,0.7399891029954977,8,0.3
threshold_36,threshold,2,5,7,3.2850982211116406,0.7224793788883597,8,0.27999999999999997
threshold_36,threshold,2,6,7,3.289952921280993,0.7176246787190079,8,0.3
threshold_36,threshold,2,7,7,3.2451655589170425,0.762412041082958,8,0.32
threshold_36,threshold,2,8,7,3.155129854201606,0.8524477457983943,10,0.38000000000000006
threshold_36,threshold,2,9,7,3.301700719549332,0.7058768804506683,7,0.23999999999999996
threshold_36,threshold,2,0,8,3.272658483982221,0.7349191160177795,8,0.3
threshold_36,threshold,2,1,8,3.0969260101663223,0.9106515898336774,10,0.38000000000000006
threshold_36,threshold,2,2,8,3.2397328355160635,0.7678447644839367,9,0.34
threshold_36,threshold,2,3,8,3.198142976424799,0.8094346235752015,9,0.34
threshold_36,threshold,2,4,8,3.200093957129319,0.8074836428706815,9,0.36000000000000004
threshold_36,threshold,2,5,8,3.2407428480184994,0.7668347519815005,9,0.36000000000000004
threshold_36,threshold,2,6,8,3.2236535609529677,0.7839240390470326,9,0.34
threshold_36,threshold,2,7,8,3.2126020331078764,0.7949755668921245,9,0.34
threshold_36,threshold,2,8,8,3.0832407668104906,0.924336833189509,10,0.4000000000000001
threshold_36,threshold,2,9,8,3.2599804359420483,0.7475971640579517,7,0.27999999999999997
threshold_36,threshold,2,0,9,3.2954836422910883,0.7120939577089128,5,0.16
threshold_36,threshold,2,1,9,3.258582683778727,0.7489949162212728,7,0.3
threshold_36,threshold,2,2,9,3.3166675910307872,0.6909100089692122,6,0.21999999999999997
threshold_36,threshold,2,3,9,3.310188794793203,0.6973888052067971,6,0.21999999999999997
threshold_36,threshold,2,4,9,3.2971617147321566,0.7104158852678439,7,0.25999999999999995
threshold_36,threshold,2,5,9,3.3066392396605675,0.700938360339432,6,0.21999999999999997
threshold_36,threshold,2,6,9,3.2985453338586894,0.7090322661413085,5,0.19999999999999998
threshold_36,threshold,2,7,9,3.267709089564546,0.7398685104354535,6,0.21999999999999997
threshold_36,threshold,2,8,9,3.2798945239271826,0.7276830760728196,8,0.27999999999999997
threshold_36,threshold,2,9,9,3.307191836150051,0.7003857638499487,4,0.14
threshold_35,threshold,2,0,0,3.3117388555393665,0.6958387444606329,4,0.14
threshold_35,threshold,2,1,0,3.2729557665525624,0.7346218334474369,8,0.3
threshold_35,threshold,2,2,0,3.2707368067805715,0.7368407932194293,7,0.25999999999999995
threshold_35,threshold,2,3,0,3.2854564024462896,0.7221211975537111,6,0.21999999999999997
threshold_35,threshold,2,4,0,3.2674226540664266,0.7401549459335749,7,0.25999999999999995
threshold_35,threshold,2,5,0,3.2833135768257886,0.7242640231742099,6,0.19999999999999998
threshold_35,threshold,2,6,0,3.293549552229076,0.7140280477709239,7,0.23999999999999996
threshold_35,threshold,2,7,0,3.2758471109745604,0.7317304890254392,6,0.23999999999999996
threshold_35,threshold,2,8,0,3.2409428009457137,0.7666347990542853,9,0.34
threshold_35,threshold,2,9,0,3.2685261316402396,0.7390514683597594,3,0.12000000000000001
threshold_35,threshold,2,0,1,3.26045810583344,0.7471194941665595,8,0.3
threshold_35,threshold,2,1,1,3.1133358186387743,0.8942417813612265,10,0.38000000000000006
threshold_35,threshold,2,2,1,3.183586579535508,0.8239910204644919,10,0.38000000000000006
threshold_35,threshold,2,3,1,3.2003589912489954,0.8072186087510062,9,0.34
threshold_35,threshold,2,4,1,3.2257348515687476,0.781842748431252,9,0.34
threshold_35,threshold,2,5,1,3.190405672291719,0.8171719277082811,9,0.34
threshold_35,threshold,2,6,1,3.2026551570606516,0.8049224429393467,9,0.34
threshold_35,threshold,2,7,1,3.191152267473729,0.8164253325262715,9,0.34
threshold_35,threshold,2,8,1,3.0841724827213644,0.9234051172786346,10,0.4000000000000001
threshold_35,threshold,2,9,1,3.2468506162322446,0.7607269837677543,9,0.34
threshold_35,threshold,2,0,2,3.259411565204539,0.7481660347954617,7,0.23999999999999996
threshold_35,threshold,2,1,2,3.179680941637897,0.8278966583621035,10,0.36000000000000004
threshold_35,threshold,2,2,2,3.2688729903507845,0.7387046096492154,8,0.27999999999999997
threshold_35,threshold,2,3,2,3.251352230605156,0.7562253693948447,9,0.32
threshold_35,threshold,2,4,2,3.2523845650313734,0.7551930349686259,8,0.3
threshold_35,threshold,2,5,2,3.2699690311039684,0.7376085688960324,8,0.3
threshold_35,threshold,2,6,2,3.2480148943937714,0.7595627056062294,8,0.3
threshold_35,threshold,2,7,2,3.2408811892276788,0.7666964107723218,9,0.3
threshold_35,threshold,2,8,2,3.1784148968440595,0.8291627031559407,10,0.36000000000000004
threshold_35,threshold,2,9,2,3.2824999452329178,0.725077654767082,6,0.21999999999999997
threshold_35,threshold,2,0,3,3.2688492974626873,0.7387283025373129,6,0.21999999999999997
threshold_35,threshold,2,1,3,3.2051793878249577,0.8023982121750421,9,0.34
threshold_35,threshold,2,2,3,3.2750593156934897,0.732518284306511,8,0.27999999999999997
threshold_35,threshold,2,3,3,3.2712386673143174,0.7363389326856833,7,0.27999999999999997
threshold_35,threshold,2,4,3,3.2571173712911077,0.750460228708892,9,0.32
threshold_35,threshold,2,5,3,3.2640559128990647,0.7435216871009365,9,0.32
threshold_35,threshold,2,6,3,3.2427322219533905,0.764845378046611,8,0.3
threshold_35,threshold,2,7,3,3.245005335445669,0.762572264554331,9,0.32
threshold_35,threshold,2,8,3,3.1574018446825183,0.8501757553174816,10,0.38000000000000006
threshold_35,threshold,2,9,3,3.284012076542853,0.7235655234571462,7,0.23999999999999996
threshold_35,threshold,2,0,4,3.2847383273227027,0.7228392726772971,5,0.19999999999999998
threshold_35,threshold,2,1,4,3.2204215167761228,0.7871560832238772,9,0.36000000000000004
threshold_35,threshold,2,2,4,3.2710185592069174,0.736559040793084,7,0.27999999999999997
threshold_35,threshold,2,3,4,3.2577369796959155,0.7498406203040839,8,0.3
threshold_35,threshold,2,4,4,3.2687350325863638,0.7388425674136366,9,0.3
threshold_35,threshold,2,5,4,3.2635499848331397,0.7440276151668593,8,0.3
threshold_35,threshold,2,6,4,3.2637720169332343,0.7438055830667678,8,0.27999999999999997
threshold_35,threshold,2,7,4,3.260146789809698,0.747430810190302,8,0.3
threshold_35,threshold,2,8,4,3.171627126819861,0.8359504731801414,10,0.38000000000000006
threshold_35,threshold,2,9,4,3.285229861765638,0.722347738234362,7,0.23999999999999996
threshold_35,threshold,2,0,5,3.306784085303621,0.7007935146963782,6,0.19999999999999998
threshold_35,threshold,2,1,5,3.2312316770503373,0.7763459229496615,9,0.32
threshold_35,threshold,2,2,5,3.2659646584681417,0.7416129415318587,9,0.32
threshold_35,threshold,2,3,5,3.259514360418836,0.7480632395811635,8,0.3
threshold_35,threshold,2,4,5,3.263111017876491,0.7444665821235088,8,0.3
threshold_35,threshold,2,5,5,3.2622807108984366,0.7452968891015642,8,0.3
threshold_35,threshold,2,6,5,3.2513788509593207,0.7561987490406799,9,0.34
threshold_35,threshold,2,7,5,3.261697069277726,0.7458805307222737,9,0.3
threshold_35,threshold,2,8,5,3.1990132416843875,0.8085643583156131,10,0.36000000000000004
threshold_35,threshold,2,9,5,3.270274221224965,0.7373033787750356,7,0.25999999999999995
threshold_35,threshold,2,0,6,3.283019471752518,0.7245581282474823,6,0.23999999999999996
threshold_35,threshold,2,1,6,3.2045476078498756,0.8030299921501259,9,0.34
threshold_35,threshold,2,2,6,3.276997730728727,0.730579869271272,8,0.27999999999999997
threshold_35,threshold,2,3,6,3.270853153680233,0.7367244463197676,7,0.27999999999999997
threshold_35,threshold,2,4,6,3.2549079637711564,0.7526696362288438,7,0.27999999999999997
threshold_35,threshold,2,5,6,3.2569887140188225,0.7505888859811773,8,0.3
threshold_35,threshold,2,6,6,3.2613891902234817,0.7461884097765186,7,0.27999999999999997
threshold_35,threshold,2,7,6,3.238706032890335,0.7688715671096661,8,0.3
threshold_35,threshold,2,8,6,3.170373424289859,0.8372041757101407,10,0.38000000000000006
threshold_35,threshold,2,9,6,3.2726956179895423,0.734881982010458,6,0.23999999999999996
threshold_35,threshold,2,0,7,3.31454177545605,0.6930358245439495,5,0.19999999999999998
threshold_35,threshold,2,1,7,3.214997252231275,0.7925803477687252,9,0.36000000000000004
threshold_35,threshold,2,2,7,3.2476104846431326,0.7599671153568679,9,0.32
threshold_35,threshold,2,3,7,3.257637532342989,0.7499400676570117,8,0.3
threshold_35,threshold,2,4,7,3.2611002682296006,0.7464773317703999,9,0.32
threshold_35,threshold,2,5,7,3.258533540214859,0.7490440597851417,8,0.27999999999999997
threshold_35,threshold,2,6,7,3.251838435342831,0.7557391646571704,8,0.3
threshold_35,threshold,2,7,7,3.243452494820435,0.7641251051795654,9,0.32
threshold_35,threshold,2,8,7,3.2156889461486555,0.7918886538513439,10,0.36000000000000004
threshold_35,threshold,2,9,7,3.2845424339566676,0.7230351660433337,6,0.21999999999999997
threshold_35,threshold,2,0,8,3.2616225255034186,0.7459550744965812,7,0.25999999999999995
threshold_35,threshold,2,1,8,3.13202987881404,0.8755477211859607,10,0.38000000000000006
threshold_35,threshold,2,2,8,3.198117345087949,0.8094602549120495,9,0.36000000000000004
threshold_35,threshold,2,3,8,3.2254400999869315,0.7821375000130688,9,0.34
threshold_35,threshold,2,4,8,3.2143150815027624,0.7932625184972384,9,0.34
threshold_35,threshold,2,5,8,3.181424485224363,0.8261531147756357,10,0.38000000000000006
threshold_35,threshold,2,6,8,3.202858136632814,0.8047194633671866,9,0.36000000000000004
threshold_35,threshold,2,7,8,3.16170120129212,0.8458763987078807,10,0.38000000000000006
threshold_35,threshold,2,8,8,3.0629944296707747,0.9445831703292251,10,0.4000000000000001
threshold_35,threshold,2,9,8,3.261474749013364,0.7461028509866369,9,0.3
threshold_35,threshold,2,0,9,3.312260293332197,0.6953173066678018,3,0.12000000000000001
threshold_35,threshold,2,1,9,3.268903795734315,0.7386738042656859,7,0.27999999999999997
threshold_35,threshold,2,2,9,3.296745867037753,0.710831732962247,6,0.21999999999999997
threshold_35,threshold,2,3,9,3.2904819839012056,0.7170956160987947,5,0.19999999999999998
threshold_35,threshold,2,4,9,3.2582416876418048,0.749335912358197,6,0.21999999999999997
threshold_35,threshold,2,5,9,3.300835625157026,0.7067419748429752,6,0.23999999999999996
threshold_35,threshold,2,6,9,3.278282224955796,0.7292953750442045,6,0.21999999999999997
threshold_35,threshold,2,7,9,3.2805893570877918,0.7269882429122082,7,0.23999999999999996
threshold_35,threshold,2,8,9,3.2602434737614367,0.7473341262385651,8,0.3
threshold_35,threshold,2,9,9,3.2994057662204774,0.7081718337795233,4,0.16
threshold_37,threshold,2,0,0,3.333006333938854,0.6745712660611463,4,0.12000000000000001
threshold_37,threshold,2,1,0,3.2246873853588154,0.782890214641186,8,0.3
threshold_37,threshold,2,2,0,3.2931947188584747,0.7143828811415266,6,0.21999999999999997
threshold_37,threshold,2,3,0,3.2775736531914736,0.7300039468085281,6,0.21999999999999997
threshold_37,threshold,2,4,0,3.283445460942234,0.7241321390577676,7,0.23999999999999996
threshold_37,threshold,2,5,0,3.261933836656137,0.7456437633438634,5,0.19999999999999998
threshold_37,threshold,2,6,0,3.2771926427944784,0.7303849572055215,6,0.23999999999999996
threshold_37,threshold,2,7,0,3.286682941567607,0.7208946584323939,8,0.25999999999999995
threshold_37,threshold,2,8,0,3.257525251544111,0.7500523484558889,9,0.32
threshold_37,threshold,2,9,0,3.276608632356625,0.7309689676433746,3,0.12000000000000001
threshold_37,threshold,2,0,1,3.2751426842212585,0.7324349157787431,8,0.3
threshold_37,threshold,2,1,1,3.0964317401621493,0.9111458598378507,10,0.4000000000000001
threshold_37,threshold,2,2,1,3.2124915826093594,0.7950860173906421,9,0.34
threshold_37,threshold,2,3,1,3.227190459618049,0.7803871403819522,9,0.34
threshold_37,threshold,2,4,1,3.2334170834592437,0.7741605165407566,9,0.34
threshold_37,threshold,2,5,1,3.189066316096066,0.8185112839039327,9,0.34
threshold_37,threshold,2,6,1,3.1920532195986,0.8155243804014,10,0.38000000000000006
threshold_37,threshold,2,7,1,3.1760346465650624,0.8315429534349373,10,0.36000000000000004
threshold_37,threshold,2,8,1,3.0667123394202473,0.9408652605797514,10,0.38000000000000006
threshold_37,threshold,2,9,1,3.2479335276530423,0.759644072346956,9,0.32
threshold_37,threshold,2,0,2,3.2902393514801918,0.7173382485198094,6,0.23999999999999996
threshold_37,threshold,2,1,2,3.214100441152384,0.7934771588476147,9,0.34
threshold_37,threshold,2,2,2,3.265726167208057,0.7418514327919417,8,0.3
threshold_37,threshold,2,3,2,3.292006972842059,0.71557062715794,8,0.27999999999999997
threshold_37,threshold,2,4,2,3.2544141128087882,0.7531634871912121,8,0.3
threshold_37,threshold,2,5,2,3.2713563406883868,0.7362212593116128,8,0.3
threshold_37,threshold,2,6,2,3.2538083199932886,0.7537692800067124,9,0.32
threshold_37,threshold,2,7,2,3.247031338355845,0.7605462616441567,8,0.3
threshold_37,threshold,2,8,2,3.166616109586582,0.840961490413417,10,0.38000000000000006
threshold_37,threshold,2,9,2,3.2752887059754356,0.7322888940245642,7,0.23999999999999996
threshold_37,threshold,2,0,3,3.2878892712667023,0.7196883287332985,6,0.21999999999999997
threshold_37,threshold,2,1,3,3.1941733833147454,0.8134042166852536,10,0.38000000000000006
threshold_37,threshold,2,2,3,3.266929692173246,0.7406479078267549,8,0.3
threshold_37,threshold,2,3,3,3.262530690684494,0.7450469093155067,8,0.3
threshold_37,threshold,2,4,3,3.255694809988422,0.7518827900115779,9,0.32
threshold_37,threshold,2,5,3,3.2795363602432537,0.7280412397567466,8,0.3
threshold_37,threshold,2,6,3,3.272803708837344,0.7347738911626569,8,0.3
threshold_37,threshold,2,7,3,3.2598949043712646,0.7476826956287365,8,0.3
threshold_37,threshold,2,8,3,3.199849760534472,0.8077278394655275,9,0.32
threshold_37,threshold,2,9,3,3.281172029616833,0.7264055703831666,6,0.21999999999999997
threshold_37,threshold,2,0,4,3.2877965054248603,0.7197810945751413,6,0.21999999999999997
threshold_37,threshold,2,1,4,3.217809648547602,0.7897679514523985,9,0.34
threshold_37,threshold,2,2,4,3.2941680632937578,0.7134095367062422,8,0.3
threshold_37,threshold,2,3,4,3.308742637266146,0.6988349627338549,8,0.3
threshold_37,threshold,2,4,4,3.2586823189738827,0.7488952810261175,8,0.3
threshold_37,threshold,2,5,4,3.278173593270933,0.7294040067290664,7,0.27999999999999997
threshold_37,threshold,2,6,4,3.2508224249107105,0.7567551750892894,8,0.3
threshold_37,threshold,2,7,4,3.2690550310290925,0.7385225689709074,8,0.27999999999999997
threshold_37,threshold,2,8,4,3.220211753936521,0.7873658460634786,9,0.34
threshold_37,threshold,2,9,4,3.2959711874293562,0.7116064125706437,5,0.19999999999999998
threshold_37,threshold,2,0,5,3.2840104189504307,0.7235671810495697,6,0.23999999999999996
threshold_37,threshold,2,1,5,3.1956259999381125,0.8119516000618865,9,0.34
threshold_37,threshold,2,2,5,3.2777286762091187,0.729848923790881,8,0.3
threshold_37,threshold,2,3,5,3.279871171870992,0.7277064281290094,8,0.3
threshold_37,threshold,2,4,5,3.283741304419921,0.7238362955800801,8,0.3
threshold_37,threshold,2,5,5,3.258126227894917,0.749451372105083,8,0.3
threshold_37,threshold,2,6,5,3.247827317216407,0.7597502827835936,9,0.32
threshold_37,threshold,2,7,5,3.25193250898251,0.7556450910174887,8,0.3
threshold_37,threshold,2,8,5,3.201071480663521,0.8065061193364799,10,0.38000000000000006
threshold_37,threshold,2,9,5,3.2975635675022845,0.7100140324977156,6,0.23999999999999996
threshold_37,threshold,2,0,6,3.294105576649794,0.7134720233502054,7,0.23999999999999996
threshold_37,threshold,2,1,6,3.219994083072855,0.787583516927145,10,0.34
threshold_37,threshold,2,2,6,3.2734118643591286,0.7341657356408734,8,0.27999999999999997
threshold_37,threshold,2,3,6,3.2593420995311932,0.7482355004688064,9,0.32
threshold_37,threshold,2,4,6,3.2962901034943712,0.711287496505629,8,0.27999999999999997
threshold_37,threshold,2,5,6,3.246943268373663,0.7606343316263369,8,0.3
threshold_37,threshold,2,6,6,3.2737904340202664,0.7337871659797353,8,0.3
threshold_37,threshold,2,7,6,3.245919129272087,0.7616584707279125,9,0.32
threshold_37,threshold,2,8,6,3.206305764904026,0.8012718350959753,9,0.36000000000000004
threshold_37,threshold,2,9,6,3.2869657145698006,0.7206118854301993,6,0.19999999999999998
threshold_37,threshold,2,0,7,3.287636990396306,0.719940609603693,6,0.23999999999999996
threshold_37,threshold,2,1,7,3.220445071106482,0.787132528893518,9,0.36000000000000004
threshold_37,threshold,2,2,7,3.2625843492477014,0.7449932507522982,8,0.27999999999999997
threshold_37,threshold,2,3,7,3.273715480038997,0.7338621199610027,8,0.3
threshold_37,threshold,2,4,7,3.2462710541893998,0.7613065458106015,7,0.27999999999999997
threshold_37,threshold,2,5,7,3.264140815531219,0.7434367844687825,8,0.3
threshold_37,threshold,2,6,7,3.253898263432288,0.7536793365677121,8,0.3
threshold_37,threshold,2,7,7,3.2525844990207315,0.754993100979268,9,0.3
threshold_37,threshold,2,8,7,3.182328495963314,0.8252491040366868,9,0.34
threshold_37,threshold,2,9,7,3.2765924507187085,0.7309851492812923,6,0.21999999999999997
threshold_37,threshold,2,0,8,3.287490207229163,0.7200873927708366,8,0.27999999999999997
threshold_37,threshold,2,1,8,3.0922335752066976,0.9153440247933018,9,0.38000000000000006
threshold_37,threshold,2,2,8,3.1782243658710247,0.8293532341289754,9,0.34
threshold_37,threshold,2,3,8,3.222163589487891,0.7854140105121085,9,0.36000000000000004
threshold_37,threshold,2,4,8,3.17694834958542,0.8306292504145814,10,0.38000000000000006
threshold_37,threshold,2,5,8,3.2145979722784928,0.7929796277215063,10,0.36000000000000004
threshold_37,threshold,2,6,8,3.213615295791925,0.7939623042080751,9,0.32
threshold_37,threshold,2,7,8,3.2026377121591203,0.80493988784088,10,0.36000000000000004
threshold_37,threshold,2,8,8,3.0907004723841363,0.9168771276158634,10,0.38000000000000006
threshold_37,threshold,2,9,8,3.2462735222857435,0.7613040777142587,8,0.3
threshold_37,threshold,2,0,9,3.305547028065191,0.7020305719348092,4,0.14
threshold_37,threshold,2,1,9,3.2495726154534417,0.7580049845465575,8,0.3
threshold_37,threshold,2,2,9,3.287097110713014,0.7204804892869859,7,0.23999999999999996
threshold_37,threshold,2,3,9,3.2902413672500628,0.7173362327499389,5,0.19999999999999998
threshold_37,threshold,2,4,9,3.308180140451172,0.6993974595488269,5,0.21999999999999997
threshold_37,threshold,2,5,9,3.261641233003264,0.7459363669967362,6,0.23999999999999996
threshold_37,threshold,2,6,9,3.282591454826873,0.7249861451731261,6,0.23999999999999996
threshold_37,threshold,2,7,9,3.2813450541827307,0.7262325458172684,7,0.25999999999999995
threshold_37,threshold,2,8,9,3.2883021225826456,0.7192754774173542,7,0.25999999999999995
threshold_37,threshold,2,9,9,3.3282733933578283,0.6793042066421723,4,0.16
threshold_34,threshold,3,0,0,3.286530750802636,0.7210468491973641,5,0.21999999999999997
threshold_34,threshold,3,1,0,3.1954771110330356,0.8121004889669636,9,0.48000000000000015
threshold_34,threshold,3,2,0,3.2661577302714226,0.7414198697285774,7,0.38000000000000006
threshold_34,threshold,3,3,0,3.2455525296110745,0.7620250703889261,8,0.38000000000000006
threshold_34,threshold,3,4,0,3.2502323332976193,0.757345266702382,8,0.38000000000000006
threshold_34,threshold,3,5,0,3.2635931916381713,0.7439844083618279,7,0.36000000000000004
threshold_34,threshold,3,6,0,3.270049831046234,0.7375277689537657,8,0.38000000000000006
threshold_34,threshold,3,7,0,3.2650286614204385,0.742548938579562,7,0.36000000000000004
threshold_34,threshold,3,8,0,3.1911345536197637,0.8164430463802355,9,0.4400000000000001
threshold_34,threshold,3,9,0,3.293355005059863,0.7142225949401367,4,0.21999999999999997
threshold_34,threshold,3,0,1,3.1573836458339906,0.8501939541660097,9,0.5000000000000001
threshold_34,threshold,3,1,1,2.896100337759517,1.1114772622404843,10,0.6000000000000002
threshold_34,threshold,3,2,1,3.0418999749368116,0.9656776250631889,10,0.5400000000000001
threshold_34,threshold,3,3,1,3.0561742058447283,0.9514033941552719,9,0.5200000000000001
threshold_34,threshold,3,4,1,3.0553622891087766,0.9522153108912229,10,0.5400000000000001
threshold_34,threshold,3,5,1,3.042009413981231,0.965568186018769,9,0.5200000000000001
threshold_34,threshold,3,6,1,3.0008320586627137,1.0067455413372879,10,0.5600000000000002
threshold_34,threshold,3,7,1,2.99201520978459,1.0155623902154098,10,0.5400000000000001
threshold_34,threshold,3,8,1,2.8709989981060318,1.136578601893968,10,0.6000000000000002
threshold_34,threshold,3,9,1,3.158306316333144,0.849271283666856,9,0.48000000000000015
threshold_34,threshold,3,0,2,3.2373429125544697,0.7702346874455305,7,0.36000000000000004
threshold_34,threshold,3,1,2,3.0681461252566793,0.9394314747433217,10,0.5600000000000002
threshold_34,threshold,3,2,2,3.1890678655563374,0.8185097344436624,9,0.4400000000000001
threshold_34,threshold,3,3,2,3.1601629069627153,0.8474146930372841,9,0.46000000000000013
threshold_34,threshold,3,4,2,3.158496514345015,0.8490810856549856,9,0.48000000000000015
threshold_34,threshold,3,5,2,3.1299696687205802,0.8776079312794208,10,0.5200000000000001
threshold_34,threshold,3,6,2,3.136996797911872,0.8705808020881279,9,0.48000000000000015
threshold_34,threshold,3,7,2,3.0860865488313043,0.9214910511686961,9,0.48000000000000015
threshold_34,threshold,3,8,2,2.939977102537461,1.0676004974625388,10,0.5600000000000002
threshold_34,threshold,3,9,2,3.223670444100881,0.7839071558991202,8,0.4000000000000001
threshold_34,threshold,3,0,3,3.2407033432875516,0.7668742567124468,7,0.4000000000000001
threshold_34,threshold,3,1,3,3.0167553254249144,0.9908222745750864,9,0.5200000000000001
threshold_34,threshold,3,2,3,3.142010190955314,0.8655674090446853,9,0.5000000000000001
threshold_34,threshold,3,3,3,3.2009283016477754,0.806649298352225,9,0.46000000000000013
threshold_34,threshold,3,4,3,3.1548801922677776,0.8526974077322237,9,0.48000000000000015
threshold_34,threshold,3,5,3,3.1568690992954833,0.8507085007045175,10,0.5200000000000001
threshold_34,threshold,3,6,3,3.18139062027818,0.82618697972182,9,0.48000000000000015
threshold_34,threshold,3,7,3,3.0829165136191756,0.9246610863808238,9,0.5200000000000001
threshold_34,threshold,3,8,3,3.0183530464262294,0.9892245535737706,10,0.5600000000000002
threshold_34,threshold,3,9,3,3.257109199886623,0.7504684001133761,8,0.36000000000000004
threshold_34,threshold,3,0,4,3.257211732378706,0.7503658676212939,8,0.38000000000000006
threshold_34,threshold,3,1,4,3.0516542267958324,0.9559233732041701,9,0.5200000000000001
threshold_34,threshold,3,2,4,3.1323755971514715,0.8752020028485289,10,0.5000000000000001
threshold_34,threshold,3,3,4,3.1464994993601305,0.8610781006398697,9,0.5000000000000001
threshold_34,threshold,3,4,4,3.129454605237619,0.878122994762382,10,0.5000000000000001
threshold_34,threshold,3,5,4,3.184332862243345,0.8232447377566549,9,0.46000000000000013
threshold_34,threshold,3,6,4,3.144065228383318,0.8635123716166834,9,0.48000000000000015
threshold_34,threshold,3,7,4,3.140148913047587,0.8674286869524133,9,0.48000000000000015
threshold_34,threshold,3,8,4,3.054128618689504,0.9534489813104966,10,0.5600000000000002
threshold_34,threshold,3,9,4,3.2417715170746555,0.7658060829253434,8,0.38000000000000006
threshold_34,threshold,3,0,5,3.2554013378663034,0.752176262133696,8,0.4000000000000001
threshold_34,threshold,3,1,5,3.082423115515687,0.9251544844843127,9,0.5200000000000001
threshold_34,threshold,3,2,5,3.174388434404914,0.8331891655950878,9,0.48000000000000015
threshold_34,threshold,3,3,5,3.19029456660774,0.8172830333922609,9,0.46000000000000013
threshold_34,threshold,3,4,5,3.182032311091684,0.8255452889083159,9,0.46000000000000013
threshold_34,threshold,3,5,5,3.153803989232799,0.8537736107672003,9,0.46000000000000013
threshold_34,threshold,3,6,5,3.1576260665265146,0.8499515334734841,9,0.48000000000000015
threshold_34,threshold,3,7,5,3.1405114790663053,0.8670661209336941,9,0.5000000000000001
threshold_34,threshold,3,8,5,3.0361459551262806,0.971431644873721,10,0.5600000000000002
threshold_34,threshold,3,9,5,3.251035883644277,0.7565417163557235,7,0.38000000000000006
threshold_34,threshold,3,0,6,3.2394301513654065,0.7681474486345933,7,0.36000000000000004
threshold_34,threshold,3,1,6,3.0087032446796904,0.9988743553203095,10,0.5600000000000002
threshold_34,threshold,3,2,6,3.156290536985825,0.8512870630141761,9,0.5000000000000001
threshold_34,threshold,3,3,6,3.177467461764592,0.8301101382354087,9,0.48000000000000015
threshold_34,threshold,3,4,6,3.1740715609054617,0.8335060390945376,9,0.48000000000000015
threshold_34,threshold,3,5,6,3.180933634963705,0.8266439650362952,9,0.48000000000000015
threshold_34,threshold,3,6,6,3.1077039422274315,0.8998736577725697,10,0.5200000000000001
threshold_34,threshold,3,7,6,3.120103365372134,0.887474234627865,9,0.48000000000000015
threshold_34,threshold,3,8,6,2.993759694638299,1.0138179053617005,9,0.5400000000000001
threshold_34,threshold,3,9,6,3.2371460042885527,0.7704315957114465,8,0.38000000000000006
threshold_34,threshold,3,0,7,3.226364929985525,0.7812126700144755,8,0.4200000000000001
threshold_34,threshold,3,1,7,2.9772104389154515,1.0303671610845495,10,0.5800000000000002
threshold_34,threshold,3,2,7,3.108909364236367,0.8986682357636339,9,0.48000000000000015
threshold_34,threshold,3,3,7,3.1761689781882176,0.8314086218117831,9,0.46000000000000013
threshold_34,threshold,3,4,7,3.158866521422874,0.8487110785771251,9,0.46000000000000013
threshold_34,threshold,3,5,7,3.150478028063894,0.857099571936107,9,0.48000000000000015
threshold_34,threshold,3,6,7,3.1245148202572723,0.8830627797427282,9,0.48000000000000015
threshold_34,threshold,3,7,7,3.06200167054523,0.9455759294547726,9,0.5000000000000001
threshold_34,threshold,3,8,7,3.026076336444999,0.9815012635550002,10,0.5800000000000002
threshold_34,threshold,3,9,7,3.204087710437196,0.803489889562804,7,0.4000000000000001
threshold_34,threshold,3,0,8,3.149812534386996,0.8577650656130039,9,0.46000000000000013
threshold_34,threshold,3,1,8,2.862158313768769,1.1454192862312293,10,0.6000000000000002
threshold_34,threshold,3,2,8,2.953114345678452,1.0544632543215477,10,0.5600000000000002
threshold_34,threshold,3,3,8,3.057787326034147,0.9497902739658541,9,0.5200000000000001
threshold_34,threshold,3,4,8,3.00638878498354,1.0011888150164596,10,0.5400000000000001
threshold_34,threshold,3,5,8,2.9751197575343156,1.0324578424656838,10,0.5800000000000002
threshold_34,threshold,3,6,8,2.9936135593899933,1.0139640406100066,10,0.5400000000000001
threshold_34,threshold,3,7,8,3.045779941756501,0.9617976582434983,10,0.5400000000000001
threshold_34,threshold,3,8,8,2.878696940058122,1.1288806599418792,10,0.5800000000000002
threshold_34,threshold,3,9,8,3.1629086591326563,0.8446689408673427,9,0.46000000000000013
threshold_34,threshold,3,0,9,3.278057873972686,0.7295197260273142,5,0.25999999999999995
threshold_34,threshold,3,1,9,3.162431188815765,0.8451464111842347,9,0.46000000000000013
threshold_34,threshold,3,2,9,3.242141423521914,0.7654361764780848,8,0.4000000000000001
threshold_34,threshold,3,3,9,3.253860577961412,0.753717022038589,8,0.38000000000000006
threshold_34,threshold,3,4,9,3.2295824723358293,0.7779951276641708,8,0.38000000000000006
threshold_34,threshold,3,5,9,3.2669223757883463,0.7406552242116538,8,0.36000000000000004
threshold_34,threshold,3,6,9,3.239327831511245,0.7682497684887555,7,0.34
threshold_34,threshold,3,7,9,3.234882687797663,0.7726949122023369,8,0.34
threshold_34,threshold,3,8,9,3.14829127988711,0.85928632011289,10,0.48000000000000015
threshold_34,threshold,3,9,9,3.2786124114890693,0.7289651885109316,5,0.23999999999999996
threshold_36,threshold,3,0,0,3.2621540612241313,0.745423538775868,6,0.3
threshold_36,threshold,3,1,0,3.1228775992486293,0.8847000007513692,9,0.46000000000000013
threshold_36,threshold,3,2,0,3.2151955464261297,0.7923820535738709,8,0.4200000000000001
threshold_36,threshold,3,3,0,3.223704302756012,0.7838732972439892,8,0.4000000000000001
threshold_36,threshold,3,4,0,3.255785647309244,0.7517919526907555,8,0.4000000000000001
threshold_36,threshold,3,5,0,3.237892506203274,0.7696850937967271,8,0.4400000000000001
threshold_36,threshold,3,6,0,3.2423237278810255,0.7652538721189772,7,0.36000000000000004
threshold_36,threshold,3,7,0,3.2278176610070477,0.7797599389929529,8,0.4000000000000001
threshold_36,threshold,3,8,0,3.185189187398315,0.8223884126016853,9,0.48000000000000015
threshold_36,threshold,3,9,0,3.282662846906265,0.7249147530937353,4,0.21999999999999997
threshold_36,threshold,3,0,1,3.130080205598146,0.8774973944018543,9,0.5000000000000001
threshold_36,threshold,3,1,1,2.772767716332152,1.2348098836678483,10,0.6000000000000002
threshold_36,threshold,3,2,1,2.9783994109007343,1.0291781890992653,10,0.5600000000000002
threshold_36,threshold,3,3,1,3.0001717904255147,1.0074058095744869,10,0.5600000000000002
threshold_36,threshold,3,4,1,3.0427935519800315,0.9647840480199682,10,0.5400000000000001
threshold_36,threshold,3,5,1,3.0637818974323636,0.9437957025676365,10,0.5600000000000002
threshold_36,threshold,3,6,1,3.04336148616789,0.9642161138321097,10,0.5600000000000002
threshold_36,threshold,3,7,1,3.031194034461576,0.9763835655384242,9,0.5600000000000002
threshold_36,threshold,3,8,1,2.8943604506700074,1.1132171493299934,10,0.5800000000000002
threshold_36,threshold,3,9,1,3.1626880601820124,0.8448895398179888,9,0.48000000000000015
threshold_36,threshold,3,0,2,3.2065191190815923,0.8010584809184078,8,0.4000000000000001
threshold_36,threshold,3,1,2,2.9740669113807803,1.0335106886192202,10,0.5600000000000002
threshold_36,threshold,3,2,2,3.114123468070854,0.8934541319291464,9,0.46000000000000013
threshold_36,threshold,3,3,2,3.124262449135692,0.8833151508643089,9,0.46000000000000013
threshold_36,threshold,3,4,2,3.1351729601995193,0.8724046398004821,10,0.48000000000000015
threshold_36,threshold,3,5,2,3.174498816343489,0.8330787836565109,9,0.4400000000000001
threshold_36,threshold,3,6,2,3.1199418613655627,0.8876357386344368,9,0.48000000000000015
threshold_36,threshold,3,7,2,3.124476775022424,0.8831008249775754,9,0.5000000000000001
threshold_36,threshold,3,8,2,3.0557377596592143,0.9518398403407854,9,0.5200000000000001
threshold_36,threshold,3,9,2,3.243395952218695,0.7641816477813039,7,0.36000000000000004
threshold_36,threshold,3,0,3,3.2531352594863763,0.7544423405136236,8,0.36000000000000004
threshold_36,threshold,3,1,3,3.033223148911089,0.9743544510889115,9,0.5400000000000001
threshold_36,threshold,3,2,3,3.1169050368698175,0.8906725631301832,9,0.48000000000000015
threshold_36,threshold,3,3,3,3.1803167470175233,0.8272608529824779,9,0.48000000000000015
threshold_36,threshold,3,4,3,3.1793355587324026,0.8282420412675986,8,0.4400000000000001
threshold_36,threshold,3,5,3,3.1470038037156893,0.8605737962843104,9,0.48000000000000015
threshold_36,threshold,3,6,3,3.173527301652423,0.834050298347578,9,0.48000000000000015
threshold_36,threshold,3,7,3,3.1520229070737185,0.8555546929262836,10,0.5000000000000001
threshold_36,threshold,3,8,3,3.05904108132304,0.9485365186769599,9,0.5400000000000001
threshold_36,threshold,3,9,3,3.247947587307793,0.7596300126922061,8,0.38000000000000006
threshold_36,threshold,3,0,4,3.2274847426574507,0.7800928573425502,8,0.38000000000000006
threshold_36,threshold,3,1,4,3.016422467761649,0.9911551322383505,9,0.5200000000000001
threshold_36,threshold,3,2,4,3.1444362109371573,0.8631413890628428,9,0.48000000000000015
threshold_36,threshold,3,3,4,3.1784433144918762,0.829134285508125,9,0.48000000000000015
threshold_36,threshold,3,4,4,3.18647652975004,0.8211010702499598,9,0.46000000000000013
threshold_36,threshold,3,5,4,3.128198932427147,0.879378667572852,9,0.48000000000000015
threshold_36,threshold,3,6,4,3.1600614612562277,0.8475161387437732,9,0.48000000000000015
threshold_36,threshold,3,7,4,3.1564939248092605,0.8510836751907402,9,0.46000000000000013
threshold_36,threshold,3,8,4,3.009293033132504,0.9982845668674967,10,0.5600000000000002
threshold_36,threshold,3,9,4,3.249155705046052,0.7584218949539475,7,0.36000000000000004
threshold_36,threshold,3,0,5,3.235691105673294,0.7718864943267058,8,0.36000000000000004
threshold_36,threshold,3,1,5,3.0281102365234283,0.979467363476573,9,0.5400000000000001
threshold_36,threshold,3,2,5,3.1271034003133646,0.8804741996866348,10,0.5000000000000001
threshold_36,threshold,3,3,5,3.136263289062804,0.8713143109371961,9,0.48000000000000015
threshold_36,threshold,3,4,5,3.189459215760477,0.8181183842395237,9,0.46000000000000013
threshold_36,threshold,3,5,5,3.1508987333610414,0.8566788666389592,9,0.5200000000000001
threshold_36,threshold,3,6,5,3.168773795845102,0.8388038041548991,9,0.46000000000000013
threshold_36,threshold,3,7,5,3.138025517166813,0.8695520828331864,9,0.46000000000000013
threshold_36,threshold,3,8,5,3.03408377163352,0.9734938283664814,10,0.5600000000000002
threshold_36,threshold,3,9,5,3.2284880029146796,0.77908959708532,7,0.38000000000000006
threshold_36,threshold,3,0,6,3.239012074819678,0.7685655251803211,8,0.4000000000000001
threshold_36,threshold,3,1,6,3.0221250014135337,0.9854525985864666,10,0.5400000000000001
threshold_36,threshold,3,2,6,3.115686066364016,0.8918915336359838,9,0.48000000000000015
threshold_36,threshold,3,3,6,3.109099214026365,0.8984783859736352,10,0.5000000000000001
threshold_36,threshold,3,4,6,3.1259776037605445,0.8815999962394555,9,0.48000000000000015
threshold_36,threshold,3,5,6,3.1662553084758094,0.8413222915241891,9,0.5000000000000001
threshold_36,threshold,3,6,6,3.1780453796095074,0.8295322203904927,9,0.5000000000000001
threshold_36,threshold,3,7,6,3.134982095380235,0.8725955046197654,9,0.48000000000000015
threshold_36,threshold,3,8,6,3.039131610177703,0.9684459898222966,10,0.5400000000000001
threshold_36,threshold,3,9,6,3.2295643558822498,0.7780132441177502,8,0.4000000000000001
threshold_36,threshold,3,0,7,3.2356906352915327,0.7718869647084678,8,0.38000000000000006
threshold_36,threshold,3,1,7,2.9889221956810874,1.018655404318912,10,0.5600000000000002
threshold_36,threshold,3,2,7,3.0837438355092726,0.9238337644907268,9,0.48000000000000015
threshold_36,threshold,3,3,7,3.1534041110559397,0.8541734889440623,9,0.48000000000000015
threshold_36,threshold,3,4,7,3.190152903172519,0.8174246968274831,9,0.48000000000000015
threshold_36,threshold,3,5,7,3.1179997421809156,0.8895778578190846,10,0.48000000000000015
threshold_36,threshold,3,6,7,3.144312651738913,0.8632649482610871,9,0.48000000000000015
threshold_36,threshold,3,7,7,3.1102741225233355,0.8973034774766672,10,0.5200000000000001
threshold_36,threshold,3,8,7,2.9610924617926195,1.046485138207382,10,0.5800000000000002
threshold_36,threshold,3,9,7,3.22829853180395,0.779279068196051,8,0.4000000000000001
threshold_36,threshold,3,0,8,3.160115964717193,0.8474616352828076,9,0.48000000000000015
threshold_36,threshold,3,1,8,2.9065652973463254,1.1010123026536751,10,0.5800000000000002
threshold_36,threshold,3,2,8,3.03132964531736,0.9762479546826401,9,0.5200000000000001
threshold_36,threshold,3,3,8,3.058553729008801,0.9490238709911981,9,0.5200000000000001
threshold_36,threshold,3,4,8,2.990256150926278,1.0173214490737226,10,0.5600000000000002
threshold_36,threshold,3,5,8,3.0360042587776856,0.9715733412223149,9,0.5400000000000001
threshold_36,threshold,3,6,8,3.051430951114179,0.95614664888582,10,0.5400000000000001
threshold_36,threshold,3,7,8,3.014331227103913,0.9932463728960862,10,0.5400000000000001
threshold_36,threshold,3,8,8,2.868034587925688,1.139543012074312,10,0.6000000000000002
threshold_36,threshold,3,9,8,3.172154020635018,0.8354235793649809,9,0.46000000000000013
threshold_36,threshold,3,0,9,3.2774163061192496,0.7301612938807501,4,0.23999999999999996
threshold_36,threshold,3,1,9,3.1725622057912415,0.8350153942087593,9,0.48000000000000015
threshold_36,threshold,3,2,9,3.2383838612599107,0.7691937387400894,7,0.36000000000000004
threshold_36,threshold,3,3,9,3.2674770010895937,0.740100598910407,8,0.38000000000000006
threshold_36,threshold,3,4,9,3.236744980535966,0.7708326194640351,8,0.4200000000000001
threshold_36,threshold,3,5,9,3.232478605431122,0.7750989945688774,9,0.4000000000000001
threshold_36,threshold,3,6,9,3.2766274869287764,0.7309501130712234,7,0.34
threshold_36,threshold,3,7,9,3.2185950413372786,0.7889825586627225,8,0.38000000000000006
threshold_36,threshold,3,8,9,3.170200682378935,0.8373769176210654,8,0.4400000000000001
threshold_36,threshold,3,9,9,3.3017055051018294,0.7058720948981713,4,0.21999999999999997
threshold_35,threshold,3,0,0,3.2825325709319464,0.7250450290680527,6,0.25999999999999995
threshold_35,threshold,3,1,0,3.1139269910829626,0.8936506089170381,10,0.5000000000000001
threshold_35,threshold,3,2,0,3.23022054643305,0.7773570535669495,8,0.4200000000000001
threshold_35,threshold,3,3,0,3.232614896202142,0.7749627037978586,9,0.4000000000000001
threshold_35,threshold,3,4,0,3.2245755436696397,0.78300205633036,8,0.4200000000000001
threshold_35,threshold,3,5,0,3.245237649869761,0.7623399501302381,8,0.36000000000000004
threshold_35,threshold,3,6,0,3.2481221006968144,0.7594554993031868,8,0.4000000000000001
threshold_35,threshold,3,7,0,3.236037222149071,0.7715403778509307,8,0.4000000000000001
threshold_35,threshold,3,8,0,3.1524857154855574,0.8550918845144436,9,0.5200000000000001
threshold_35,threshold,3,9,0,3.2761223343104833,0.7314552656895179,5,0.21999999999999997
threshold_35,threshold,3,0,1,3.1094712422666366,0.8981063577333632,9,0.48000000000000015
threshold_35,threshold,3,1,1,2.8339073105314108,1.173670289468589,10,0.5800000000000002
threshold_35,threshold,3,2,1,2.9759560398194114,1.031621560180589,10,0.5800000000000002
threshold_35,threshold,3,3,1,3.026130855653702,0.9814467443462978,10,0.5400000000000001
threshold_35,threshold,3,4,1,3.0435315063344723,0.964046093665528,10,0.5400000000000001
threshold_35,threshold,3,5,1,3.069364019959528,0.9382135800404734,9,0.5200000000000001
threshold_35,threshold,3,6,1,3.0213893328271615,0.9861882671728384,10,0.5400000000000001
threshold_35,threshold,3,7,1,2.960606849075528,1.0469707509244723,10,0.5400000000000001
threshold_35,threshold,3,8,1,2.8567028725956702,1.1508747274043283,10,0.6000000000000002
threshold_35,threshold,3,9,1,3.1168190143838483,0.8907585856161522,9,0.5200000000000001
threshold_35,threshold,3,0,2,3.2383682244082883,0.7692093755917117,8,0.4000000000000001
threshold_35,threshold,3,1,2,2.9837857251694717,1.0237918748305297,10,0.5600000000000002
threshold_35,threshold,3,2,2,3.1211144880967034,0.886463111903297,9,0.46000000000000013
threshold_35,threshold,3,3,2,3.143901166269431,0.8636764337305696,9,0.5000000000000001
threshold_35,threshold,3,4,2,3.13848489659982,0.8690927034001809,10,0.5000000000000001
threshold_35,threshold,3,5,2,3.123705428611742,0.8838721713882579,9,0.48000000000000015
threshold_35,threshold,3,6,2,3.1364476843026456,0.8711299156973548,9,0.48000000000000015
threshold_35,threshold,3,7,2,3.094572571943212,0.9130050280567887,10,0.5000000000000001
threshold_35,threshold,3,8,2,2.9711089468902108,1.0364686531097898,10,0.5600000000000002
threshold_35,threshold,3,9,2,3.2472840017170075,0.7602935982829927,7,0.36000000000000004
threshold_35,threshold,3,0,3,3.2514797158318833,0.7560978841681175,8,0.38000000000000006
threshold_35,threshold,3,1,3,3.027786467167496,0.979791132832503,9,0.5200000000000001
threshold_35,threshold,3,2,3,3.1584273525998436,0.8491502474001569,9,0.46000000000000013
threshold_35,threshold,3,3,3,3.1465566498097264,0.8610209501902726,9,0.46000000000000013
threshold_35,threshold,3,4,3,3.1805465355301368,0.8270310644698644,9,0.5000000000000001
threshold_35,threshold,3,5,3,3.1793733542505636,0.8282042457494364,9,0.5000000000000001
threshold_35,threshold,3,6,3,3.181406787673757,0.8261708123262423,9,0.48000000000000015
threshold_35,threshold,3,7,3,3.1170245880548095,0.8905530119451921,9,0.5000000000000001
threshold_35,threshold,3,8,3,3.009191944584813,0.9983856554151881,10,0.5800000000000002
threshold_35,threshold,3,9,3,3.2435578378733787,0.76401976212662,9,0.4200000000000001
threshold_35,threshold,3,0,4,3.279577486857424,0.7280001131425761,7,0.34
threshold_35,threshold,3,1,4,3.0517996379006154,0.9557779620993846,10,0.5600000000000002
threshold_35,threshold,3,2,4,3.1242863716218707,0.8832912283781288,9,0.46000000000000013
threshold_35,threshold,3,3,4,3.170654184631768,0.8369234153682319,9,0.48000000000000015
threshold_35,threshold,3,4,4,3.1686895409407696,0.8388880590592299,9,0.48000000000000015
threshold_35,threshold,3,5,4,3.1652532086438363,0.842324391356164,9,0.48000000000000015
threshold_35,threshold,3,6,4,3.181106377596354,0.8264712224036456,9,0.46000000000000013
threshold_35,threshold,3,7,4,3.1717183195936793,0.8358592804063207,9,0.48000000000000015
threshold_35,threshold,3,8,4,2.957066459225863,1.0505111407741372,10,0.5800000000000002
threshold_35,threshold,3,9,4,3.2533451461286043,0.7542324538713975,8,0.4000000000000001
threshold_35,threshold,3,0,5,3.2562385188106577,0.7513390811893428,7,0.34
threshold_35,threshold,3,1,5,3.1017171432390915,0.9058604567609083,10,0.5200000000000001
threshold_35,threshold,3,2,5,3.127939393252238,0.8796382067477622,9,0.5000000000000001
threshold_35,threshold,3,3,5,3.153394420376751,0.8541831796232492,9,0.48000000000000015
threshold_35,threshold,3,4,5,3.167121583817506,0.8404560161824935,8,0.46000000000000013
threshold_35,threshold,3,5,5,3.1939362646513523,0.8136413353486479,9,0.48000000000000015
threshold_35,threshold,3,6,5,3.163114106126674,0.8444634938733258,9,0.5200000000000001
threshold_35,threshold,3,7,5,3.1872846401309163,0.8202929598690857,9,0.48000000000000015
threshold_35,threshold,3,8,5,3.0161553820438076,0.9914222179561938,10,0.5600000000000002
threshold_35,threshold,3,9,5,3.237447719377106,0.7701298806228948,8,0.4200000000000001
threshold_35,threshold,3,0,6,3.251936221001736,0.7556413789982637,7,0.38000000000000006
threshold_35,threshold,3,1,6,3.064630933843448,0.9429466661565523,10,0.5400000000000001
threshold_35,threshold,3,2,6,3.154087925330896,0.8534896746691041,10,0.48000000000000015
threshold_35,threshold,3,3,6,3.157135146360125,0.8504424536398747,9,0.46000000000000013
threshold_35,threshold,3,4,6,3.1797786436818756,0.8277989563181255,9,0.46000000000000013
threshold_35,threshold,3,5,6,3.1557162461549737,0.8518613538450268,9,0.48000000000000015
threshold_35,threshold,3,6,6,3.1766581341400344,0.8309194658599647,9,0.46000000000000013
threshold_35,threshold,3,7,6,3.158671730016791,0.848905869983211,9,0.48000000000000015
threshold_35,threshold,3,8,6,3.043947954531971,0.9636296454680283,9,0.5600000000000002
threshold_35,threshold,3,9,6,3.243550589592096,0.7640270104079048,9,0.4200000000000001
threshold_35,threshold,3,0,7,3.2821080083651832,0.7254695916348176,7,0.34
threshold_35,threshold,3,1,7,3.0594841873973646,0.9480934126026358,9,0.5400000000000001
threshold_35,threshold,3,2,7,3.0894966479356065,0.9180809520643931,9,0.5000000000000001
threshold_35,threshold,3,3,7,3.1468584056048963,0.8607191943951037,9,0.48000000000000015
threshold_35,threshold,3,4,7,3.130664891538673,0.8769127084613269,9,0.5000000000000001
threshold_35,threshold,3,5,7,3.1422673482936863,0.8653102517063129,9,0.46000000000000013
threshold_35,threshold,3,6,7,3.1302430739281744,0.8773345260718256,9,0.48000000000000015
threshold_35,threshold,3,7,7,3.110081955480827,0.8974956445191729,9,0.5000000000000001
threshold_35,threshold,3,8,7,3.019015837351278,0.9885617626487218,9,0.5400000000000001
threshold_35,threshold,3,9,7,3.2552749215970636,0.7523026784029375,8,0.38000000000000006
threshold_35,threshold,3,0,8,3.2013956555647223,0.806181944435277,9,0.4400000000000001
threshold_35,threshold,3,1,8,2.88405414847175,1.1235234515282506,10,0.5800000000000002
threshold_35,threshold,3,2,8,3.003209271945841,1.004368328054159,10,0.5600000000000002
threshold_35,threshold,3,3,8,3.06786295568692,0.9397146443130794,10,0.5400000000000001
threshold_35,threshold,3,4,8,2.999739527730314,1.0078380722696867,10,0.5400000000000001
threshold_35,threshold,3,5,8,3.0046472380137814,1.0029303619862189,9,0.5600000000000002
threshold_35,threshold,3,6,8,3.0188086587856118,0.9887689412143894,10,0.5600000000000002
threshold_35,threshold,3,7,8,3.0071693276495495,1.0004082723504508,9,0.5600000000000002
threshold_35,threshold,3,8,8,2.8470400477253075,1.160537552274692,10,0.6000000000000002
threshold_35,threshold,3,9,8,3.1332375844150353,0.8743400155849664,9,0.48000000000000015
threshold_35,threshold,3,0,9,3.28508561601703,0.7224919839829704,5,0.21999999999999997
threshold_35,threshold,3,1,9,3.179732342948192,0.827845257051807,9,0.46000000000000013
threshold_35,threshold,3,2,9,3.235904637562436,0.771672962437564,8,0.38000000000000006
threshold_35,threshold,3,3,9,3.246599314418857,0.7609782855811434,8,0.36000000000000004
threshold_35,threshold,3,4,9,3.240663802228677,0.7669137977713228,7,0.36000000000000004
threshold_35,threshold,3,5,9,3.2381712300932084,0.7694063699067916,8,0.4000000000000001
threshold_35,threshold,3,6,9,3.263028277473012,0.7445493225269901,7,0.36000000000000004
threshold_35,threshold,3,7,9,3.222976149110886,0.784601450889115,9,0.4200000000000001
threshold_35,threshold,3,8,9,3.1591798175499286,0.8483977824500728,9,0.48000000000000015
threshold_35,threshold,3,9,9,3.264380579844352,0.7431970201556477,5,0.25999999999999995
threshold_37,threshold,3,0,0,3.2885666046080027,0.719010995391998,5,0.21999999999999997
threshold_37,threshold,3,1,0,3.143851367409447,0.8637262325905539,9,0.48000000000000015
threshold_37,threshold,3,2,0,3.248078620106922,0.7594989798930785,9,0.4000000000000001
threshold_37,threshold,3,3,0,3.2322494106881865,0.775328189311814,7,0.36000000000000004
threshold_37,threshold,3,4,0,3.2439009886869594,0.7636766113130398,8,0.4000000000000001
threshold_37,threshold,3,5,0,3.2638429385195726,0.743734661480427,7,0.34
threshold_37,threshold,3,6,0,3.2198496011059805,0.7877279988940206,9,0.4200000000000001
threshold_37,threshold,3,7,0,3.2351354701093142,0.7724421298906867,8,0.4200000000000001
threshold_37,threshold,3,8,0,3.1478688609318586,0.8597087390681416,9,0.5000000000000001
threshold_37,threshold,3,9,0,3.278665156490774,0.7289124435092272,5,0.21999999999999997
threshold_37,threshold,3,0,1,3.159425345084755,0.8481522549152449,9,0.48000000000000015
threshold_37,threshold,3,1,1,2.869862154217409,1.1377154457825907,10,0.6000000000000002
threshold_37,threshold,3,2,1,3.009568855940696,0.9980087440593033,10,0.5400000000000001
threshold_37,threshold,3,3,1,3.0212390355255994,0.9863385644744004,10,0.5400000000000001
threshold_37,threshold,3,4,1,3.1087646962269493,0.8988129037730513,10,0.5400000000000001
threshold_37,threshold,3,5,1,3.071652880388941,0.935924719611058,10,0.5400000000000001
threshold_37,threshold,3,6,1,3.005271673663007,1.0023059263369922,10,0.5800000000000002
threshold_37,threshold,3,7,1,2.973462883985496,1.0341147160145048,10,0.5600000000000002
threshold_37,threshold,3,8,1,2.8663393336908918,1.1412382663091094,10,0.5800000000000002
threshold_37,threshold,3,9,1,3.1310688641896984,0.876508735810302,9,0.5000000000000001
threshold_37,threshold,3,0,2,3.2251278940712917,0.7824497059287076,9,0.4200000000000001
threshold_37,threshold,3,1,2,3.019689729790785,0.9878878702092155,9,0.5200000000000001
threshold_37,threshold,3,2,2,3.124263027428634,0.8833145725713669,9,0.48000000000000015
threshold_37,threshold,3,3,2,3.118005348980536,0.8895722510194635,9,0.46000000000000013
threshold_37,threshold,3,4,2,3.1476742073540813,0.8599033926459203,10,0.5000000000000001
threshold_37,threshold,3,5,2,3.1720653748494847,0.8355122251505159,10,0.5000000000000001
threshold_37,threshold,3,6,2,3.143090803235984,0.8644867967640175,9,0.5000000000000001
threshold_37,threshold,3,7,2,3.1415781551819424,0.8659994448180567,9,0.48000000000000015
threshold_37,threshold,3,8,2,2.94486749704317,1.0627101029568302,10,0.5800000000000002
threshold_37,threshold,3,9,2,3.2155333514936495,0.7920442485063494,9,0.4200000000000001
threshold_37,threshold,3,0,3,3.214790024205845,0.7927875757941556,8,0.38000000000000006
threshold_37,threshold,3,1,3,2.975874397468121,1.0317032025318769,10,0.5800000000000002
threshold_37,threshold,3,2,3,3.125866657387938,0.8817109426120613,9,0.48000000000000015
threshold_37,threshold,3,3,3,3.1448928738239137,0.862684726176087,9,0.48000000000000015
threshold_37,threshold,3,4,3,3.156836753798725,0.8507408462012744,9,0.5000000000000001
threshold_37,threshold,3,5,3,3.1879251690044748,0.8196524309955256,9,0.48000000000000015
threshold_37,threshold,3,6,3,3.1435693691655975,0.8640082308344029,9,0.48000000000000015
threshold_37,threshold,3,7,3,3.133811587951161,0.8737660120488387,9,0.48000000000000015
threshold_37,threshold,3,8,3,3.019846509846605,0.9877310901533963,10,0.5200000000000001
threshold_37,threshold,3,9,3,3.252719233691379,0.7548583663086222,6,0.34
threshold_37,threshold,3,0,4,3.2404602912353972,0.7671173087646037,8,0.38000000000000006
threshold_37,threshold,3,1,4,3.0177104749519237,0.9898671250480771,10,0.5400000000000001
threshold_37,threshold,3,2,4,3.0944339203095974,0.9131436796904023,9,0.48000000000000015
threshold_37,threshold,3,3,4,3.1394789394778444,0.8680986605221556,9,0.48000000000000015
threshold_37,threshold,3,4,4,3.178170964344595,0.8294066356554042,9,0.48000000000000015
threshold_37,threshold,3,5,4,3.1697338082510056,0.8378437917489951,9,0.46000000000000013
threshold_37,threshold,3,6,4,3.1457737473103093,0.86180385268969,9,0.48000000000000015
threshold_37,threshold,3,7,4,3.1423954072395013,0.8651821927604985,9,0.46000000000000013
threshold_37,threshold,3,8,4,3.0965469635765928,0.9110306364234089,9,0.5200000000000001
threshold_37,threshold,3,9,4,3.251577271463128,0.7560003285368707,7,0.34
threshold_37,threshold,3,0,5,3.225418620271069,0.7821589797289308,8,0.4000000000000001
threshold_37,threshold,3,1,5,3.08486523436082,0.9227123656391787,9,0.5200000000000001
threshold_37,threshold,3,2,5,3.153675745091643,0.8539018549083572,9,0.48000000000000015
threshold_37,threshold,3,3,5,3.1602142227246306,0.8473633772753693,10,0.5000000000000001
threshold_37,threshold,3,4,5,3.185460604156891,0.8221169958431084,9,0.48000000000000015
threshold_37,threshold,3,5,5,3.1423755973679444,0.8652020026320553,9,0.48000000000000015
threshold_37,threshold,3,6,5,3.139800105458952,0.8677774945410492,9,0.5000000000000001
threshold_37,threshold,3,7,5,3.17901389893924,0.8285637010607598,9,0.48000000000000015
threshold_37,threshold,3,8,5,3.020421449089796,0.9871561509102048,10,0.5800000000000002
threshold_37,threshold,3,9,5,3.2567037372110734,0.7508738627889255,7,0.38000000000000006
threshold_37,threshold,3,0,6,3.235818384741861,0.7717592152581402,8,0.4000000000000001
threshold_37,threshold,3,1,6,3.050783263914216,0.9567943360857851,10,0.5400000000000001
threshold_37,threshold,3,2,6,3.1314289638091273,0.8761486361908728,10,0.48000000000000015
threshold_37,threshold,3,3,6,3.1364889879837934,0.8710886120162076,9,0.5000000000000001
threshold_37,threshold,3,4,6,3.167926239209102,0.8396513607908982,9,0.46000000000000013
threshold_37,threshold,3,5,6,3.148625196810275,0.8589524031897254,9,0.48000000000000015
threshold_37,threshold,3,6,6,3.151250318020118,0.8563272819798834,9,0.48000000000000015
threshold_37,threshold,3,7,6,3.150966151703375,0.8566114482966244,9,0.5000000000000001
threshold_37,threshold,3,8,6,3.026362567614214,0.9812150323857853,10,0.5600000000000002
threshold_37,threshold,3,9,6,3.26388118083942,0.743696419160581,9,0.38000000000000006
threshold_37,threshold,3,0,7,3.2455553224191647,0.7620222775808349,8,0.4000000000000001
threshold_37,threshold,3,1,7,3.015820246254349,0.9917573537456515,9,0.5400000000000001
threshold_37,threshold,3,2,7,3.175101894163772,0.8324757058362281,9,0.46000000000000013
threshold_37,threshold,3,3,7,3.140545173772606,0.8670324262273945,9,0.48000000000000015
threshold_37,threshold,3,4,7,3.1655011538242697,0.8420764461757305,9,0.46000000000000013
threshold_37,threshold,3,5,7,3.1621717920434858,0.8454058079565137,9,0.48000000000000015
threshold_37,threshold,3,6,7,3.1738573060368855,0.8337202939631146,9,0.48000000000000015
threshold_37,threshold,3,7,7,3.1509906007263995,0.8565869992736005,9,0.48000000000000015
threshold_37,threshold,3,8,7,2.9869436437233805,1.0206339562766191,10,0.5400000000000001
threshold_37,threshold,3,9,7,3.2533207154495685,0.754256884550432,8,0.38000000000000006
threshold_37,threshold,3,0,8,3.2082097129766387,0.799367887023362,9,0.46000000000000013
threshold_37,threshold,3,1,8,2.9126387763325994,1.094938823667401,10,0.5800000000000002
threshold_37,threshold,3,2,8,3.0758713161957196,0.9317062838042811,10,0.5400000000000001
threshold_37,threshold,3,3,8,2.9884123713713713,1.019165228628629,10,0.5600000000000002
threshold_37,threshold,3,4,8,3.0094787583724383,0.9980988416275611,10,0.5800000000000002
threshold_37,threshold,3,5,8,3.03867875847202,0.9688988415279798,10,0.5600000000000002
threshold_37,threshold,3,6,8,3.0386252700997596,0.9689523299002416,10,0.5200000000000001
threshold_37,threshold,3,7,8,3.008457002585237,0.999120597414763,10,0.5600000000000002
threshold_37,threshold,3,8,8,2.844947301463495,1.162630298536506,10,0.5800000000000002
threshold_37,threshold,3,9,8,3.1450870436231995,0.8624905563768005,9,0.48000000000000015
threshold_37,threshold,3,0,9,3.2903384310106407,0.7172391689893596,5,0.23999999999999996
threshold_37,threshold,3,1,9,3.157755734611463,0.8498218653885365,9,0.48000000000000015
threshold_37,threshold,3,2,9,3.261477966432813,0.7460996335671871,8,0.4000000000000001
threshold_37,threshold,3,3,9,3.258031448492427,0.7495461515075715,8,0.36000000000000004
threshold_37,threshold,3,4,9,3.2295249017508287,0.7780526982491709,7,0.36000000000000004
threshold_37,threshold,3,5,9,3.236268816365897,0.771308783634103,7,0.38000000000000006
threshold_37,threshold,3,6,9,3.211204011698087,0.796373588301913,8,0.4000000000000001
threshold_37,threshold,3,7,9,3.206674410572053,0.8009031894279468,9,0.4400000000000001
threshold_37,threshold,3,8,9,3.1939151577929574,0.8136624422070442,9,0.4400000000000001
threshold_37,threshold,3,9,9,3.252943867856914,0.7546337321430867,4,0.23999999999999996
threshold_41,threshold,1,0,0,3.3179026189123864,0.6896749810876139,4,0.08
threshold_41,threshold,1,1,0,3.3052975315215507,0.7022800684784484,7,0.14
threshold_41,threshold,1,2,0,3.325270936514676,0.6823066634853244,5,0.1
threshold_41,threshold,1,3,0,3.3009870529192096,0.7065905470807906,6,0.12000000000000001
threshold_41,threshold,1,4,0,3.321590992745226,0.6859866072547739,5,0.1
threshold_41,threshold,1,5,0,3.324993818225604,0.6825837817743967,5,0.1
threshold_41,threshold,1,6,0,3.3377344088256953,0.6698431911743046,5,0.1
threshold_41,threshold,1,7,0,3.3081187092395514,0.699458890760448,5,0.1
threshold_41,threshold,1,8,0,3.3006319290142616,0.7069456709857381,7,0.14
threshold_41,threshold,1,9,0,3.3069649255347873,0.700612674465213,3,0.06
threshold_41,threshold,1,0,1,3.313111090882451,0.6944665091175503,7,0.14
threshold_41,threshold,1,1,1,3.2105544244756437,0.7970231755243566,10,0.19999999999999998
threshold_41,threshold,1,2,1,3.2930006511299146,0.7145769488700866,9,0.18
threshold_41,threshold,1,3,1,3.2917836221074,0.7157939778925995,9,0.18
threshold_41,threshold,1,4,1,3.3067453793801254,0.700832220619874,8,0.16
threshold_41,threshold,1,5,1,3.2976179841642015,0.7099596158357995,9,0.18
threshold_41,threshold,1,6,1,3.296065563281705,0.7115120367182965,8,0.16
threshold_41,threshold,1,7,1,3.2934241981193226,0.7141534018806774,8,0.16
threshold_41,threshold,1,8,1,3.227777090961716,0.779800509038284,9,0.18
threshold_41,threshold,1,9,1,3.302231859638001,0.7053457403619997,7,0.14
threshold_41,threshold,1,0,2,3.331695564008322,0.6758820359916785,5,0.1
threshold_41,threshold,1,1,2,3.2628295430235887,0.7447480569764097,8,0.16
threshold_41,threshold,1,2,2,3.304643454068816,0.7029341459311839,8,0.16
threshold_41,threshold,1,3,2,3.3079411901786644,0.6996364098213349,6,0.12000000000000001
threshold_41,threshold,1,4,2,3.3023895140797173,0.7051880859202834,7,0.14
threshold_41,threshold,1,5,2,3.293781535983271,0.7137960640167286,7,0.14
threshold_41,threshold,1,6,2,3.313464187874378,0.6941134121256219,6,0.12000000000000001
threshold_41,threshold,1,7,2,3.3201100997035566,0.6874675002964438,8,0.16
threshold_41,threshold,1,8,2,3.288555635774183,0.7190219642258177,9,0.18
threshold_41,threshold,1,9,2,3.3028440792471305,0.7047335207528685,5,0.1
threshold_41,threshold,1,0,3,3.323527856687464,0.6840497433125349,4,0.08
threshold_41,threshold,1,1,3,3.2696775280713415,0.7379000719286575,8,0.16
threshold_41,threshold,1,2,3,3.315829416268788,0.6917481837312119,7,0.14
threshold_41,threshold,1,3,3,3.293605716720943,0.7139718832790581,7,0.14
threshold_41,threshold,1,4,3,3.2794027980427543,0.7281748019572453,7,0.14
threshold_41,threshold,1,5,3,3.327164315933787,0.6804132840662139,7,0.14
threshold_41,threshold,1,6,3,3.30067286455635,0.70690473544365,6,0.12000000000000001
threshold_41,threshold,1,7,3,3.2902620760917505,0.7173155239082509,7,0.14
threshold_41,threshold,1,8,3,3.286072897535445,0.7215047024645546,9,0.18
threshold_41,threshold,1,9,3,3.3173220347366654,0.6902555652633349,5,0.1
threshold_41,threshold,1,0,4,3.3030272482519116,0.7045503517480889,5,0.1
threshold_41,threshold,1,1,4,3.272167971668113,0.7354096283318872,8,0.16
threshold_41,threshold,1,2,4,3.312844725311606,0.6947328746883935,6,0.12000000000000001
threshold_41,threshold,1,3,4,3.3028732942739154,0.7047043057260863,7,0.14
threshold_41,threshold,1,4,4,3.3176783702550074,0.6898992297449921,7,0.14
threshold_41,threshold,1,5,4,3.3047958185161166,0.7027817814838836,7,0.14
threshold_41,threshold,1,6,4,3.299568260228542,0.7080093397714577,7,0.14
threshold_41,threshold,1,7,4,3.329707993365013,0.6778696066349883,7,0.14
threshold_41,threshold,1,8,4,3.2981843345089836,0.7093932654910167,9,0.18
threshold_41,threshold,1,9,4,3.3143110707823924,0.6932665292176076,4,0.08
threshold_41,threshold,1,0,5,3.282213619371593,0.7253639806284072,4,0.08
threshold_41,threshold,1,1,5,3.305983964049787,0.701593635950213,8,0.16
threshold_41,threshold,1,2,5,3.3038442492545674,0.7037333507454318,7,0.14
threshold_41,threshold,1,3,5,3.3313316245959164,0.6762459754040853,7,0.14
threshold_41,threshold,1,4,5,3.323561316356787,0.6840162836432123,7,0.14
threshold_41,threshold,1,5,5,3.324302428755593,0.6832751712444063,7,0.14
threshold_41,threshold,1,6,5,3.307070777175354,0.7005068228246459,6,0.12000000000000001
threshold_41,threshold,1,7,5,3.3077325302751315,0.6998450697248678,7,0.14
threshold_41,threshold,1,8,5,3.2679035537602084,0.7396740462397918,9,0.18
threshold_41,threshold,1,9,5,3.3406459787666645,0.6669316212333345,5,0.1
threshold_41,threshold,1,0,6,3.3509357239396365,0.6566418760603631,6,0.12000000000000001
threshold_41,threshold,1,1,6,3.295070927575084,0.7125066724249163,9,0.18
threshold_41,threshold,1,2,6,3.309875779326958,0.6977018206730415,7,0.14
threshold_41,threshold,1,3,6,3.3049544416656205,0.7026231583343807,7,0.14
threshold_41,threshold,1,4,6,3.311118143308075,0.6964594566919249,6,0.12000000000000001
threshold_41,threshold,1,5,6,3.290776715292751,0.7168008847072481,7,0.14
threshold_41,threshold,1,6,6,3.3012503907375534,0.7063272092624462,7,0.14
threshold_41,threshold,1,7,6,3.2865976351919817,0.7209799648080188,6,0.12000000000000001
threshold_41,threshold,1,8,6,3.2941333767966388,0.7134442232033614,9,0.18
threshold_41,threshold,1,9,6,3.3449408637344544,0.6626367362655453,5,0.1
threshold_41,threshold,1,0,7,3.3317993630483183,0.6757782369516826,5,0.1
threshold_41,threshold,1,1,7,3.2940032178157606,0.7135743821842392,9,0.18
threshold_41,threshold,1,2,7,3.311478012155516,0.6960995878444848,7,0.14
threshold_41,threshold,1,3,7,3.313303467199872,0.6942741328001281,8,0.16
threshold_41,threshold,1,4,7,3.323297582087105,0.6842800179128959,7,0.14
threshold_41,threshold,1,5,7,3.3129088324784943,0.6946687675215051,6,0.12000000000000001
threshold_41,threshold,1,6,7,3.2763156036952745,0.7312619963047241,6,0.12000000000000001
threshold_41,threshold,1,7,7,3.287281170410273,0.7202964295897272,7,0.14
threshold_41,threshold,1,8,7,3.3104866475067802,0.6970909524932196,8,0.16
threshold_41,threshold,1,9,7,3.329160573040008,0.6784170269599915,6,0.12000000000000001
threshold_41,threshold,1,0,8,3.2829406482669303,0.7246369517330696,6,0.12000000000000001
threshold_41,threshold,1,1,8,3.2668819991311393,0.7406956008688594,9,0.18
threshold_41,threshold,1,2,8,3.2927937360159603,0.71478386398404,9,0.18
threshold_41,threshold,1,3,8,3.304655900886723,0.702921699113277,9,0.18
threshold_41,threshold,1,4,8,3.272027187557203,0.7355504124427966,9,0.18
threshold_41,threshold,1,5,8,3.283456284794537,0.7241213152054633,9,0.18
threshold_41,threshold,1,6,8,3.3137840364456355,0.6937935635543648,8,0.16
threshold_41,threshold,1,7,8,3.263459351504648,0.7441182484953517,9,0.18
threshold_41,threshold,1,8,8,3.228564523932227,0.7790130760677735,10,0.19999999999999998
threshold_41,threshold,1,9,8,3.310341995847612,0.6972356041523883,7,0.14
threshold_41,threshold,1,0,9,3.276727707432121,0.7308498925678812,2,0.04
threshold_41,threshold,1,1,9,3.3461906600011115,0.6613869399988892,7,0.14
threshold_41,threshold,1,2,9,3.2932134587713127,0.7143641412286881,5,0.1
threshold_41,threshold,1,3,9,3.3221137876094016,0.685463812390598,6,0.12000000000000001
threshold_41,threshold,1,4,9,3.3373460033784053,0.6702315966215955,5,0.1
threshold_41,threshold,1,5,9,3.3245033308865746,0.6830742691134255,5,0.1
threshold_41,threshold,1,6,9,3.3088458446969278,0.698731755303072,6,0.12000000000000001
threshold_41,threshold,1,7,9,3.297098890156791,0.71047870984321,5,0.1
threshold_41,threshold,1,8,9,3.3218777780882536,0.6856998219117483,6,0.12000000000000001
threshold_41,threshold,1,9,9,3.315501298094125,0.6920763019058745,3,0.06
threshold_38,threshold,1,0,0,3.278905989425492,0.7286716105745081,2,0.04
threshold_38,threshold,1,1,0,3.290414447445466,0.7171631525545338,7,0.14
threshold_38,threshold,1,2,0,3.3433538771824955,0.6642237228175044,5,0.1
threshold_38,threshold,1,3,0,3.279784187060749,0.7277934129392506,4,0.08
threshold_38,threshold,1,4,0,3.310293307078672,0.697284292921328,5,0.1
threshold_38,threshold,1,5,0,3.274627761085505,0.7329498389144941,4,0.08
threshold_38,threshold,1,6,0,3.285247166520739,0.7223304334792604,5,0.1
threshold_38,threshold,1,7,0,3.323931857117995,0.6836457428820053,5,0.1
threshold_38,threshold,1,8,0,3.3159333198669025,0.6916442801330978,7,0.14
threshold_38,threshold,1,9,0,3.2993662699423134,0.7082113300576865,4,0.08
threshold_38,threshold,1,0,1,3.288174739922668,0.7194028600773325,7,0.14
threshold_38,threshold,1,1,1,3.2468871428755186,0.7606904571244821,10,0.19999999999999998
threshold_38,threshold,1,2,1,3.3039327284099933,0.7036448715900058,9,0.18
threshold_38,threshold,1,3,1,3.282869418498148,0.7247081815018516,8,0.16
threshold_38,threshold,1,4,1,3.286940861693586,0.7206367383064125,9,0.18
threshold_38,threshold,1,5,1,3.285500375530362,0.7220772244696384,8,0.16
threshold_38,threshold,1,6,1,3.27902688721013,0.7285507127898706,9,0.18
threshold_38,threshold,1,7,1,3.309142704474563,0.6984348955254366,8,0.16
threshold_38,threshold,1,8,1,3.22605356108669,0.7815240389133102,10,0.19999999999999998
threshold_38,threshold,1,9,1,3.3063527346689243,0.7012248653310762,7,0.14
threshold_38,threshold,1,0,2,3.2971155047302974,0.7104620952697022,4,0.08
threshold_38,threshold,1,1,2,3.281969203805013,0.7256083961949871,9,0.18
threshold_38,threshold,1,2,2,3.307121551708464,0.7004560482915368,7,0.14
threshold_38,threshold,1,3,2,3.2932004410656375,0.7143771589343626,7,0.14
threshold_38,threshold,1,4,2,3.2888013582054927,0.7187762417945078,7,0.14
threshold_38,threshold,1,5,2,3.305504302775935,0.7020732972240663,6,0.12000000000000001
threshold_38,threshold,1,6,2,3.2810904455809933,0.7264871544190084,7,0.14
threshold_38,threshold,1,7,2,3.3072233829539113,0.7003542170460885,7,0.14
threshold_38,threshold,1,8,2,3.284221481261904,0.7233561187380967,9,0.18
threshold_38,threshold,1,9,2,3.3324879625799104,0.6750896374200882,5,0.1
threshold_38,threshold,1,0,3,3.2939166874266057,0.7136609125733944,5,0.1
threshold_38,threshold,1,1,3,3.2809317756373857,0.726645824362614,8,0.16
threshold_38,threshold,1,2,3,3.3108016631000123,0.6967759368999871,7,0.14
threshold_38,threshold,1,3,3,3.351323074886764,0.6562545251132351,7,0.14
threshold_38,threshold,1,4,3,3.293201484631457,0.7143761153685436,7,0.14
threshold_38,threshold,1,5,3,3.284103615973361,0.7234739840266391,6,0.12000000000000001
threshold_38,threshold,1,6,3,3.3155795623827182,0.6919980376172814,7,0.14
threshold_38,threshold,1,7,3,3.2945261774063686,0.7130514225936321,6,0.12000000000000001
threshold_38,threshold,1,8,3,3.306126071473333,0.7014515285266678,9,0.18
threshold_38,threshold,1,9,3,3.324888279684227,0.6826893203157738,6,0.12000000000000001
threshold_38,threshold,1,0,4,3.315914767000909,0.6916628329990914,5,0.1
threshold_38,threshold,1,1,4,3.2876078094563788,0.7199697905436214,9,0.18
threshold_38,threshold,1,2,4,3.3205407321427556,0.6870368678572436,6,0.12000000000000001
threshold_38,threshold,1,3,4,3.325295160707786,0.6822824392922145,6,0.12000000000000001
threshold_38,threshold,1,4,4,3.293200281741763,0.7143773182582374,6,0.12000000000000001
threshold_38,threshold,1,5,4,3.284083798047557,0.7234938019524423,7,0.14
threshold_38,threshold,1,6,4,3.2957980240295615,0.7117795759704382,7,0.14
threshold_38,threshold,1,7,4,3.2931242960164906,0.7144533039835099,6,0.12000000000000001
threshold_38,threshold,1,8,4,3.298196048246425,0.709381551753574,9,0.18
threshold_38,threshold,1,9,4,3.341340258700258,0.6662373412997437,5,0.1
threshold_38,threshold,1,0,5,3.3288622412344138,0.6787153587655873,5,0.1
threshold_38,threshold,1,1,5,3.2977442775120047,0.709833322487996,8,0.16
threshold_38,threshold,1,2,5,3.313240942299361,0.69433665770064,8,0.16
threshold_38,threshold,1,3,5,3.3003366701890764,0.7072409298109251,7,0.14
threshold_38,threshold,1,4,5,3.282340829746866,0.725236770253133,6,0.12000000000000001
threshold_38,threshold,1,5,5,3.3268947880470363,0.680682811952964,7,0.14
threshold_38,threshold,1,6,5,3.266981652782826,0.7405959472171739,7,0.14
threshold_38,threshold,1,7,5,3.2936970538032715,0.7138805461967287,7,0.14
threshold_38,threshold,1,8,5,3.2728889124741296,0.7346886875258699,8,0.16
threshold_38,threshold,1,9,5,3.294000743076609,0.7135768569233908,5,0.1
threshold_38,threshold,1,0,6,3.296461951919086,0.7111156480809139,5,0.1
threshold_38,threshold,1,1,6,3.2915615183737046,0.7160160816262944,9,0.18
threshold_38,threshold,1,2,6,3.2970115563052764,0.7105660436947242,7,0.14
threshold_38,threshold,1,3,6,3.3191658851362518,0.6884117148637483,7,0.14
threshold_38,threshold,1,4,6,3.3082301193290693,0.6993474806709311,7,0.14
threshold_38,threshold,1,5,6,3.3475023375298556,0.6600752624701447,7,0.14
threshold_38,threshold,1,6,6,3.3153057247419713,0.6922718752580275,7,0.14
threshold_38,threshold,1,7,6,3.3035736980856543,0.7040039019143464,7,0.14
threshold_38,threshold,1,8,6,3.294017934269096,0.7135596657309039,8,0.16
threshold_38,threshold,1,9,6,3.2892830232668047,0.7182945767331951,5,0.1
threshold_38,threshold,1,0,7,3.3021618232438166,0.7054157767561844,4,0.08
threshold_38,threshold,1,1,7,3.30418718316408,0.7033904168359209,8,0.16
threshold_38,threshold,1,2,7,3.31834924202841,0.6892283579715904,6,0.12000000000000001
threshold_38,threshold,1,3,7,3.2994799356607794,0.7080976643392226,6,0.12000000000000001
threshold_38,threshold,1,4,7,3.306385730236503,0.7011918697634968,7,0.14
threshold_38,threshold,1,5,7,3.33212612286284,0.67545147713716,7,0.14
threshold_38,threshold,1,6,7,3.314870097158805,0.6927075028411953,7,0.14
threshold_38,threshold,1,7,7,3.3166140452470154,0.6909635547529855,7,0.14
threshold_38,threshold,1,8,7,3.287888430529985,0.7196891694700147,9,0.18
threshold_38,threshold,1,9,7,3.3014317510839475,0.7061458489160523,4,0.08
threshold_38,threshold,1,0,8,3.3245358228594846,0.6830417771405162,7,0.14
threshold_38,threshold,1,1,8,3.2555786728856377,0.7519989271143634,9,0.18
threshold_38,threshold,1,2,8,3.2835967047390695,0.7239808952609309,9,0.18
threshold_38,threshold,1,3,8,3.305768052410047,0.7018095475899533,8,0.16
threshold_38,threshold,1,4,8,3.280941194367853,0.7266364056321473,9,0.18
threshold_38,threshold,1,5,8,3.2821111669536878,0.7254664330463121,9,0.18
threshold_38,threshold,1,6,8,3.280877442413175,0.7267001575868257,8,0.16
threshold_38,threshold,1,7,8,3.2912194547086266,0.7163581452913738,9,0.18
threshold_38,threshold,1,8,8,3.2343896826411043,0.7731879173588954,9,0.18
threshold_38,threshold,1,9,8,3.3256423818034793,0.6819352181965213,7,0.14
threshold_38,threshold,1,0,9,3.324608549213934,0.6829690507860667,3,0.06
threshold_38,threshold,1,1,9,3.3175290265132023,0.690048573486799,6,0.12000000000000001
threshold_38,threshold,1,2,9,3.3121555665628186,0.6954220334371793,5,0.1
threshold_38,threshold,1,3,9,3.303001383785189,0.7045762162148111,5,0.1
threshold_38,threshold,1,4,9,3.3150023839203806,0.69257521607962,5,0.1
threshold_38,threshold,1,5,9,3.332138067488066,0.6754395325119351,6,0.12000000000000001
threshold_38,threshold,1,6,9,3.328061104690887,0.6795164953091133,5,0.1
threshold_38,threshold,1,7,9,3.3070724356930543,0.7005051643069475,5,0.1
threshold_38,threshold,1,8,9,3.326854772094594,0.6807228279054068,7,0.14
threshold_38,threshold,1,9,9,3.2918134705566913,0.7157641294433085,3,0.06
threshold_40,threshold,1,0,0,3.3332238485848458,0.6743537514151534,3,0.06
threshold_40,threshold,1,1,0,3.307402494650168,0.7001751053498321,7,0.14
threshold_40,threshold,1,2,0,3.33549823814673,0.6720793618532701,5,0.1
threshold_40,threshold,1,3,0,3.3282038988383005,0.6793737011616999,6,0.12000000000000001
threshold_40,threshold,1,4,0,3.2871454748572915,0.7204321251427086,5,0.1
threshold_40,threshold,1,5,0,3.3348989018015955,0.672678698198406,5,0.1
threshold_40,threshold,1,6,0,3.3035071871339383,0.7040704128660624,6,0.12000000000000001
threshold_40,threshold,1,7,0,3.3204677869978982,0.6871098130021023,5,0.1
threshold_40,threshold,1,8,0,3.2946936129815834,0.7128839870184176,7,0.14
threshold_40,threshold,1,9,0,3.3229212309205356,0.6846563690794659,4,0.08
threshold_40,threshold,1,0,1,3.2989396116553946,0.7086379883446055,7,0.14
threshold_40,threshold,1,1,1,3.242602472696282,0.7649751273037184,9,0.18
threshold_40,threshold,1,2,1,3.2703268508307266,0.7372507491692721,9,0.18
threshold_40,threshold,1,3,1,3.2915941747887203,0.7159834252112794,9,0.18
threshold_40,threshold,1,4,1,3.3015266293309766,0.7060509706690234,8,0.16
threshold_40,threshold,1,5,1,3.2873907828317197,0.7201868171682807,8,0.16
threshold_40,threshold,1,6,1,3.298508298169716,0.7090693018302829,8,0.16
threshold_40,threshold,1,7,1,3.2989503223427104,0.7086272776572888,8,0.16
threshold_40,threshold,1,8,1,3.2034604505572775,0.8041171494427239,10,0.19999999999999998
threshold_40,threshold,1,9,1,3.3118103904342138,0.6957672095657875,7,0.14
threshold_40,threshold,1,0,2,3.2849206817114,0.7226569182885996,5,0.1
threshold_40,threshold,1,1,2,3.2897403929947333,0.7178372070052663,9,0.18
threshold_40,threshold,1,2,2,3.2999176360175646,0.7076599639824357,7,0.14
threshold_40,threshold,1,3,2,3.319498465014461,0.6880791349855386,6,0.12000000000000001
threshold_40,threshold,1,4,2,3.307492514199353,0.7000850858006461,7,0.14
threshold_40,threshold,1,5,2,3.308544509206688,0.6990330907933114,7,0.14
threshold_40,threshold,1,6,2,3.31354801238583,0.6940295876141702,7,0.14
threshold_40,threshold,1,7,2,3.3341297284269986,0.6734478715730028,6,0.12000000000000001
threshold_40,threshold,1,8,2,3.2903553958615688,0.7172222041384327,9,0.18
threshold_40,threshold,1,9,2,3.333938854085636,0.6736387459143647,5,0.1
threshold_40,threshold,1,0,3,3.3208050611834112,0.6867725388165894,5,0.1
threshold_40,threshold,1,1,3,3.2709202156701878,0.7366573843298134,9,0.18
threshold_40,threshold,1,2,3,3.2954407347460033,0.7121368652539978,7,0.14
threshold_40,threshold,1,3,3,3.3082183283609767,0.6993592716390241,7,0.14
threshold_40,threshold,1,4,3,3.3033426797462155,0.7042349202537838,7,0.14
threshold_40,threshold,1,5,3,3.3109567972551788,0.69662080274482,8,0.16
threshold_40,threshold,1,6,3,3.327292727782064,0.6802848722179361,7,0.14
threshold_40,threshold,1,7,3,3.3162719365280915,0.6913056634719081,7,0.14
threshold_40,threshold,1,8,3,3.2726431153264133,0.7349344846735874,8,0.16
threshold_40,threshold,1,9,3,3.30485104622239,0.7027265537776097,5,0.1
threshold_40,threshold,1,0,4,3.2967540123038312,0.7108235876961696,5,0.1
threshold_40,threshold,1,1,4,3.280975860666784,0.726601739333216,8,0.16
threshold_40,threshold,1,2,4,3.3020037215356752,0.7055738784643261,7,0.14
threshold_40,threshold,1,3,4,3.3074422929889837,0.7001353070110165,7,0.14
threshold_40,threshold,1,4,4,3.3145647772274756,0.6930128227725257,7,0.14
threshold_40,threshold,1,5,4,3.3281580025527386,0.6794195974472612,7,0.14
threshold_40,threshold,1,6,4,3.3216743231630765,0.6859032768369219,7,0.14
threshold_40,threshold,1,7,4,3.322284254182335,0.6852933458176659,7,0.14
threshold_40,threshold,1,8,4,3.269257604754015,0.7383199952459859,8,0.16
threshold_40,threshold,1,9,4,3.3368225810765884,0.6707550189234127,6,0.12000000000000001
threshold_40,threshold,1,0,5,3.2866964772625087,0.7208811227374919,5,0.1
threshold_40,threshold,1,1,5,3.2790777131480007,0.7284998868519993,8,0.16
threshold_40,threshold,1,2,5,3.310792146768274,0.6967854532317275,7,0.14
threshold_40,threshold,1,3,5,3.3019001076432732,0.7056774923567273,7,0.14
threshold_40,threshold,1,4,5,3.3160742662418965,0.6915033337581042,6,0.12000000000000001
threshold_40,threshold,1,5,5,3.304818208931632,0.7027593910683697,6,0.12000000000000001
threshold_40,threshold,1,6,5,3.305250899411484,0.7023267005885164,6,0.12000000000000001
threshold_40,threshold,1,7,5,3.3184980995430164,0.6890795004569849,7,0.14
threshold_40,threshold,1,8,5,3.277260298098665,0.7303173019013359,8,0.16
threshold_40,threshold,1,9,5,3.33223156629159,0.6753460337084103,5,0.1
threshold_40,threshold,1,0,6,3.333525410114707,0.6740521898852928,5,0.1
threshold_40,threshold,1,1,6,3.279325742121338,0.7282518578786619,8,0.16
threshold_40,threshold,1,2,6,3.3030489736024395,0.7045286263975606,7,0.14
threshold_40,threshold,1,3,6,3.3127055531010807,0.6948720468989196,7,0.14
threshold_40,threshold,1,4,6,3.2920487675610377,0.7155288324389614,7,0.14
threshold_40,threshold,1,5,6,3.324119571408677,0.6834580285913235,6,0.12000000000000001
threshold_40,threshold,1,6,6,3.3161962936232157,0.6913813063767833,7,0.14
threshold_40,threshold,1,7,6,3.3163536138680136,0.691223986131985,7,0.14
threshold_40,threshold,1,8,6,3.280853375689871,0.7267242243101303,9,0.18
threshold_40,threshold,1,9,6,3.3143723805676855,0.693205219432314,5,0.1
threshold_40,threshold,1,0,7,3.2974388013398124,0.7101387986601886,5,0.1
threshold_40,threshold,1,1,7,3.2773603025849076,0.7302172974150923,8,0.16
threshold_40,threshold,1,2,7,3.318168463142702,0.6894091368572994,7,0.14
threshold_40,threshold,1,3,7,3.308983546081233,0.6985940539187653,7,0.14
threshold_40,threshold,1,4,7,3.300456481765427,0.7071211182345725,8,0.16
threshold_40,threshold,1,5,7,3.3026697903150013,0.7049078096849976,6,0.12000000000000001
threshold_40,threshold,1,6,7,3.3226309154978027,0.6849466845021991,7,0.14
threshold_40,threshold,1,7,7,3.3192867905944397,0.688290809405561,7,0.14
threshold_40,threshold,1,8,7,3.270026918334762,0.7375506816652382,8,0.16
threshold_40,threshold,1,9,7,3.3064913032992322,0.7010862967007688,5,0.1
threshold_40,threshold,1,0,8,3.3159243268743657,0.691653273125636,7,0.14
threshold_40,threshold,1,1,8,3.239695983219317,0.7678816167806833,10,0.19999999999999998
threshold_40,threshold,1,2,8,3.280748439136114,0.7268291608638863,8,0.16
threshold_40,threshold,1,3,8,3.273478070287048,0.7340995297129521,9,0.18
threshold_40,threshold,1,4,8,3.2789366806638123,0.7286409193361858,8,0.16
threshold_40,threshold,1,5,8,3.284061022268856,0.7235165777311451,8,0.16
threshold_40,threshold,1,6,8,3.269513679979628,0.738063920020373,8,0.16
threshold_40,threshold,1,7,8,3.283661433602343,0.7239161663976575,8,0.16
threshold_40,threshold,1,8,8,3.243678023600262,0.763899576399739,9,0.18
threshold_40,threshold,1,9,8,3.3028290755185252,0.7047485244814737,7,0.14
threshold_40,threshold,1,0,9,3.2851462940733827,0.7224313059266154,2,0.04
threshold_40,threshold,1,1,9,3.3032955136574653,0.7042820863425342,6,0.12000000000000001
threshold_40,threshold,1,2,9,3.302914052373077,0.7046635476269235,5,0.1
threshold_40,threshold,1,3,9,3.314763722169632,0.6928138778303662,5,0.1
threshold_40,threshold,1,4,9,3.309830448484046,0.6977471515159545,5,0.1
threshold_40,threshold,1,5,9,3.2960499244169537,0.7115276755830457,5,0.1
threshold_40,threshold,1,6,9,3.3293197080223256,0.678257891977674,6,0.12000000000000001
threshold_40,threshold,1,7,9,3.3386527172004277,0.6689248827995724,6,0.12000000000000001
threshold_40,threshold,1,8,9,3.3066356462447226,0.7009419537552768,7,0.14
threshold_40,threshold,1,9,9,3.344157238757729,0.6634203612422711,4,0.08
threshold_39,threshold,1,0,0,3.294874313621168,0.7127032863788334,3,0.06
threshold_39,threshold,1,1,0,3.3250048574220767,0.6825727425779228,7,0.14
threshold_39,threshold,1,2,0,3.2908462501201314,0.7167313498798685,6,0.12000000000000001
threshold_39,threshold,1,3,0,3.3024402733682763,0.7051373266317228,6,0.12000000000000001
threshold_39,threshold,1,4,0,3.3162975801911365,0.6912800198088634,5,0.1
threshold_39,threshold,1,5,0,3.301527228238059,0.7060503717619403,6,0.12000000000000001
threshold_39,threshold,1,6,0,3.3291881857197754,0.6783894142802258,5,0.1
threshold_39,threshold,1,7,0,3.310391007963112,0.6971865920368885,5,0.1
threshold_39,threshold,1,8,0,3.3007924626990373,0.7067851373009644,7,0.14
threshold_39,threshold,1,9,0,3.3023335291298643,0.7052440708701356,3,0.06
threshold_39,threshold,1,0,1,3.3105716910334793,0.6970059089665201,7,0.14
threshold_39,threshold,1,1,1,3.237477848876058,0.7700997511239419,10,0.19999999999999998
threshold_39,threshold,1,2,1,3.292826259640185,0.7147513403598156,8,0.16
threshold_39,threshold,1,3,1,3.280443886575481,0.7271337134245194,8,0.16
threshold_39,threshold,1,4,1,3.296184398495134,0.7113932015048652,9,0.18
threshold_39,threshold,1,5,1,3.279008160859036,0.7285694391409635,8,0.16
threshold_39,threshold,1,6,1,3.2666276339981266,0.7409499660018746,9,0.18
threshold_39,threshold,1,7,1,3.2901613651898463,0.7174162348101529,9,0.18
threshold_39,threshold,1,8,1,3.2205572636000386,0.7870203363999606,9,0.18
threshold_39,threshold,1,9,1,3.2952289367192584,0.7123486632807425,8,0.16
threshold_39,threshold,1,0,2,3.3036199223264338,0.7039576776735668,4,0.08
threshold_39,threshold,1,1,2,3.3064630922505622,0.7011145077494385,8,0.16
threshold_39,threshold,1,2,2,3.3137137046374336,0.6938638953625668,8,0.16
threshold_39,threshold,1,3,2,3.3309221491608647,0.6766554508391365,6,0.12000000000000001
threshold_39,threshold,1,4,2,3.30024818779883,0.7073294122011703,6,0.12000000000000001
threshold_39,threshold,1,5,2,3.3153641307615924,0.692213469238408,8,0.16
threshold_39,threshold,1,6,2,3.3102783837355476,0.6972992162644517,7,0.14
threshold_39,threshold,1,7,2,3.317462986560747,0.6901146134392541,7,0.14
threshold_39,threshold,1,8,2,3.2901414845076413,0.7174361154923589,8,0.16
threshold_39,threshold,1,9,2,3.3372882173889047,0.6702893826110947,5,0.1
threshold_39,threshold,1,0,3,3.2984826648474526,0.7090949351525478,6,0.12000000000000001
threshold_39,threshold,1,1,3,3.2716820449376525,0.735895555062348,8,0.16
threshold_39,threshold,1,2,3,3.285754950055678,0.7218226499443229,7,0.14
threshold_39,threshold,1,3,3,3.3175005880466215,0.690077011953378,6,0.12000000000000001
threshold_39,threshold,1,4,3,3.317132310124264,0.6904452898757353,6,0.12000000000000001
threshold_39,threshold,1,5,3,3.3148826135704814,0.6926949864295193,7,0.14
threshold_39,threshold,1,6,3,3.3027607920841526,0.7048168079158466,7,0.14
threshold_39,threshold,1,7,3,3.302683483921571,0.7048941160784282,7,0.14
threshold_39,threshold,1,8,3,3.289108729417307,0.7184688705826929,8,0.16
threshold_39,threshold,1,9,3,3.314961567723543,0.692616032276456,5,0.1
threshold_39,threshold,1,0,4,3.307808367481428,0.6997692325185726,6,0.12000000000000001
threshold_39,threshold,1,1,4,3.2728663762525194,0.7347112237474815,9,0.18
threshold_39,threshold,1,2,4,3.2979009730092783,0.7096766269907231,7,0.14
threshold_39,threshold,1,3,4,3.299474413856318,0.7081031861436821,7,0.14
threshold_39,threshold,1,4,4,3.3096325930474446,0.6979450069525542,7,0.14
threshold_39,threshold,1,5,4,3.274191525291709,0.7333860747082916,6,0.12000000000000001
threshold_39,threshold,1,6,4,3.318362599145794,0.6892150008542062,6,0.12000000000000001
threshold_39,threshold,1,7,4,3.2909928970097355,0.7165847029902641,7,0.14
threshold_39,threshold,1,8,4,3.2782954206379498,0.729282179362051,8,0.16
threshold_39,threshold,1,9,4,3.3293850633035964,0.6781925366964052,5,0.1
threshold_39,threshold,1,0,5,3.325319576332532,0.682258023667468,5,0.1
threshold_39,threshold,1,1,5,3.308021569252619,0.6995560307473808,8,0.16
threshold_39,threshold,1,2,5,3.2885345753177666,0.7190430246822339,7,0.14
threshold_39,threshold,1,3,5,3.2957088188854264,0.7118687811145726,7,0.14
threshold_39,threshold,1,4,5,3.2921646863040372,0.7154129136959617,7,0.14
threshold_39,threshold,1,5,5,3.33314070788488,0.6744368921151214,6,0.12000000000000001
threshold_39,threshold,1,6,5,3.326126142088944,0.6814514579110558,7,0.14
threshold_39,threshold,1,7,5,3.3002835569867535,0.7072940430132468,7,0.14
threshold_39,threshold,1,8,5,3.29035147731073,0.7172261226892701,9,0.18
threshold_39,threshold,1,9,5,3.3057626799436624,0.7018149200563393,6,0.12000000000000001
threshold_39,threshold,1,0,6,3.292383605380247,0.7151939946197533,5,0.1
threshold_39,threshold,1,1,6,3.297732593610214,0.7098450063897851,9,0.18
threshold_39,threshold,1,2,6,3.29881694680288,0.70876065319712,6,0.12000000000000001
threshold_39,threshold,1,3,6,3.314321482893638,0.6932561171063619,7,0.14
threshold_39,threshold,1,4,6,3.308143446432318,0.6994341535676822,7,0.14
threshold_39,threshold,1,5,6,3.2981409018318697,0.7094366981681292,7,0.14
threshold_39,threshold,1,6,6,3.2960423218471955,0.7115352781528027,7,0.14
threshold_39,threshold,1,7,6,3.2997681647939787,0.7078094352060219,7,0.14
threshold_39,threshold,1,8,6,3.2925918215690975,0.7149857784309026,8,0.16
threshold_39,threshold,1,9,6,3.3341849106964476,0.6733926893035542,5,0.1
threshold_39,threshold,1,0,7,3.324266035317356,0.6833115646826439,6,0.12000000000000001
threshold_39,threshold,1,1,7,3.2952725183753806,0.7123050816246189,8,0.16
threshold_39,threshold,1,2,7,3.2952005034744953,0.7123770965255055,7,0.14
threshold_39,threshold,1,3,7,3.307469157194852,0.7001084428051467,7,0.14
threshold_39,threshold,1,4,7,3.2933100990376007,0.714267500962401,7,0.14
threshold_39,threshold,1,5,7,3.305838406066968,0.7017391939330334,7,0.14
threshold_39,threshold,1,6,7,3.3144020069954916,0.6931755930045084,7,0.14
threshold_39,threshold,1,7,7,3.287456198580163,0.7201214014198366,8,0.16
threshold_39,threshold,1,8,7,3.2966881407911273,0.7108894592088727,9,0.18
threshold_39,threshold,1,9,7,3.329843932047978,0.6777336679520226,5,0.1
threshold_39,threshold,1,0,8,3.323722615467309,0.6838549845326923,6,0.12000000000000001
threshold_39,threshold,1,1,8,3.2428537157523767,0.7647238842476237,9,0.18
threshold_39,threshold,1,2,8,3.2867457183957876,0.720831881604214,8,0.16
threshold_39,threshold,1,3,8,3.2929179991675532,0.7146596008324455,9,0.18
threshold_39,threshold,1,4,8,3.281454612528674,0.726122987471326,9,0.18
threshold_39,threshold,1,5,8,3.2842952589570875,0.7232823410429134,9,0.18
threshold_39,threshold,1,6,8,3.265340695218273,0.7422369047817274,8,0.16
threshold_39,threshold,1,7,8,3.3044073587793497,0.7031702412206515,8,0.16
threshold_39,threshold,1,8,8,3.246437075535362,0.761140524464639,10,0.19999999999999998
threshold_39,threshold,1,9,8,3.3096941143316503,0.6978834856683496,7,0.14
threshold_39,threshold,1,0,9,3.3279494601306245,0.6796281398693748,3,0.06
threshold_39,threshold,1,1,9,3.31846687202475,0.6891107279752501,7,0.14
threshold_39,threshold,1,2,9,3.315962903984001,0.6916146960159998,6,0.12000000000000001
threshold_39,threshold,1,3,9,3.2987699834023796,0.7088076165976207,5,0.1
threshold_39,threshold,1,4,9,3.3197680558593987,0.6878095441406006,6,0.12000000000000001
threshold_39,threshold,1,5,9,3.3128263033171867,0.6947512966828134,6,0.12000000000000001
threshold_39,threshold,1,6,9,3.3130942861930004,0.6944833138069996,4,0.08
threshold_39,threshold,1,7,9,3.318820533201858,0.6887570667981419,5,0.1
threshold_39,threshold,1,8,9,3.278722894788361,0.7288547052116381,7,0.14
threshold_39,threshold,1,9,9,3.2802985677650907,0.72727903223491,3,0.06
threshold_41,threshold,2,0,0,3.33079179246852,0.6767858075314799,3,0.14
threshold_41,threshold,2,1,0,3.245470381890519,0.7621072181094805,8,0.3
threshold_41,threshold,2,2,0,3.2806526846801343,0.7269249153198656,6,0.21999999999999997
threshold_41,threshold,2,3,0,3.255279691999859,0.7522979080001414,6,0.23999999999999996
threshold_41,threshold,2,4,0,3.2863775735421887,0.7212000264578126,6,0.21999999999999997
threshold_41,threshold,2,5,0,3.275128070278948,0.7324495297210519,7,0.23999999999999996
threshold_41,threshold,2,6,0,3.2887687668801977,0.7188088331198037,6,0.21999999999999997
threshold_41,threshold,2,7,0,3.2961833664139584,0.7113942335860408,5,0.19999999999999998
threshold_41,threshold,2,8,0,3.2558542410936617,0.7517233589063378,7,0.27999999999999997
threshold_41,threshold,2,9,0,3.302349115673963,0.7052284843260364,4,0.14
threshold_41,threshold,2,0,1,3.27738457327736,0.7301930267226382,8,0.3
threshold_41,threshold,2,1,1,3.0895294736341254,0.9180481263658744,10,0.4000000000000001
threshold_41,threshold,2,2,1,3.1752312092112107,0.8323463907887889,9,0.36000000000000004
threshold_41,threshold,2,3,1,3.1744499724544517,0.8331276275455484,10,0.38000000000000006
threshold_41,threshold,2,4,1,3.1995871348828833,0.8079904651171173,10,0.36000000000000004
threshold_41,threshold,2,5,1,3.170362800004724,0.837214799995275,10,0.38000000000000006
threshold_41,threshold,2,6,1,3.202309158467897,0.8052684415321036,8,0.32
threshold_41,threshold,2,7,1,3.1854276148273994,0.8221499851726013,9,0.34
threshold_41,threshold,2,8,1,3.090451265534046,0.9171263344659548,10,0.38000000000000006
threshold_41,threshold,2,9,1,3.25884831716891,0.7487292828310893,9,0.32
threshold_41,threshold,2,0,2,3.2623430443485795,0.7452345556514213,5,0.19999999999999998
threshold_41,threshold,2,1,2,3.203619230888274,0.8039583691117248,9,0.34
threshold_41,threshold,2,2,2,3.2278302666660164,0.779747333333983,8,0.32
threshold_41,threshold,2,3,2,3.2552260655270677,0.7523515344729319,9,0.3
threshold_41,threshold,2,4,2,3.2731429772573177,0.7344346227426827,7,0.27999999999999997
threshold_41,threshold,2,5,2,3.2788884313373625,0.728689168662637,7,0.27999999999999997
threshold_41,threshold,2,6,2,3.250869071021558,0.7567085289784428,8,0.27999999999999997
threshold_41,threshold,2,7,2,3.2622365222967438,0.7453410777032577,9,0.34
threshold_41,threshold,2,8,2,3.1855994188078536,0.8219781811921466,9,0.36000000000000004
threshold_41,threshold,2,9,2,3.276156706761184,0.7314208932388157,7,0.23999999999999996
threshold_41,threshold,2,0,3,3.284026059458837,0.7235515405411629,6,0.19999999999999998
threshold_41,threshold,2,1,3,3.1901903488968215,0.8173872511031774,10,0.36000000000000004
threshold_41,threshold,2,2,3,3.240534275832073,0.7670433241679265,9,0.32
threshold_41,threshold,2,3,3,3.275559783357411,0.7320178166425888,8,0.3
threshold_41,threshold,2,4,3,3.274062912746359,0.7335146872536409,8,0.3
threshold_41,threshold,2,5,3,3.2834371207417234,0.7241404792582766,8,0.3
threshold_41,threshold,2,6,3,3.273192857557437,0.734384742442563,7,0.25999999999999995
threshold_41,threshold,2,7,3,3.2652902791453733,0.7422873208546252,8,0.3
threshold_41,threshold,2,8,3,3.188407807491629,0.8191697925083703,9,0.36000000000000004
threshold_41,threshold,2,9,3,3.293814851619352,0.7137627483806471,5,0.19999999999999998
threshold_41,threshold,2,0,4,3.29596740840997,0.7116101915900302,6,0.21999999999999997
threshold_41,threshold,2,1,4,3.2033942704713576,0.8041833295286434,10,0.36000000000000004
threshold_41,threshold,2,2,4,3.264392636022992,0.7431849639770093,8,0.27999999999999997
threshold_41,threshold,2,3,4,3.269280132541812,0.7382974674581876,8,0.3
threshold_41,threshold,2,4,4,3.2534806636555875,0.7540969363444125,7,0.27999999999999997
threshold_41,threshold,2,5,4,3.2744648427053313,0.733112757294668,8,0.3
threshold_41,threshold,2,6,4,3.2487372842330253,0.7588403157669754,8,0.3
threshold_41,threshold,2,7,4,3.2606183446963706,0.74695925530363,9,0.32
threshold_41,threshold,2,8,4,3.2230451623146945,0.7845324376853055,8,0.34
threshold_41,threshold,2,9,4,3.3325438579466886,0.675033742053311,6,0.19999999999999998
threshold_41,threshold,2,0,5,3.2939033804410975,0.7136742195589026,5,0.18
threshold_41,threshold,2,1,5,3.1982498302800857,0.809327769719913,9,0.34
threshold_41,threshold,2,2,5,3.229188833392588,0.7783887666074125,9,0.32
threshold_41,threshold,2,3,5,3.2821727138135164,0.7254048861864834,8,0.3
threshold_41,threshold,2,4,5,3.2661016779729217,0.7414759220270792,7,0.27999999999999997
threshold_41,threshold,2,5,5,3.247341889139515,0.7602357108604845,8,0.3
threshold_41,threshold,2,6,5,3.2565186503922967,0.7510589496077045,9,0.3
threshold_41,threshold,2,7,5,3.2558236767556146,0.7517539232443857,8,0.3
threshold_41,threshold,2,8,5,3.238986699211029,0.7685909007889711,9,0.36000000000000004
threshold_41,threshold,2,9,5,3.279260648884622,0.7283169511153791,6,0.21999999999999997
threshold_41,threshold,2,0,6,3.2734648643435778,0.7341127356564232,7,0.25999999999999995
threshold_41,threshold,2,1,6,3.1929149108758805,0.8146626891241198,9,0.36000000000000004
threshold_41,threshold,2,2,6,3.27062956941547,0.7369480305845312,8,0.3
threshold_41,threshold,2,3,6,3.262155191829763,0.7454224081702369,8,0.3
threshold_41,threshold,2,4,6,3.264063011505445,0.7435145884945539,8,0.27999999999999997
threshold_41,threshold,2,5,6,3.2368099707784803,0.7707676292215209,9,0.32
threshold_41,threshold,2,6,6,3.25467218326492,0.7529054167350802,9,0.32
threshold_41,threshold,2,7,6,3.273625236434678,0.7339523635653213,8,0.27999999999999997
threshold_41,threshold,2,8,6,3.1785620067446745,0.829015593255324,9,0.36000000000000004
threshold_41,threshold,2,9,6,3.283856747452851,0.7237208525471494,7,0.23999999999999996
threshold_41,threshold,2,0,7,3.295256692942885,0.7123209070571156,6,0.21999999999999997
threshold_41,threshold,2,1,7,3.1734213508937668,0.8341562491062327,10,0.38000000000000006
threshold_41,threshold,2,2,7,3.2449092012592495,0.7626683987407512,9,0.32
threshold_41,threshold,2,3,7,3.2668145422784045,0.7407630577215943,8,0.32
threshold_41,threshold,2,4,7,3.2608521545358107,0.7467254454641896,9,0.32
threshold_41,threshold,2,5,7,3.286458510160219,0.7211190898397808,8,0.27999999999999997
threshold_41,threshold,2,6,7,3.2653170590066622,0.7422605409933378,8,0.27999999999999997
threshold_41,threshold,2,7,7,3.2526483368555037,0.7549292631444962,8,0.3
threshold_41,threshold,2,8,7,3.2090014553024755,0.798576144697524,9,0.34
threshold_41,threshold,2,9,7,3.2652143372433744,0.7423632627566255,7,0.25999999999999995
threshold_41,threshold,2,0,8,3.2679583058505486,0.739619294149453,7,0.25999999999999995
threshold_41,threshold,2,1,8,3.087165087905299,0.9204125120947017,10,0.38000000000000006
threshold_41,threshold,2,2,8,3.1872317974836397,0.820345802516359,9,0.36000000000000004
threshold_41,threshold,2,3,8,3.222418958193648,0.785158641806351,9,0.36000000000000004
threshold_41,threshold,2,4,8,3.1932871840234287,0.8142904159765716,9,0.36000000000000004
threshold_41,threshold,2,5,8,3.1979400633404946,0.8096375366595066,9,0.36000000000000004
threshold_41,threshold,2,6,8,3.19307976386173,0.8144978361382682,9,0.34
threshold_41,threshold,2,7,8,3.1935852850357844,0.8139923149642171,10,0.38000000000000006
threshold_41,threshold,2,8,8,3.073173999728755,0.9344036002712447,10,0.4000000000000001
threshold_41,threshold,2,9,8,3.2569756439561854,0.7506019560438146,8,0.3
threshold_41,threshold,2,0,9,3.3136931308009623,0.6938844691990399,4,0.12000000000000001
threshold_41,threshold,2,1,9,3.256208874803892,0.7513687251961081,8,0.3
threshold_41,threshold,2,2,9,3.2624699641151427,0.7451076358848567,6,0.21999999999999997
threshold_41,threshold,2,3,9,3.279079821486866,0.7284977785131337,7,0.25999999999999995
threshold_41,threshold,2,4,9,3.2861865597822457,0.7213910402177544,6,0.21999999999999997
threshold_41,threshold,2,5,9,3.3100892413454286,0.6974883586545702,6,0.21999999999999997
threshold_41,threshold,2,6,9,3.267039623010494,0.7405379769895055,5,0.21999999999999997
threshold_41,threshold,2,7,9,3.282650243785561,0.7249273562144394,6,0.21999999999999997
threshold_41,threshold,2,8,9,3.253933007738742,0.7536445922612596,8,0.27999999999999997
threshold_41,threshold,2,9,9,3.2734409871657553,0.734136612834245,3,0.12000000000000001
threshold_38,threshold,2,0,0,3.3022403638490805,0.7053372361509211,4,0.12000000000000001
threshold_38,threshold,2,1,0,3.25005905021861,0.7575185497813908,9,0.32
threshold_38,threshold,2,2,0,3.2948332486776297,0.7127443513223708,6,0.21999999999999997
threshold_38,threshold,2,3,0,3.2855482937575466,0.7220293062424541,5,0.18
threshold_38,threshold,2,4,0,3.2807897161136794,0.7267878838863224,6,0.21999999999999997
threshold_38,threshold,2,5,0,3.2930580826849143,0.7145195173150859,7,0.21999999999999997
threshold_38,threshold,2,6,0,3.301106630187033,0.7064709698129655,6,0.21999999999999997
threshold_38,threshold,2,7,0,3.283359860402807,0.7242177395971929,5,0.19999999999999998
threshold_38,threshold,2,8,0,3.2773509687294613,0.7302266312705399,9,0.32
threshold_38,threshold,2,9,0,3.3208986450184272,0.6866789549815726,4,0.16
threshold_38,threshold,2,0,1,3.2607673659611267,0.7468102340388744,9,0.32
threshold_38,threshold,2,1,1,3.0878628068717497,0.9197147931282507,10,0.4000000000000001
threshold_38,threshold,2,2,1,3.2307444019272817,0.7768331980727181,9,0.36000000000000004
threshold_38,threshold,2,3,1,3.204467189639384,0.8031104103606151,9,0.34
threshold_38,threshold,2,4,1,3.1872394456044986,0.820338154395501,9,0.36000000000000004
threshold_38,threshold,2,5,1,3.2009470691434,0.8066305308566,10,0.36000000000000004
threshold_38,threshold,2,6,1,3.1896641241595454,0.8179134758404549,10,0.38000000000000006
threshold_38,threshold,2,7,1,3.189218392005857,0.8183592079941433,10,0.36000000000000004
threshold_38,threshold,2,8,1,3.1041934224250385,0.9033841775749619,10,0.4000000000000001
threshold_38,threshold,2,9,1,3.2581548805762446,0.7494227194237557,8,0.3
threshold_38,threshold,2,0,2,3.2781953741456475,0.7293822258543525,6,0.19999999999999998
threshold_38,threshold,2,1,2,3.2143654739087313,0.7932121260912688,9,0.36000000000000004
threshold_38,threshold,2,2,2,3.2537865380893294,0.7537910619106706,9,0.32
threshold_38,threshold,2,3,2,3.235287512582854,0.7722900874171467,9,0.32
threshold_38,threshold,2,4,2,3.2419265578929464,0.7656510421070533,9,0.32
threshold_38,threshold,2,5,2,3.2711241637533157,0.7364534362466845,8,0.27999999999999997
threshold_38,threshold,2,6,2,3.2608941351283263,0.7466834648716731,8,0.3
threshold_38,threshold,2,7,2,3.250278160444976,0.757299439555023,9,0.32
threshold_38,threshold,2,8,2,3.1814392037472237,0.8261383962527755,10,0.38000000000000006
threshold_38,threshold,2,9,2,3.2946221774412336,0.7129554225587675,5,0.19999999999999998
threshold_38,threshold,2,0,3,3.263728761131137,0.7438488388688638,6,0.21999999999999997
threshold_38,threshold,2,1,3,3.206631771719366,0.8009458282806335,9,0.34
threshold_38,threshold,2,2,3,3.2487331912393222,0.7588444087606788,8,0.3
threshold_38,threshold,2,3,3,3.2672879291445716,0.7402896708554282,8,0.3
threshold_38,threshold,2,4,3,3.2807916565880437,0.7267859434119567,8,0.3
threshold_38,threshold,2,5,3,3.28402479429632,0.7235528057036789,8,0.27999999999999997
threshold_38,threshold,2,6,3,3.246296655903795,0.7612809440962052,8,0.3
threshold_38,threshold,2,7,3,3.2576858708463114,0.7498917291536892,8,0.27999999999999997
threshold_38,threshold,2,8,3,3.2177440054602293,0.7898335945397702,9,0.36000000000000004
threshold_38,threshold,2,9,3,3.280998834890541,0.72657876510946,6,0.23999999999999996
threshold_38,threshold,2,0,4,3.2910884699055494,0.7164891300944504,6,0.21999999999999997
threshold_38,threshold,2,1,4,3.202171959802933,0.805405640197066,9,0.36000000000000004
threshold_38,threshold,2,2,4,3.2602315574582725,0.7473460425417277,9,0.3
threshold_38,threshold,2,3,4,3.2681202453095057,0.7394573546904945,8,0.27999999999999997
threshold_38,threshold,2,4,4,3.2843562888132674,0.7232213111867327,8,0.27999999999999997
threshold_38,threshold,2,5,4,3.2652647839629294,0.7423128160370703,8,0.3
threshold_38,threshold,2,6,4,3.259006656264856,0.7485709437351433,8,0.3
threshold_38,threshold,2,7,4,3.262428888017345,0.7451487119826562,8,0.27999999999999997
threshold_38,threshold,2,8,4,3.205727162681344,0.8018504373186564,9,0.36000000000000004
threshold_38,threshold,2,9,4,3.2740609346894964,0.7335166653105039,6,0.21999999999999997
threshold_38,threshold,2,0,5,3.30354293177,0.7040346682300003,6,0.21999999999999997
threshold_38,threshold,2,1,5,3.2161300469144685,0.7914475530855328,9,0.34
threshold_38,threshold,2,2,5,3.2533335342997196,0.7542440657002811,9,0.34
threshold_38,threshold,2,3,5,3.260849912782323,0.7467276872176788,9,0.32
threshold_38,threshold,2,4,5,3.2699100666671557,0.7376675333328442,7,0.25999999999999995
threshold_38,threshold,2,5,5,3.2766340762036754,0.7309435237963244,8,0.3
threshold_38,threshold,2,6,5,3.269320353730129,0.738257246269872,9,0.32
threshold_38,threshold,2,7,5,3.246066934976372,0.7615106650236283,8,0.3
threshold_38,threshold,2,8,5,3.2072271272301744,0.8003504727698255,10,0.36000000000000004
threshold_38,threshold,2,9,5,3.2870433966641617,0.7205342033358382,6,0.21999999999999997
threshold_38,threshold,2,0,6,3.3031420743828845,0.7044355256171152,6,0.21999999999999997
threshold_38,threshold,2,1,6,3.2117507838048445,0.7958268161951553,9,0.36000000000000004
threshold_38,threshold,2,2,6,3.251564018043859,0.7560135819561407,8,0.3
threshold_38,threshold,2,3,6,3.264508531870825,0.7430690681291761,8,0.3
threshold_38,threshold,2,4,6,3.2628806424557943,0.7446969575442063,8,0.3
threshold_38,threshold,2,5,6,3.270610307298074,0.7369672927019266,8,0.3
threshold_38,threshold,2,6,6,3.2819866953440937,0.7255909046559067,8,0.3
threshold_38,threshold,2,7,6,3.24670805070829,0.7608695492917111,9,0.32
threshold_38,threshold,2,8,6,3.2182968361499595,0.7892807638500415,9,0.34
threshold_38,threshold,2,9,6,3.3023273820945676,0.7052502179054325,6,0.21999999999999997
threshold_38,threshold,2,0,7,3.2923795208803233,0.7151980791196756,6,0.19999999999999998
threshold_38,threshold,2,1,7,3.1768697221426874,0.8307078778573126,10,0.36000000000000004
threshold_38,threshold,2,2,7,3.261229722690178,0.7463478773098216,8,0.27999999999999997
threshold_38,threshold,2,3,7,3.26710609649964,0.7404715035003624,8,0.27999999999999997
threshold_38,threshold,2,4,7,3.2612839587826032,0.7462936412173958,9,0.32
threshold_38,threshold,2,5,7,3.265174565244447,0.7424030347555535,8,0.3
threshold_38,threshold,2,6,7,3.24531134444785,0.7622662555521502,9,0.32
threshold_38,threshold,2,7,7,3.249013259818633,0.758564340181367,9,0.32
threshold_38,threshold,2,8,7,3.2072912240710867,0.8002863759289146,9,0.36000000000000004
threshold_38,threshold,2,9,7,3.2857703614601035,0.7218072385398978,6,0.19999999999999998
threshold_38,threshold,2,0,8,3.2608575972348577,0.7467200027651424,8,0.3
threshold_38,threshold,2,1,8,3.061443078527338,0.9461345214726611,10,0.38000000000000006
threshold_38,threshold,2,2,8,3.190698250684047,0.8168793493159516,9,0.36000000000000004
threshold_38,threshold,2,3,8,3.210534711390045,0.7970428886099546,9,0.34
threshold_38,threshold,2,4,8,3.1823199075989574,0.8252576924010431,9,0.36000000000000004
threshold_38,threshold,2,5,8,3.1751612539270764,0.8324163460729228,10,0.38000000000000006
threshold_38,threshold,2,6,8,3.202157013987667,0.8054205860123334,10,0.36000000000000004
threshold_38,threshold,2,7,8,3.1887588074066433,0.8188187925933568,10,0.38000000000000006
threshold_38,threshold,2,8,8,3.102680763055418,0.9048968369445841,10,0.38000000000000006
threshold_38,threshold,2,9,8,3.2571373220179773,0.7504402779820226,8,0.3
threshold_38,threshold,2,0,9,3.306605890630681,0.7009717093693206,5,0.16
threshold_38,threshold,2,1,9,3.2779774889158904,0.7296001110841099,8,0.27999999999999997
threshold_38,threshold,2,2,9,3.314067053185258,0.6935105468147428,6,0.21999999999999997
threshold_38,threshold,2,3,9,3.307293747949712,0.7002838520502871,6,0.21999999999999997
threshold_38,threshold,2,4,9,3.285467818125106,0.7221097818748946,6,0.21999999999999997
threshold_38,threshold,2,5,9,3.2940261022838375,0.7135514977161627,6,0.23999999999999996
threshold_38,threshold,2,6,9,3.2938981392260165,0.7136794607739833,6,0.21999999999999997
threshold_38,threshold,2,7,9,3.295814584624592,0.7117630153754071,6,0.21999999999999997
threshold_38,threshold,2,8,9,3.2576844665055775,0.7498931334944218,8,0.3
threshold_38,threshold,2,9,9,3.3187195803164116,0.6888580196835882,4,0.14
threshold_40,threshold,2,0,0,3.3074238424288462,0.7001537575711546,4,0.14
threshold_40,threshold,2,1,0,3.2660683913801165,0.7415092086198836,8,0.3
threshold_40,threshold,2,2,0,3.289910802490653,0.717666797509348,6,0.21999999999999997
threshold_40,threshold,2,3,0,3.3102224186574194,0.6973551813425798,6,0.23999999999999996
threshold_40,threshold,2,4,0,3.3027595825101748,0.7048180174898275,5,0.19999999999999998
threshold_40,threshold,2,5,0,3.2724514968077707,0.7351261031922295,7,0.23999999999999996
threshold_40,threshold,2,6,0,3.255915784668037,0.7516618153319636,7,0.25999999999999995
threshold_40,threshold,2,7,0,3.273301109746018,0.7342764902539827,6,0.21999999999999997
threshold_40,threshold,2,8,0,3.2471479971501727,0.7604296028498273,8,0.3
threshold_40,threshold,2,9,0,3.3033042483588186,0.7042733516411824,4,0.16
threshold_40,threshold,2,0,1,3.261858830105094,0.7457187698949066,9,0.32
threshold_40,threshold,2,1,1,3.1398331051351254,0.8677444948648766,10,0.38000000000000006
threshold_40,threshold,2,2,1,3.170876383240704,0.836701216759296,10,0.38000000000000006
threshold_40,threshold,2,3,1,3.2137705142650157,0.7938070857349846,9,0.36000000000000004
threshold_40,threshold,2,4,1,3.2116484149893494,0.7959291850106499,9,0.34
threshold_40,threshold,2,5,1,3.2167993499601915,0.790778250039809,10,0.36000000000000004
threshold_40,threshold,2,6,1,3.206745788423297,0.8008318115767032,9,0.34
threshold_40,threshold,2,7,1,3.200296333012228,0.8072812669877726,9,0.34
threshold_40,threshold,2,8,1,3.1079731609117376,0.8996044390882613,10,0.4000000000000001
threshold_40,threshold,2,9,1,3.2828983023564122,0.7246792976435892,8,0.3
threshold_40,threshold,2,0,2,3.2983423566252457,0.7092352433747529,6,0.21999999999999997
threshold_40,threshold,2,1,2,3.175461726724505,0.8321158732754965,9,0.36000000000000004
threshold_40,threshold,2,2,2,3.2589297926567515,0.7486478073432485,8,0.3
threshold_40,threshold,2,3,2,3.255124088105622,0.7524535118943767,8,0.27999999999999997
threshold_40,threshold,2,4,2,3.2392690719577435,0.768308528042256,9,0.32
threshold_40,threshold,2,5,2,3.2744366290987603,0.7331409709012389,9,0.32
threshold_40,threshold,2,6,2,3.274176219355546,0.733401380644454,8,0.3
threshold_40,threshold,2,7,2,3.26149162648597,0.74608597351403,8,0.27999999999999997
threshold_40,threshold,2,8,2,3.1845168915909743,0.8230607084090263,9,0.36000000000000004
threshold_40,threshold,2,9,2,3.2715509322023757,0.7360266677976235,7,0.23999999999999996
threshold_40,threshold,2,0,3,3.286629595829649,0.720948004170351,5,0.19999999999999998
threshold_40,threshold,2,1,3,3.2017710281113683,0.8058065718886326,9,0.36000000000000004
threshold_40,threshold,2,2,3,3.2591128940132825,0.7484647059867175,7,0.27999999999999997
threshold_40,threshold,2,3,3,3.2821451686302856,0.7254324313697148,8,0.3
threshold_40,threshold,2,4,3,3.254580514643073,0.7529970853569286,8,0.3
threshold_40,threshold,2,5,3,3.2480210736812767,0.7595565263187234,8,0.32
threshold_40,threshold,2,6,3,3.2477814502764706,0.7597961497235298,8,0.3
threshold_40,threshold,2,7,3,3.2591429735820134,0.7484346264179861,8,0.3
threshold_40,threshold,2,8,3,3.2161730178476273,0.7914045821523739,9,0.34
threshold_40,threshold,2,9,3,3.269122930956488,0.73845466904351,6,0.21999999999999997
threshold_40,threshold,2,0,4,3.2938805551163832,0.7136970448836166,5,0.19999999999999998
threshold_40,threshold,2,1,4,3.2064390161547824,0.8011385838452174,9,0.34
threshold_40,threshold,2,2,4,3.283701733155991,0.7238758668440076,7,0.27999999999999997
threshold_40,threshold,2,3,4,3.2801907906879895,0.7273868093120105,8,0.3
threshold_40,threshold,2,4,4,3.241794476886721,0.7657831231132791,7,0.27999999999999997
threshold_40,threshold,2,5,4,3.267253963885529,0.7403236361144707,8,0.3
threshold_40,threshold,2,6,4,3.2446244551119623,0.7629531448880382,8,0.3
threshold_40,threshold,2,7,4,3.2734809819309634,0.7340966180690351,8,0.3
threshold_40,threshold,2,8,4,3.204941685518717,0.8026359144812824,9,0.34
threshold_40,threshold,2,9,4,3.313327778229347,0.6942498217706544,6,0.23999999999999996
threshold_40,threshold,2,0,5,3.2853284996305288,0.722249100369471,6,0.21999999999999997
threshold_40,threshold,2,1,5,3.22952025289354,0.7780573471064609,9,0.34
threshold_40,threshold,2,2,5,3.275845970026471,0.7317316299735289,8,0.3
threshold_40,threshold,2,3,5,3.267910304103606,0.7396672958963939,9,0.32
threshold_40,threshold,2,4,5,3.2723595762440403,0.7352180237559595,8,0.27999999999999997
threshold_40,threshold,2,5,5,3.26627470738271,0.7413028926172893,8,0.27999999999999997
threshold_40,threshold,2,6,5,3.267860704802519,0.7397168951974831,8,0.27999999999999997
threshold_40,threshold,2,7,5,3.258605867784691,0.7489717322153091,9,0.32
threshold_40,threshold,2,8,5,3.236055354444242,0.7715222455557571,9,0.34
threshold_40,threshold,2,9,5,3.2847794188679473,0.7227981811320529,6,0.21999999999999997
threshold_40,threshold,2,0,6,3.276217460100326,0.7313601398996749,6,0.21999999999999997
threshold_40,threshold,2,1,6,3.232383215820176,0.7751943841798241,9,0.34
threshold_40,threshold,2,2,6,3.2664837057034277,0.7410938942965719,8,0.3
threshold_40,threshold,2,3,6,3.2584477855317835,0.749129814468217,8,0.3
threshold_40,threshold,2,4,6,3.252884606800626,0.7546929931993747,8,0.3
threshold_40,threshold,2,5,6,3.2686813756409503,0.7388962243590501,8,0.27999999999999997
threshold_40,threshold,2,6,6,3.2779597072526503,0.7296178927473507,8,0.3
threshold_40,threshold,2,7,6,3.2775021206368273,0.730075479363173,8,0.3
threshold_40,threshold,2,8,6,3.209941963222132,0.7976356367778666,9,0.36000000000000004
threshold_40,threshold,2,9,6,3.289985540310302,0.7175920596896986,5,0.19999999999999998
threshold_40,threshold,2,0,7,3.269890079678402,0.7376875203215971,6,0.21999999999999997
threshold_40,threshold,2,1,7,3.216191628579389,0.7913859714206126,9,0.34
threshold_40,threshold,2,2,7,3.2800087204069843,0.7275688795930159,8,0.3
threshold_40,threshold,2,3,7,3.267838632851444,0.7397389671485558,8,0.3
threshold_40,threshold,2,4,7,3.2533653068297297,0.7542122931702698,9,0.34
threshold_40,threshold,2,5,7,3.2738235117811976,0.7337540882188011,9,0.3
threshold_40,threshold,2,6,7,3.270950406806963,0.7366271931930385,8,0.3
threshold_40,threshold,2,7,7,3.2535009576577227,0.754076642342279,8,0.3
threshold_40,threshold,2,8,7,3.225088597139778,0.7824890028602214,9,0.34
threshold_40,threshold,2,9,7,3.287515834405314,0.7200617655946866,5,0.19999999999999998
threshold_40,threshold,2,0,8,3.25802782336929,0.74954977663071,9,0.32
threshold_40,threshold,2,1,8,3.097462206729117,0.9101153932708832,10,0.4000000000000001
threshold_40,threshold,2,2,8,3.206896389080223,0.8006812109197781,9,0.34
threshold_40,threshold,2,3,8,3.1787769487027346,0.8288006512972652,9,0.36000000000000004
threshold_40,threshold,2,4,8,3.19509008408473,0.8124875159152711,10,0.36000000000000004
threshold_40,threshold,2,5,8,3.187212295302482,0.8203653046975184,9,0.34
threshold_40,threshold,2,6,8,3.196044678932373,0.8115329210676275,9,0.34
threshold_40,threshold,2,7,8,3.1910376133710083,0.8165399866289923,10,0.36000000000000004
threshold_40,threshold,2,8,8,3.08793532190642,0.9196422780935801,10,0.38000000000000006
threshold_40,threshold,2,9,8,3.2823186486557416,0.72525895134426,7,0.27999999999999997
threshold_40,threshold,2,0,9,3.2852268327857552,0.7223507672142452,3,0.1
threshold_40,threshold,2,1,9,3.2575439062427156,0.7500336937572841,8,0.27999999999999997
threshold_40,threshold,2,2,9,3.2765159659261394,0.7310616340738603,7,0.23999999999999996
threshold_40,threshold,2,3,9,3.2905086867632507,0.7170689132367498,6,0.21999999999999997
threshold_40,threshold,2,4,9,3.2750054963086415,0.7325721036913582,5,0.19999999999999998
threshold_40,threshold,2,5,9,3.3000297823528366,0.7075478176471639,6,0.21999999999999997
threshold_40,threshold,2,6,9,3.283224457378639,0.7243531426213611,6,0.23999999999999996
threshold_40,threshold,2,7,9,3.2961685857780623,0.7114090142219368,7,0.25999999999999995
threshold_40,threshold,2,8,9,3.253088604828445,0.7544889951715545,8,0.3
threshold_40,threshold,2,9,9,3.3197549653669647,0.6878226346330355,4,0.16
threshold_39,threshold,2,0,0,3.326703696677946,0.680873903322053,4,0.14
threshold_39,threshold,2,1,0,3.2561921036515775,0.7513854963484213,8,0.3
threshold_39,threshold,2,2,0,3.290272084524959,0.7173055154750396,7,0.25999999999999995
threshold_39,threshold,2,3,0,3.2888145082171363,0.718763091782865,6,0.23999999999999996
threshold_39,threshold,2,4,0,3.3102235168558725,0.697354083144128,7,0.23999999999999996
threshold_39,threshold,2,5,0,3.2722257383552567,0.7353518616447425,6,0.23999999999999996
threshold_39,threshold,2,6,0,3.2685107717632906,0.7390668282367098,6,0.21999999999999997
threshold_39,threshold,2,7,0,3.2695564895152067,0.7380211104847939,6,0.21999999999999997
threshold_39,threshold,2,8,0,3.254245670025456,0.7533319299745422,8,0.3
threshold_39,threshold,2,9,0,3.298592095107698,0.7089855048923027,5,0.16
threshold_39,threshold,2,0,1,3.2482895544237103,0.7592880455762903,8,0.3
threshold_39,threshold,2,1,1,3.1108579512999373,0.8967196487000626,10,0.4000000000000001
threshold_39,threshold,2,2,1,3.1702740271177534,0.8373035728822464,10,0.36000000000000004
threshold_39,threshold,2,3,1,3.173925854585055,0.8336517454149466,10,0.36000000000000004
threshold_39,threshold,2,4,1,3.1865954347375687,0.8209821652624326,9,0.36000000000000004
threshold_39,threshold,2,5,1,3.205035623566085,0.8025419764339166,9,0.34
threshold_39,threshold,2,6,1,3.1820936317533772,0.8254839682466217,9,0.36000000000000004
threshold_39,threshold,2,7,1,3.1872760678155534,0.820301532184447,10,0.38000000000000006
threshold_39,threshold,2,8,1,3.114898814166583,0.8926787858334175,10,0.38000000000000006
threshold_39,threshold,2,9,1,3.259163776247327,0.7484138237526741,8,0.32
threshold_39,threshold,2,0,2,3.284815533065755,0.7227620669342446,6,0.19999999999999998
threshold_39,threshold,2,1,2,3.1766786457208283,0.8308989542791725,10,0.36000000000000004
threshold_39,threshold,2,2,2,3.240904829323834,0.7666727706761646,9,0.34
threshold_39,threshold,2,3,2,3.2701422410124974,0.7374353589875023,8,0.27999999999999997
threshold_39,threshold,2,4,2,3.2636487601143216,0.7439288398856791,9,0.3
threshold_39,threshold,2,5,2,3.243585469363373,0.763992130636627,8,0.32
threshold_39,threshold,2,6,2,3.2700750777444045,0.7375025222555942,8,0.3
threshold_39,threshold,2,7,2,3.243292672975867,0.7642849270241334,8,0.3
threshold_39,threshold,2,8,2,3.201775748955385,0.8058018510446158,10,0.36000000000000004
threshold_39,threshold,2,9,2,3.2811908194927697,0.7263867805072306,6,0.21999999999999997
threshold_39,threshold,2,0,3,3.2744667629389896,0.7331108370610093,7,0.25999999999999995
threshold_39,threshold,2,1,3,3.167211105723014,0.8403664942769865,10,0.36000000000000004
threshold_39,threshold,2,2,3,3.259650388880495,0.7479272111195063,8,0.3
threshold_39,threshold,2,3,3,3.275195567064204,0.7323820329357953,7,0.25999999999999995
threshold_39,threshold,2,4,3,3.2611169647940073,0.7464606352059936,9,0.3
threshold_39,threshold,2,5,3,3.271135187416953,0.7364424125830473,8,0.3
threshold_39,threshold,2,6,3,3.269356090989804,0.7382215090101957,8,0.3
threshold_39,threshold,2,7,3,3.289175602036225,0.7184019979637758,8,0.3
threshold_39,threshold,2,8,3,3.209277260083282,0.7983003399167179,9,0.34
threshold_39,threshold,2,9,3,3.321473514035323,0.6861040859646758,6,0.21999999999999997
threshold_39,threshold,2,0,4,3.247445209969151,0.7601323900308498,6,0.23999999999999996
threshold_39,threshold,2,1,4,3.1744484553959946,0.8331291446040058,10,0.38000000000000006
threshold_39,threshold,2,2,4,3.2675054773455314,0.740072122654469,8,0.3
threshold_39,threshold,2,3,4,3.266000142131889,0.7415774578681112,9,0.32
threshold_39,threshold,2,4,4,3.2695088705658315,0.7380687294341679,9,0.32
threshold_39,threshold,2,5,4,3.2639928233024755,0.7435847766975252,8,0.27999999999999997
threshold_39,threshold,2,6,4,3.2928899857176637,0.7146876142823371,7,0.25999999999999995
threshold_39,threshold,2,7,4,3.2659308609882776,0.7416467390117236,8,0.3
threshold_39,threshold,2,8,4,3.2221258720242365,0.7854517279757639,9,0.34
threshold_39,threshold,2,9,4,3.28969590372197,0.7178816962780303,5,0.19999999999999998
threshold_39,threshold,2,0,5,3.2874862966616507,0.7200913033383506,6,0.21999999999999997
threshold_39,threshold,2,1,5,3.203924468964711,0.8036531310352897,9,0.34
threshold_39,threshold,2,2,5,3.27095069704828,0.7366269029517194,8,0.3
threshold_39,threshold,2,3,5,3.266630932256406,0.7409466677435943,8,0.3
threshold_39,threshold,2,4,5,3.288154424255205,0.7194231757447956,7,0.27999999999999997
threshold_39,threshold,2,5,5,3.2653170273926815,0.742260572607318,8,0.27999999999999997
threshold_39,threshold,2,6,5,3.282367577002389,0.7252100229976114,7,0.27999999999999997
threshold_39,threshold,2,7,5,3.2862606061128323,0.7213169938871673,7,0.27999999999999997
threshold_39,threshold,2,8,5,3.2255408034718984,0.7820367965281011,9,0.36000000000000004
threshold_39,threshold,2,9,5,3.2719504399192134,0.7356271600807878,6,0.23999999999999996
threshold_39,threshold,2,0,6,3.2703408168154033,0.7372367831845975,7,0.23999999999999996
threshold_39,threshold,2,1,6,3.2018468974371053,0.8057307025628951,9,0.36000000000000004
threshold_39,threshold,2,2,6,3.254429095795639,0.7531485042043602,9,0.3
threshold_39,threshold,2,3,6,3.2521011372020023,0.7554764627979982,8,0.3
threshold_39,threshold,2,4,6,3.257258776327326,0.750318823672676,7,0.27999999999999997
threshold_39,threshold,2,5,6,3.259147675659758,0.7484299243402408,8,0.3
threshold_39,threshold,2,6,6,3.266505148268657,0.7410724517313426,8,0.3
threshold_39,threshold,2,7,6,3.255197993085803,0.7523796069141967,8,0.3
threshold_39,threshold,2,8,6,3.1850043335267406,0.8225732664732595,9,0.34
threshold_39,threshold,2,9,6,3.2908530153472255,0.7167245846527754,6,0.21999999999999997
threshold_39,threshold,2,0,7,3.2788166028084356,0.7287609971915642,6,0.23999999999999996
threshold_39,threshold,2,1,7,3.188940643442864,0.8186369565571365,9,0.34
threshold_39,threshold,2,2,7,3.268779110315949,0.738798489684052,9,0.32
threshold_39,threshold,2,3,7,3.254758718925716,0.7528188810742846,9,0.32
threshold_39,threshold,2,4,7,3.2762193195887552,0.7313582804112452,8,0.3
threshold_39,threshold,2,5,7,3.2510102542969146,0.7565673457030877,8,0.3
threshold_39,threshold,2,6,7,3.2480965350395286,0.7594810649604712,7,0.27999999999999997
threshold_39,threshold,2,7,7,3.2586345340892295,0.7489430659107689,8,0.32
threshold_39,threshold,2,8,7,3.1691999307270966,0.8383776692729035,9,0.36000000000000004
threshold_39,threshold,2,9,7,3.3091434405649056,0.6984341594350939,6,0.21999999999999997
threshold_39,threshold,2,0,8,3.2506695433457087,0.7569080566542914,8,0.27999999999999997
threshold_39,threshold,2,1,8,3.1306144675296133,0.8769631324703862,10,0.38000000000000006
threshold_39,threshold,2,2,8,3.184800448151094,0.822777151848906,9,0.34
threshold_39,threshold,2,3,8,3.162040560116342,0.8455370398836584,9,0.36000000000000004
threshold_39,threshold,2,4,8,3.2110497903961983,0.7965278096038015,9,0.36000000000000004
threshold_39,threshold,2,5,8,3.226909718194591,0.7806678818054088,9,0.36000000000000004
threshold_39,threshold,2,6,8,3.2633708949414206,0.7442067050585793,8,0.32
threshold_39,threshold,2,7,8,3.207216091852812,0.8003615081471891,9,0.34
threshold_39,threshold,2,8,8,3.0804148926821675,0.9271627073178322,10,0.4000000000000001
threshold_39,threshold,2,9,8,3.2602507508715286,0.7473268491284719,7,0.27999999999999997
threshold_39,threshold,2,0,9,3.264451085639621,0.7431265143603781,4,0.14
threshold_39,threshold,2,1,9,3.236457816195929,0.77111978380407,8,0.3
threshold_39,threshold,2,2,9,3.2701645499461116,0.7374130500538888,6,0.23999999999999996
threshold_39,threshold,2,3,9,3.268926840534195,0.7386507594658062,6,0.21999999999999997
threshold_39,threshold,2,4,9,3.287917482045265,0.7196601179547362,6,0.23999999999999996
threshold_39,threshold,2,5,9,3.3008778935698997,0.7066997064301012,6,0.23999999999999996
threshold_39,threshold,2,6,9,3.2837554413777306,0.7238221586222706,7,0.21999999999999997
threshold_39,threshold,2,7,9,3.2612581120223214,0.7463194879776779,6,0.21999999999999997
threshold_39,threshold,2,8,9,3.265973374342837,0.741604225657163,9,0.32
threshold_39,threshold,2,9,9,3.3149134206613953,0.6926641793386056,4,0.14
threshold_41,threshold,3,0,0,3.2767491000270406,0.7308284999729614,5,0.23999999999999996
threshold_41,threshold,3,1,0,3.1177523119401336,0.8898252880598666,9,0.48000000000000015
threshold_41,threshold,3,2,0,3.217306106581744,0.7902714934182573,8,0.38000000000000006
threshold_41,threshold,3,3,0,3.222100228780576,0.7854773712194247,8,0.4000000000000001
threshold_41,threshold,3,4,0,3.250431248655011,0.7571463513449881,8,0.38000000000000006
threshold_41,threshold,3,5,0,3.2409717412132144,0.7666058587867863,8,0.4000000000000001
threshold_41,threshold,3,6,0,3.253062828359049,0.7545147716409503,7,0.36000000000000004
threshold_41,threshold,3,7,0,3.2750636787838574,0.7325139212161416,8,0.36000000000000004
threshold_41,threshold,3,8,0,3.1579213322926076,0.8496562677073932,9,0.46000000000000013
threshold_41,threshold,3,9,0,3.2988665485910253,0.7087110514089764,5,0.23999999999999996
threshold_41,threshold,3,0,1,3.1952307135497247,0.8123468864502753,9,0.48000000000000015
threshold_41,threshold,3,1,1,2.864620995548465,1.1429566044515365,10,0.6000000000000002
threshold_41,threshold,3,2,1,2.9883167047214467,1.0192608952785536,10,0.5600000000000002
threshold_41,threshold,3,3,1,3.009873189731012,0.9977044102689904,10,0.5800000000000002
threshold_41,threshold,3,4,1,3.0481900530099457,0.959387546990055,10,0.5600000000000002
threshold_41,threshold,3,5,1,3.0013696691859177,1.0062079308140828,10,0.5800000000000002
threshold_41,threshold,3,6,1,3.0448452329155646,0.9627323670844357,9,0.5000000000000001
threshold_41,threshold,3,7,1,3.0292099472126552,0.9783676527873445,10,0.5400000000000001
threshold_41,threshold,3,8,1,2.898816289705109,1.1087613102948926,10,0.5800000000000002
threshold_41,threshold,3,9,1,3.1182477111173297,0.8893298888826706,9,0.5000000000000001
threshold_41,threshold,3,0,2,3.2617631898176525,0.7458144101823486,8,0.36000000000000004
threshold_41,threshold,3,1,2,3.0047691445699822,1.0028084554300174,10,0.5400000000000001
threshold_41,threshold,3,2,2,3.0764321801766457,0.9311454198233556,9,0.5000000000000001
threshold_41,threshold,3,3,2,3.09908576684198,0.9084918331580206,9,0.48000000000000015
threshold_41,threshold,3,4,2,3.120749466878866,0.8868281331211341,9,0.46000000000000013
threshold_41,threshold,3,5,2,3.132988444939665,0.8745891550603345,9,0.46000000000000013
threshold_41,threshold,3,6,2,3.1651404444615507,0.8424371555384507,9,0.46000000000000013
threshold_41,threshold,3,7,2,3.0739747827686874,0.9336028172313138,9,0.5200000000000001
threshold_41,threshold,3,8,2,2.971706260450452,1.0358713395495491,10,0.5600000000000002
threshold_41,threshold,3,9,2,3.2231497807791563,0.7844278192208433,8,0.4000000000000001
threshold_41,threshold,3,0,3,3.281195406538819,0.7263821934611814,7,0.34
threshold_41,threshold,3,1,3,3.0623729313809247,0.9452046686190759,10,0.5600000000000002
threshold_41,threshold,3,2,3,3.1315861789246955,0.8759914210753038,10,0.5200000000000001
threshold_41,threshold,3,3,3,3.191523891087775,0.8160537089122258,9,0.48000000000000015
threshold_41,threshold,3,4,3,3.1919417668472887,0.8156358331527107,9,0.48000000000000015
threshold_41,threshold,3,5,3,3.1395540064561973,0.8680235935438029,10,0.5000000000000001
threshold_41,threshold,3,6,3,3.1603527748961757,0.8472248251038258,9,0.4400000000000001
threshold_41,threshold,3,7,3,3.1521860987158625,0.8553915012841374,9,0.48000000000000015
threshold_41,threshold,3,8,3,3.0024147528873324,1.0051628471126666,10,0.5600000000000002
threshold_41,threshold,3,9,3,3.2525602925026504,0.7550173074973506,7,0.34
threshold_41,threshold,3,0,4,3.267116993109496,0.7404606068905034,8,0.38000000000000006
threshold_41,threshold,3,1,4,3.0509639227759835,0.9566136772240168,9,0.5400000000000001
threshold_41,threshold,3,2,4,3.1716612859416204,0.8359163140583781,9,0.46000000000000013
threshold_41,threshold,3,3,4,3.1816254197134004,0.8259521802866004,9,0.48000000000000015
threshold_41,threshold,3,4,4,3.1767407824535736,0.8308368175464249,9,0.46000000000000013
threshold_41,threshold,3,5,4,3.185459505055868,0.8221180949441335,9,0.48000000000000015
threshold_41,threshold,3,6,4,3.1792670773408007,0.8283105226592009,9,0.48000000000000015
threshold_41,threshold,3,7,4,3.1467016125946157,0.8608759874053832,9,0.5000000000000001
threshold_41,threshold,3,8,4,3.0457883345500956,0.9617892654499037,10,0.5400000000000001
threshold_41,threshold,3,9,4,3.2423823334823956,0.7651952665176055,6,0.32
threshold_41,threshold,3,0,5,3.256884429293621,0.7506931707063805,8,0.34
threshold_41,threshold,3,1,5,3.0537613281924925,0.9538162718075063,10,0.5400000000000001
threshold_41,threshold,3,2,5,3.1490987659524605,0.8584788340475399,9,0.5000000000000001
threshold_41,threshold,3,3,5,3.1740750502209254,0.8335025497790736,9,0.48000000000000015
threshold_41,threshold,3,4,5,3.1509036358330946,0.856673964166906,9,0.46000000000000013
threshold_41,threshold,3,5,5,3.161005694714697,0.8465719052853022,9,0.48000000000000015
threshold_41,threshold,3,6,5,3.147827961783653,0.8597496382163474,9,0.48000000000000015
threshold_41,threshold,3,7,5,3.123960309174767,0.8836172908252321,9,0.48000000000000015
threshold_41,threshold,3,8,5,2.956574250207567,1.0510033497924316,10,0.5600000000000002
threshold_41,threshold,3,9,5,3.2275369168005983,0.7800406831994032,7,0.36000000000000004
threshold_41,threshold,3,0,6,3.244429225186795,0.7631483748132056,9,0.4400000000000001
threshold_41,threshold,3,1,6,3.0324353887434516,0.9751422112565478,10,0.5600000000000002
threshold_41,threshold,3,2,6,3.172031752147098,0.8355458478529023,9,0.48000000000000015
threshold_41,threshold,3,3,6,3.1495313163705516,0.858046283629449,9,0.48000000000000015
threshold_41,threshold,3,4,6,3.164951340598742,0.8426262594012588,9,0.46000000000000013
threshold_41,threshold,3,5,6,3.101752858438765,0.9058247415612355,9,0.5000000000000001
threshold_41,threshold,3,6,6,3.141111358791893,0.8664662412081083,9,0.5000000000000001
threshold_41,threshold,3,7,6,3.1146765329988564,0.8929010670011431,10,0.48000000000000015
threshold_41,threshold,3,8,6,3.0179097657448626,0.9896678342551373,9,0.5400000000000001
threshold_41,threshold,3,9,6,3.2316791274671153,0.775898472532884,8,0.4000000000000001
threshold_41,threshold,3,0,7,3.2574221904059226,0.7501554095940768,7,0.36000000000000004
threshold_41,threshold,3,1,7,2.9660988516679114,1.0414787483320889,10,0.5800000000000002
threshold_41,threshold,3,2,7,3.077123936415205,0.9304536635847953,9,0.5000000000000001
threshold_41,threshold,3,3,7,3.1103722038247787,0.8972053961752205,9,0.5000000000000001
threshold_41,threshold,3,4,7,3.107855918786816,0.8997216812131841,9,0.5000000000000001
threshold_41,threshold,3,5,7,3.142559016900343,0.8650185830996563,9,0.46000000000000013
threshold_41,threshold,3,6,7,3.1471758573562534,0.8604017426437462,9,0.46000000000000013
threshold_41,threshold,3,7,7,3.0812906437283027,0.9262869562716972,10,0.5000000000000001
threshold_41,threshold,3,8,7,2.987780302206101,1.019797297793899,10,0.5400000000000001
threshold_41,threshold,3,9,7,3.2151492842785974,0.7924283157214032,9,0.4400000000000001
threshold_41,threshold,3,0,8,3.176879863703529,0.8306977362964709,9,0.4400000000000001
threshold_41,threshold,3,1,8,2.889496185874424,1.1180814141255746,10,0.5800000000000002
threshold_41,threshold,3,2,8,3.0020652361431286,1.0055123638568721,10,0.5600000000000002
threshold_41,threshold,3,3,8,2.996349802363423,1.0112277976365767,10,0.5600000000000002
threshold_41,threshold,3,4,8,3.0413686139670517,0.9662089860329488,10,0.5600000000000002
threshold_41,threshold,3,5,8,3.0226827911946867,0.9848948088053133,10,0.5600000000000002
threshold_41,threshold,3,6,8,3.0708928446428327,0.9366847553571658,9,0.5200000000000001
threshold_41,threshold,3,7,8,2.960520377309776,1.047057222690224,10,0.5800000000000002
threshold_41,threshold,3,8,8,2.8244926229108094,1.1830849770891905,10,0.6000000000000002
threshold_41,threshold,3,9,8,3.173841270541988,0.8337363294580122,9,0.48000000000000015
threshold_41,threshold,3,0,9,3.322965285101823,0.6846123148981766,4,0.19999999999999998
threshold_41,threshold,3,1,9,3.165142323038207,0.8424352769617943,9,0.48000000000000015
threshold_41,threshold,3,2,9,3.2555441993654575,0.7520334006345434,8,0.38000000000000006
threshold_41,threshold,3,3,9,3.2499115871421154,0.7576660128578849,8,0.4200000000000001
threshold_41,threshold,3,4,9,3.282223640270791,0.7253539597292091,7,0.36000000000000004
threshold_41,threshold,3,5,9,3.274288247746794,0.7332893522532064,7,0.36000000000000004
threshold_41,threshold,3,6,9,3.2439582666419233,0.7636193333580786,9,0.4000000000000001
threshold_41,threshold,3,7,9,3.2436649358820286,0.7639126641179712,8,0.38000000000000006
threshold_41,threshold,3,8,9,3.1614426605242576,0.8461349394757425,9,0.46000000000000013
threshold_41,threshold,3,9,9,3.298243749057423,0.7093338509425775,4,0.19999999999999998
threshold_38,threshold,3,0,0,3.2794456721084146,0.7281319278915853,5,0.21999999999999997
threshold_38,threshold,3,1,0,3.139250382749726,0.8683272172502738,9,0.5000000000000001
threshold_38,threshold,3,2,0,3.242656576803728,0.764921023196272,8,0.38000000000000006
threshold_38,threshold,3,3,0,3.2942194851545588,0.7133581148454405,7,0.32
threshold_38,threshold,3,4,0,3.2412279537165047,0.7663496462834956,7,0.36000000000000004
threshold_38,threshold,3,5,0,3.2490377877277883,0.7585398122722126,8,0.38000000000000006
threshold_38,threshold,3,6,0,3.2350643239858834,0.7725132760141166,8,0.38000000000000006
threshold_38,threshold,3,7,0,3.2497223780113966,0.7578552219886042,8,0.36000000000000004
threshold_38,threshold,3,8,0,3.141270417774776,0.8663071822252221,9,0.5000000000000001
threshold_38,threshold,3,9,0,3.2673840125377955,0.7401935874622032,4,0.23999999999999996
threshold_38,threshold,3,0,1,3.169781336076293,0.837796263923708,9,0.5000000000000001
threshold_38,threshold,3,1,1,2.839363638707366,1.1682139612926348,10,0.6000000000000002
threshold_38,threshold,3,2,1,3.0156145562923804,0.9919630437076193,10,0.5600000000000002
threshold_38,threshold,3,3,1,3.0034044065672756,1.004173193432726,10,0.5400000000000001
threshold_38,threshold,3,4,1,3.023691524079112,0.9838860759208885,10,0.5600000000000002
threshold_38,threshold,3,5,1,3.009944646150189,0.9976329538498107,10,0.5600000000000002
threshold_38,threshold,3,6,1,2.9936942498005568,1.0138833501994442,9,0.5600000000000002
threshold_38,threshold,3,7,1,2.9997910589578387,1.007786541042162,10,0.5600000000000002
threshold_38,threshold,3,8,1,2.8327837610030646,1.1747938389969346,10,0.6000000000000002
threshold_38,threshold,3,9,1,3.1453063617908175,0.8622712382091827,9,0.48000000000000015
threshold_38,threshold,3,0,2,3.2416855370538573,0.7658920629461429,7,0.34
threshold_38,threshold,3,1,2,3.0268888802483804,0.9806887197516195,10,0.5600000000000002
threshold_38,threshold,3,2,2,3.086153762191565,0.9214238378084358,10,0.5200000000000001
threshold_38,threshold,3,3,2,3.095391124597271,0.9121864754027285,10,0.5200000000000001
threshold_38,threshold,3,4,2,3.098246618827427,0.9093309811725739,9,0.5000000000000001
threshold_38,threshold,3,5,2,3.1206273850784734,0.8869502149215276,9,0.46000000000000013
threshold_38,threshold,3,6,2,3.1513671442085855,0.8562104557914149,9,0.48000000000000015
threshold_38,threshold,3,7,2,3.0982942638277557,0.9092833361722429,9,0.5000000000000001
threshold_38,threshold,3,8,2,2.977405124695545,1.0301724753044545,9,0.5600000000000002
threshold_38,threshold,3,9,2,3.244118432616086,0.763459167383915,8,0.36000000000000004
threshold_38,threshold,3,0,3,3.2531493209703775,0.7544282790296226,8,0.38000000000000006
threshold_38,threshold,3,1,3,3.036410837142148,0.9711667628578533,9,0.5200000000000001
threshold_38,threshold,3,2,3,3.134493629775784,0.8730839702242146,9,0.48000000000000015
threshold_38,threshold,3,3,3,3.138956083013473,0.8686215169865272,9,0.48000000000000015
threshold_38,threshold,3,4,3,3.1814870230688372,0.8260905769311624,9,0.48000000000000015
threshold_38,threshold,3,5,3,3.1639730125696315,0.8436045874303691,9,0.46000000000000013
threshold_38,threshold,3,6,3,3.159282484634175,0.8482951153658246,9,0.48000000000000015
threshold_38,threshold,3,7,3,3.1135512809752486,0.8940263190247497,9,0.46000000000000013
threshold_38,threshold,3,8,3,3.044069181400018,0.9635084185999815,9,0.5400000000000001
threshold_38,threshold,3,9,3,3.2188271721402164,0.7887504278597837,8,0.4000000000000001
threshold_38,threshold,3,0,4,3.2741327771561073,0.7334448228438916,8,0.38000000000000006
threshold_38,threshold,3,1,4,3.0427682495678967,0.9648093504321034,10,0.5600000000000002
threshold_38,threshold,3,2,4,3.159329539130542,0.8482480608694583,9,0.48000000000000015
threshold_38,threshold,3,3,4,3.16245108530877,0.8451265146912281,9,0.46000000000000013
threshold_38,threshold,3,4,4,3.205635669995232,0.8019419300047668,9,0.46000000000000013
threshold_38,threshold,3,5,4,3.161463401855091,0.8461141981449104,9,0.48000000000000015
threshold_38,threshold,3,6,4,3.1509800453465413,0.8565975546534582,9,0.48000000000000015
threshold_38,threshold,3,7,4,3.1675833415313774,0.8399942584686233,9,0.46000000000000013
threshold_38,threshold,3,8,4,2.9953028750599184,1.012274724940081,10,0.5600000000000002
threshold_38,threshold,3,9,4,3.217950968598477,0.7896266314015226,8,0.38000000000000006
threshold_38,threshold,3,0,5,3.237156379861718,0.770421220138281,8,0.38000000000000006
threshold_38,threshold,3,1,5,3.053300084421338,0.9542775155786627,9,0.5200000000000001
threshold_38,threshold,3,2,5,3.1076346963294528,0.8999429036705461,10,0.5400000000000001
threshold_38,threshold,3,3,5,3.1385754522363816,0.8690021477636205,9,0.5000000000000001
threshold_38,threshold,3,4,5,3.208320084694577,0.7992575153054229,9,0.4400000000000001
threshold_38,threshold,3,5,5,3.1469664688077814,0.8606111311922179,9,0.48000000000000015
threshold_38,threshold,3,6,5,3.1217743759368943,0.8858032240631036,10,0.5200000000000001
threshold_38,threshold,3,7,5,3.1071305009716252,0.9004470990283757,9,0.48000000000000015
threshold_38,threshold,3,8,5,3.023746128554649,0.9838314714453493,9,0.5400000000000001
threshold_38,threshold,3,9,5,3.260177943152557,0.7473996568474429,6,0.34
threshold_38,threshold,3,0,6,3.263875376996489,0.7437022230035109,7,0.36000000000000004
threshold_38,threshold,3,1,6,3.0181477669887244,0.9894298330112749,10,0.5600000000000002
threshold_38,threshold,3,2,6,3.160819061913948,0.8467585380860538,9,0.48000000000000015
threshold_38,threshold,3,3,6,3.1355621018099633,0.8720154981900374,10,0.5000000000000001
threshold_38,threshold,3,4,6,3.122161198504192,0.8854164014958077,9,0.48000000000000015
threshold_38,threshold,3,5,6,3.1244529631671485,0.8831246368328504,9,0.48000000000000015
threshold_38,threshold,3,6,6,3.1102416213803172,0.8973359786196815,10,0.5000000000000001
threshold_38,threshold,3,7,6,3.1188265228825887,0.8887510771174104,9,0.5000000000000001
threshold_38,threshold,3,8,6,3.0312191340565118,0.9763584659434877,9,0.5200000000000001
threshold_38,threshold,3,9,6,3.2557990859953834,0.7517785140046153,7,0.36000000000000004
threshold_38,threshold,3,0,7,3.226523007089633,0.7810545929103674,7,0.34
threshold_38,threshold,3,1,7,3.0082541680012294,0.9993234319987707,10,0.5600000000000002
threshold_38,threshold,3,2,7,3.1134896459475874,0.8940879540524123,9,0.46000000000000013
threshold_38,threshold,3,3,7,3.132349210612548,0.8752283893874515,9,0.46000000000000013
threshold_38,threshold,3,4,7,3.1366658128426406,0.8709117871573596,9,0.5000000000000001
threshold_38,threshold,3,5,7,3.0839328063441647,0.9236447936558354,10,0.5000000000000001
threshold_38,threshold,3,6,7,3.083161416415007,0.9244161835849934,9,0.5000000000000001
threshold_38,threshold,3,7,7,3.0835511556099,0.9240264443901003,10,0.5200000000000001
threshold_38,threshold,3,8,7,3.005693891543689,1.0018837084563124,10,0.5600000000000002
threshold_38,threshold,3,9,7,3.2533553696346833,0.7542222303653177,8,0.36000000000000004
threshold_38,threshold,3,0,8,3.1635656418453646,0.8440119581546358,9,0.48000000000000015
threshold_38,threshold,3,1,8,2.862756369937843,1.1448212300621565,10,0.5800000000000002
threshold_38,threshold,3,2,8,2.985416072899858,1.0221615271001425,10,0.5600000000000002
threshold_38,threshold,3,3,8,3.026158767393614,0.9814188326063858,10,0.5400000000000001
threshold_38,threshold,3,4,8,3.0076937832168675,0.9998838167831327,9,0.5400000000000001
threshold_38,threshold,3,5,8,2.9718049005916733,1.0357726994083278,10,0.5800000000000002
threshold_38,threshold,3,6,8,2.9607377460653277,1.0468398539346735,10,0.5600000000000002
threshold_38,threshold,3,7,8,2.960222436433724,1.0473551635662757,10,0.5800000000000002
threshold_38,threshold,3,8,8,2.896252887786379,1.111324712213622,10,0.5800000000000002
threshold_38,threshold,3,9,8,3.1428342086136913,0.8647433913863098,9,0.48000000000000015
threshold_38,threshold,3,0,9,3.2772907565943563,0.730286843405644,5,0.25999999999999995
threshold_38,threshold,3,1,9,3.200638841635315,0.8069387583646844,8,0.4400000000000001
threshold_38,threshold,3,2,9,3.2527024250488914,0.7548751749511082,8,0.38000000000000006
threshold_38,threshold,3,3,9,3.2557742601503277,0.7518033398496726,8,0.38000000000000006
threshold_38,threshold,3,4,9,3.22424322240992,0.7833343775900798,9,0.4000000000000001
threshold_38,threshold,3,5,9,3.230777211758597,0.7768003882414029,8,0.4000000000000001
threshold_38,threshold,3,6,9,3.244266138099026,0.7633114619009733,8,0.38000000000000006
threshold_38,threshold,3,7,9,3.2362242233924103,0.7713533766075895,7,0.36000000000000004
threshold_38,threshold,3,8,9,3.1837493986390637,0.8238282013609352,9,0.48000000000000015
threshold_38,threshold,3,9,9,3.292911091040924,0.7146665089590765,5,0.23999999999999996
threshold_40,threshold,3,0,0,3.2949033340027354,0.7126742659972659,6,0.25999999999999995
threshold_40,threshold,3,1,0,3.146426565559084,0.8611510344409155,9,0.48000000000000015
threshold_40,threshold,3,2,0,3.2519519331294844,0.7556256668705151,8,0.38000000000000006
threshold_40,threshold,3,3,0,3.2389422696069885,0.7686353303930109,8,0.4000000000000001
threshold_40,threshold,3,4,0,3.2258656285701224,0.7817119714298781,8,0.36000000000000004
threshold_40,threshold,3,5,0,3.225049508270896,0.7825280917291038,8,0.4000000000000001
threshold_40,threshold,3,6,0,3.2191099340484137,0.7884676659515857,8,0.4200000000000001
threshold_40,threshold,3,7,0,3.24310373787959,0.7644738621204106,8,0.38000000000000006
threshold_40,threshold,3,8,0,3.1903235890336767,0.8172540109663241,9,0.48000000000000015
threshold_40,threshold,3,9,0,3.2951736838668446,0.7124039161331558,5,0.25999999999999995
threshold_40,threshold,3,0,1,3.1102412700755133,0.8973363299244891,9,0.5000000000000001
threshold_40,threshold,3,1,1,2.874038207898835,1.1335393921011652,10,0.5800000000000002
threshold_40,threshold,3,2,1,2.997265616513217,1.010311983486783,9,0.5600000000000002
threshold_40,threshold,3,3,1,3.0333634047414786,0.9742141952585217,10,0.5600000000000002
threshold_40,threshold,3,4,1,3.064077315333656,0.9435002846663448,10,0.5400000000000001
threshold_40,threshold,3,5,1,3.0968906966648286,0.9106869033351714,9,0.5400000000000001
threshold_40,threshold,3,6,1,3.0310294469962553,0.9765481530037451,9,0.5200000000000001
threshold_40,threshold,3,7,1,2.989925647799592,1.0176519522004077,9,0.5200000000000001
threshold_40,threshold,3,8,1,2.85791637928025,1.1496612207197492,10,0.6000000000000002
threshold_40,threshold,3,9,1,3.151666746624051,0.8559108533759481,9,0.48000000000000015
threshold_40,threshold,3,0,2,3.2486557837995624,0.7589218162004383,8,0.38000000000000006
threshold_40,threshold,3,1,2,2.9581027541511613,1.049474845848839,10,0.5600000000000002
threshold_40,threshold,3,2,2,3.063477022201123,0.9441005777988776,9,0.48000000000000015
threshold_40,threshold,3,3,2,3.0907937920140274,0.9167838079859729,9,0.46000000000000013
threshold_40,threshold,3,4,2,3.113496069291345,0.8940815307086561,9,0.5000000000000001
threshold_40,threshold,3,5,2,3.077841666403766,0.9297359335962339,9,0.5000000000000001
threshold_40,threshold,3,6,2,3.136181773430126,0.8713958265698745,9,0.48000000000000015
threshold_40,threshold,3,7,2,3.0920650153942377,0.9155125846057619,9,0.46000000000000013
threshold_40,threshold,3,8,2,2.9700132447932077,1.0375643552067917,10,0.5600000000000002
threshold_40,threshold,3,9,2,3.2183130535568107,0.7892645464431892,9,0.4200000000000001
threshold_40,threshold,3,0,3,3.2455873747631543,0.7619902252368462,8,0.36000000000000004
threshold_40,threshold,3,1,3,3.0345934844435143,0.9729841155564861,10,0.5600000000000002
threshold_40,threshold,3,2,3,3.137123657747854,0.8704539422521458,9,0.46000000000000013
threshold_40,threshold,3,3,3,3.1537891215427822,0.8537884784572195,9,0.48000000000000015
threshold_40,threshold,3,4,3,3.127234809704087,0.8803427902959147,9,0.48000000000000015
threshold_40,threshold,3,5,3,3.1476627774216146,0.8599148225783871,9,0.5000000000000001
threshold_40,threshold,3,6,3,3.1255384333571516,0.8820391666428479,9,0.48000000000000015
threshold_40,threshold,3,7,3,3.1371805327221374,0.8703970672778651,10,0.5000000000000001
threshold_40,threshold,3,8,3,3.056359271297728,0.9512183287022733,10,0.5400000000000001
threshold_40,threshold,3,9,3,3.2645142981571595,0.7430633018428411,7,0.36000000000000004
threshold_40,threshold,3,0,4,3.23631010842122,0.7712674915787798,8,0.36000000000000004
threshold_40,threshold,3,1,4,3.0277529108557744,0.9798246891442252,10,0.5400000000000001
threshold_40,threshold,3,2,4,3.1466793844009784,0.8608982155990214,9,0.46000000000000013
threshold_40,threshold,3,3,4,3.1643450401813165,0.8432325598186844,9,0.48000000000000015
threshold_40,threshold,3,4,4,3.1854835275465634,0.822094072453437,9,0.46000000000000013
threshold_40,threshold,3,5,4,3.1482305828479547,0.8593470171520465,9,0.48000000000000015
threshold_40,threshold,3,6,4,3.152296879748665,0.8552807202513354,9,0.48000000000000015
threshold_40,threshold,3,7,4,3.120759294457358,0.8868183055426423,9,0.48000000000000015
threshold_40,threshold,3,8,4,3.043672927369525,0.9639046726304757,10,0.5400000000000001
threshold_40,threshold,3,9,4,3.2505094924686104,0.7570681075313909,8,0.4000000000000001
threshold_40,threshold,3,0,5,3.2517576384875917,0.7558199615124095,7,0.36000000000000004
threshold_40,threshold,3,1,5,3.0391015057506867,0.9684760942493147,10,0.5400000000000001
threshold_40,threshold,3,2,5,3.1267645094925434,0.8808130905074575,9,0.48000000000000015
threshold_40,threshold,3,3,5,3.1127520037752734,0.8948255962247282,9,0.5000000000000001
threshold_40,threshold,3,4,5,3.189433807864922,0.8181437921350803,8,0.4400000000000001
threshold_40,threshold,3,5,5,3.1758757800405615,0.8317018199594384,9,0.46000000000000013
threshold_40,threshold,3,6,5,3.1937633749465943,0.8138142250534067,8,0.4400000000000001
threshold_40,threshold,3,7,5,3.1123327091461563,0.8952448908538436,9,0.5000000000000001
threshold_40,threshold,3,8,5,3.0570711315489634,0.9505064684510363,9,0.5200000000000001
threshold_40,threshold,3,9,5,3.241414687240033,0.7661629127599663,7,0.36000000000000004
threshold_40,threshold,3,0,6,3.264109996268045,0.7434676037319549,8,0.38000000000000006
threshold_40,threshold,3,1,6,3.0850111669066695,0.9225664330933306,9,0.5200000000000001
threshold_40,threshold,3,2,6,3.141685234243886,0.865892365756115,9,0.48000000000000015
threshold_40,threshold,3,3,6,3.1676127353349406,0.8399648646650587,8,0.46000000000000013
threshold_40,threshold,3,4,6,3.138128662790097,0.8694489372099032,9,0.48000000000000015
threshold_40,threshold,3,5,6,3.1373685169886887,0.8702090830113125,10,0.48000000000000015
threshold_40,threshold,3,6,6,3.1589295507839563,0.8486480492160432,9,0.48000000000000015
threshold_40,threshold,3,7,6,3.093931436655236,0.9136461633447636,9,0.48000000000000015
threshold_40,threshold,3,8,6,3.01678936436928,0.9907882356307199,10,0.5600000000000002
threshold_40,threshold,3,9,6,3.243419371198692,0.7641582288013079,8,0.36000000000000004
threshold_40,threshold,3,0,7,3.246870513906584,0.7607070860934166,7,0.36000000000000004
threshold_40,threshold,3,1,7,3.009842434268457,0.9977351657315434,9,0.5200000000000001
threshold_40,threshold,3,2,7,3.1519925897312784,0.8555850102687219,10,0.5000000000000001
threshold_40,threshold,3,3,7,3.1240052515349372,0.8835723484650629,9,0.48000000000000015
threshold_40,threshold,3,4,7,3.1156455707983746,0.8919320292016252,9,0.5200000000000001
threshold_40,threshold,3,5,7,3.142561062491909,0.8650165375080913,9,0.48000000000000015
threshold_40,threshold,3,6,7,3.190799864919793,0.8167777350802075,9,0.48000000000000015
threshold_40,threshold,3,7,7,3.1392469076668585,0.8683306923331402,9,0.48000000000000015
threshold_40,threshold,3,8,7,3.0075194930339455,1.0000581069660546,10,0.5400000000000001
threshold_40,threshold,3,9,7,3.24367747717808,0.7639001228219198,8,0.36000000000000004
threshold_40,threshold,3,0,8,3.1338403300627613,0.8737372699372387,9,0.5000000000000001
threshold_40,threshold,3,1,8,2.8664580984170334,1.1411195015829658,9,0.5800000000000002
threshold_40,threshold,3,2,8,2.9881026747857113,1.0194749252142892,10,0.5400000000000001
threshold_40,threshold,3,3,8,3.03213821212098,0.9754393878790206,10,0.5600000000000002
threshold_40,threshold,3,4,8,3.011037078860385,0.996540521139616,10,0.5600000000000002
threshold_40,threshold,3,5,8,3.0596786830803344,0.9478989169196669,9,0.5200000000000001
threshold_40,threshold,3,6,8,3.0486522102190285,0.9589253897809706,10,0.5400000000000001
threshold_40,threshold,3,7,8,2.97075001407873,1.0368275859212701,10,0.5600000000000002
threshold_40,threshold,3,8,8,2.8833762418493687,1.1242013581506323,10,0.5800000000000002
threshold_40,threshold,3,9,8,3.1642749434939463,0.843302656506053,9,0.46000000000000013
threshold_40,threshold,3,0,9,3.3054095963197057,0.7021680036802941,5,0.19999999999999998
threshold_40,threshold,3,1,9,3.225962363916202,0.7816152360837981,9,0.46000000000000013
threshold_40,threshold,3,2,9,3.2585537107210865,0.7490238892789133,8,0.4000000000000001
threshold_40,threshold,3,3,9,3.2446570369217103,0.7629205630782911,6,0.34
threshold_40,threshold,3,4,9,3.264575818918254,0.7430017810817454,6,0.32
threshold_40,threshold,3,5,9,3.2766873153962788,0.7308902846037215,8,0.38000000000000006
threshold_40,threshold,3,6,9,3.2507966032335083,0.756780996766492,8,0.4000000000000001
threshold_40,threshold,3,7,9,3.2122906049839326,0.7952869950160667,8,0.4200000000000001
threshold_40,threshold,3,8,9,3.1658172749467015,0.8417603250532999,9,0.48000000000000015
threshold_40,threshold,3,9,9,3.2728731463870124,0.7347044536129878,5,0.25999999999999995
threshold_39,threshold,3,0,0,3.30342036572181,0.7041572342781902,5,0.23999999999999996
threshold_39,threshold,3,1,0,3.149978814498151,0.857598785501849,9,0.48000000000000015
threshold_39,threshold,3,2,0,3.207628189349072,0.7999494106509275,8,0.4200000000000001
threshold_39,threshold,3,3,0,3.223545440943141,0.7840321590568591,8,0.4000000000000001
threshold_39,threshold,3,4,0,3.2610095447382155,0.746568055261784,7,0.38000000000000006
threshold_39,threshold,3,5,0,3.250926500486987,0.756651099513013,8,0.4000000000000001
threshold_39,threshold,3,6,0,3.2518346728301974,0.7557429271698028,8,0.38000000000000006
threshold_39,threshold,3,7,0,3.2313046885237284,0.7762729114762711,9,0.4000000000000001
threshold_39,threshold,3,8,0,3.1782310500948,0.8293465499051996,9,0.48000000000000015
threshold_39,threshold,3,9,0,3.289426483020712,0.7181511169792879,5,0.25999999999999995
threshold_39,threshold,3,0,1,3.1826643575604283,0.8249132424395725,9,0.48000000000000015
threshold_39,threshold,3,1,1,2.905957380412334,1.1016202195876674,10,0.6000000000000002
threshold_39,threshold,3,2,1,2.9492103190427956,1.058367280957204,10,0.5600000000000002
threshold_39,threshold,3,3,1,3.0315007601792745,0.9760768398207248,10,0.5600000000000002
threshold_39,threshold,3,4,1,3.090286699068049,0.9172909009319483,9,0.5400000000000001
threshold_39,threshold,3,5,1,3.039181188287464,0.9683964117125377,10,0.5400000000000001
threshold_39,threshold,3,6,1,3.0309042458226902,0.9766733541773099,10,0.5600000000000002
threshold_39,threshold,3,7,1,3.03861470362558,0.9689628963744198,10,0.5800000000000002
threshold_39,threshold,3,8,1,2.936779924316219,1.0707976756837811,10,0.5800000000000002
threshold_39,threshold,3,9,1,3.156781337453603,0.8507962625463961,9,0.5000000000000001
threshold_39,threshold,3,0,2,3.258797448584514,0.7487801514154857,8,0.36000000000000004
threshold_39,threshold,3,1,2,2.9983940224303303,1.0091835775696694,9,0.5400000000000001
threshold_39,threshold,3,2,2,3.066297331499512,0.9412802685004882,10,0.5400000000000001
threshold_39,threshold,3,3,2,3.150063045892898,0.8575145541071031,9,0.46000000000000013
threshold_39,threshold,3,4,2,3.1579968914357073,0.8495807085642934,9,0.48000000000000015
threshold_39,threshold,3,5,2,3.132473559574767,0.8751040404252316,9,0.5000000000000001
threshold_39,threshold,3,6,2,3.127381724937984,0.8801958750620178,9,0.48000000000000015
threshold_39,threshold,3,7,2,3.1202719229654856,0.8873056770345137,9,0.48000000000000015
threshold_39,threshold,3,8,2,3.055366219462355,0.9522113805376446,10,0.5600000000000002
threshold_39,threshold,3,9,2,3.2488823293172824,0.7586952706827181,7,0.36000000000000004
threshold_39,threshold,3,0,3,3.225552656745795,0.7820249432542054,7,0.4000000000000001
threshold_39,threshold,3,1,3,3.0317562464546945,0.9758213535453061,10,0.5600000000000002
threshold_39,threshold,3,2,3,3.126589056291564,0.8809885437084358,10,0.5000000000000001
threshold_39,threshold,3,3,3,3.179046152980463,0.828531447019538,8,0.4200000000000001
threshold_39,threshold,3,4,3,3.160594789446906,0.8469828105530945,9,0.48000000000000015
threshold_39,threshold,3,5,3,3.133851031176096,0.8737265688239029,9,0.48000000000000015
threshold_39,threshold,3,6,3,3.189180956653068,0.8183966433469325,8,0.46000000000000013
threshold_39,threshold,3,7,3,3.140721089573245,0.8668565104267549,9,0.48000000000000015
threshold_39,threshold,3,8,3,3.0530958544470113,0.9544817455529894,9,0.5200000000000001
threshold_39,threshold,3,9,3,3.2566914343878683,0.7508861656121316,7,0.36000000000000004
threshold_39,threshold,3,0,4,3.2290783835024173,0.7784992164975837,8,0.4000000000000001
threshold_39,threshold,3,1,4,2.98435804965084,1.0232195503491606,10,0.5800000000000002
threshold_39,threshold,3,2,4,3.1463351017922303,0.8612424982077699,9,0.48000000000000015
threshold_39,threshold,3,3,4,3.1475291510638983,0.860048448936101,9,0.5000000000000001
threshold_39,threshold,3,4,4,3.153683310141197,0.8538942898588043,9,0.5000000000000001
threshold_39,threshold,3,5,4,3.1999713045132983,0.8076062954867017,9,0.46000000000000013
threshold_39,threshold,3,6,4,3.21218336633975,0.7953942336602488,8,0.4200000000000001
threshold_39,threshold,3,7,4,3.1476952995307754,0.8598823004692239,9,0.48000000000000015
threshold_39,threshold,3,8,4,3.040464497548968,0.967113102451033,9,0.5200000000000001
threshold_39,threshold,3,9,4,3.253004883711144,0.7545727162888565,8,0.36000000000000004
threshold_39,threshold,3,0,5,3.2538943278993253,0.7536832721006747,8,0.38000000000000006
threshold_39,threshold,3,1,5,3.025530808346545,0.9820467916534549,10,0.5400000000000001
threshold_39,threshold,3,2,5,3.150090867972423,0.8574867320275767,9,0.48000000000000015
threshold_39,threshold,3,3,5,3.160308107715217,0.8472694922847834,9,0.48000000000000015
threshold_39,threshold,3,4,5,3.1825333626022063,0.8250442373977945,9,0.46000000000000013
threshold_39,threshold,3,5,5,3.1810444925202668,0.826533107479732,9,0.46000000000000013
threshold_39,threshold,3,6,5,3.165481077942737,0.8420965220572627,9,0.46000000000000013
threshold_39,threshold,3,7,5,3.1372896480200936,0.8702879519799079,9,0.46000000000000013
threshold_39,threshold,3,8,5,3.0359496221023723,0.9716279778976273,10,0.5600000000000002
threshold_39,threshold,3,9,5,3.2404148252492826,0.767162774750718,7,0.38000000000000006
threshold_39,threshold,3,0,6,3.252660750657676,0.7549168493423268,8,0.4000000000000001
threshold_39,threshold,3,1,6,3.0173738496630227,0.9902037503369774,10,0.5600000000000002
threshold_39,threshold,3,2,6,3.1229749456691827,0.8846026543308178,9,0.48000000000000015
threshold_39,threshold,3,3,6,3.142163040003112,0.865414559996889,9,0.48000000000000015
threshold_39,threshold,3,4,6,3.163878855161828,0.8436987448381712,9,0.46000000000000013
threshold_39,threshold,3,5,6,3.17662366156553,0.83095393843447,9,0.48000000000000015
threshold_39,threshold,3,6,6,3.1660610852482205,0.8415165147517789,9,0.48000000000000015
threshold_39,threshold,3,7,6,3.123399048367115,0.8841785516328845,9,0.48000000000000015
threshold_39,threshold,3,8,6,3.04786522617571,0.9597123738242904,10,0.5400000000000001
threshold_39,threshold,3,9,6,3.2639300023465196,0.7436475976534809,8,0.38000000000000006
threshold_39,threshold,3,0,7,3.251977567272262,0.755600032727739,9,0.4200000000000001
threshold_39,threshold,3,1,7,2.98642677838734,1.0211508216126608,10,0.5400000000000001
threshold_39,threshold,3,2,7,3.058919266995705,0.9486583330042965,10,0.5200000000000001
threshold_39,threshold,3,3,7,3.1128125694500772,0.8947650305499225,9,0.5000000000000001
threshold_39,threshold,3,4,7,3.1592979540064055,0.8482796459935945,9,0.48000000000000015
threshold_39,threshold,3,5,7,3.167333954442852,0.8402436455571497,9,0.48000000000000015
threshold_39,threshold,3,6,7,3.142326167943791,0.8652514320562082,9,0.46000000000000013
threshold_39,threshold,3,7,7,3.1633564028591112,0.8442211971408901,8,0.48000000000000015
threshold_39,threshold,3,8,7,3.0079800141854407,0.9995975858145567,9,0.5400000000000001
threshold_39,threshold,3,9,7,3.237120099944149,0.7704575000558515,8,0.38000000000000006
threshold_39,threshold,3,0,8,3.1581966481959167,0.8493809518040831,9,0.46000000000000013
threshold_39,threshold,3,1,8,2.8738949964866425,1.1336826035133574,10,0.5800000000000002
threshold_39,threshold,3,2,8,2.971907591774954,1.0356700082250465,10,0.5400000000000001
threshold_39,threshold,3,3,8,2.998561206856698,1.009016393143301,10,0.5600000000000002
threshold_39,threshold,3,4,8,3.020126423070459,0.987451176929541,9,0.5400000000000001
threshold_39,threshold,3,5,8,3.0260509676944283,0.9815266323055721,10,0.5600000000000002
threshold_39,threshold,3,6,8,3.0385314581101204,0.9690461418898794,9,0.5000000000000001
threshold_39,threshold,3,7,8,3.005529823034267,1.0020477769657334,10,0.5400000000000001
threshold_39,threshold,3,8,8,2.859533590765046,1.1480440092349544,10,0.6000000000000002
threshold_39,threshold,3,9,8,3.189447316385921,0.8181302836140801,9,0.46000000000000013
threshold_39,threshold,3,0,9,3.2694373729311508,0.7381402270688494,4,0.21999999999999997
threshold_39,threshold,3,1,9,3.1401087949728885,0.867468805027111,9,0.48000000000000015
threshold_39,threshold,3,2,9,3.237556286918596,0.770021313081403,9,0.4200000000000001
threshold_39,threshold,3,3,9,3.2536943214906127,0.7538832785093875,8,0.38000000000000006
threshold_39,threshold,3,4,9,3.2330827956831856,0.7744948043168155,7,0.38000000000000006
threshold_39,threshold,3,5,9,3.258748072257768,0.7488295277422308,7,0.38000000000000006
threshold_39,threshold,3,6,9,3.254289512449714,0.7532880875502865,8,0.38000000000000006
threshold_39,threshold,3,7,9,3.2413432536704327,0.7662343463295669,9,0.4000000000000001
threshold_39,threshold,3,8,9,3.1645013862248774,0.8430762137751237,9,0.5000000000000001
threshold_39,threshold,3,9,9,3.2933496838140464,0.7142279161859548,4,0.21999999999999997
threshold_42,threshold,1,0,0,3.299157520929744,0.7084200790702556,3,0.06
threshold_42,threshold,1,1,0,3.294368827715067,0.7132087722849332,7,0.14
threshold_42,threshold,1,2,0,3.31348865904151,0.6940889409584908,5,0.1
threshold_42,threshold,1,3,0,3.3169867672805675,0.6905908327194327,6,0.12000000000000001
threshold_42,threshold,1,4,0,3.3311257774861383,0.6764518225138627,5,0.1
threshold_42,threshold,1,5,0,3.2939081515422366,0.7136694484577616,5,0.1
threshold_42,threshold,1,6,0,3.2882281861771556,0.7193494138228432,5,0.1
threshold_42,threshold,1,7,0,3.3119365438341486,0.6956410561658521,5,0.1
threshold_42,threshold,1,8,0,3.3071240338363044,0.7004535661636949,6,0.12000000000000001
threshold_42,threshold,1,9,0,3.3333857818414026,0.6741918181585969,4,0.08
threshold_42,threshold,1,0,1,3.2960528028388545,0.7115247971611457,8,0.16
threshold_42,threshold,1,1,1,3.2378806183003457,0.7696969816996546,10,0.19999999999999998
threshold_42,threshold,1,2,1,3.29340265446773,0.7141749455322689,9,0.18
threshold_42,threshold,1,3,1,3.2989803114686205,0.7085972885313782,8,0.16
threshold_42,threshold,1,4,1,3.3031356746049862,0.7044419253950139,8,0.16
threshold_42,threshold,1,5,1,3.2694810768902314,0.7380965231097699,8,0.16
threshold_42,threshold,1,6,1,3.294475861590356,0.7131017384096441,8,0.16
threshold_42,threshold,1,7,1,3.3072550450061993,0.7003225549938009,8,0.16
threshold_42,threshold,1,8,1,3.249354221641242,0.7582233783587574,10,0.19999999999999998
threshold_42,threshold,1,9,1,3.296396395237015,0.7111812047629844,7,0.14
threshold_42,threshold,1,0,2,3.307129883127845,0.700447716872156,5,0.1
threshold_42,threshold,1,1,2,3.2923887906768767,0.7151888093231225,8,0.16
threshold_42,threshold,1,2,2,3.3019546000775084,0.705622999922492,6,0.12000000000000001
threshold_42,threshold,1,3,2,3.3087375501074634,0.6988400498925366,8,0.16
threshold_42,threshold,1,4,2,3.346038491506975,0.6615391084930262,7,0.14
threshold_42,threshold,1,5,2,3.308146141766045,0.6994314582339544,6,0.12000000000000001
threshold_42,threshold,1,6,2,3.3242685383406356,0.6833090616593646,7,0.14
threshold_42,threshold,1,7,2,3.3165308428458093,0.6910467571541916,7,0.14
threshold_42,threshold,1,8,2,3.2858925465421387,0.7216850534578619,9,0.18
threshold_42,threshold,1,9,2,3.3226649336047327,0.684912666395268,4,0.08
threshold_42,threshold,1,0,3,3.3174122108557227,0.6901653891442783,5,0.1
threshold_42,threshold,1,1,3,3.2788692886469217,0.7287083113530785,9,0.18
threshold_42,threshold,1,2,3,3.2969533130209876,0.7106242869790116,7,0.14
threshold_42,threshold,1,3,3,3.3421529234307137,0.6654246765692873,6,0.12000000000000001
threshold_42,threshold,1,4,3,3.3292603851769997,0.6783172148229989,7,0.14
threshold_42,threshold,1,5,3,3.303278164452944,0.7042994355470549,7,0.14
threshold_42,threshold,1,6,3,3.314428168109814,0.6931494318901865,7,0.14
threshold_42,threshold,1,7,3,3.292020691262926,0.7155569087370749,7,0.14
threshold_42,threshold,1,8,3,3.2832061682972187,0.7243714317027805,9,0.18
threshold_42,threshold,1,9,3,3.3235778695183336,0.6839997304816668,5,0.1
threshold_42,threshold,1,0,4,3.314302555748675,0.6932750442513254,5,0.1
threshold_42,threshold,1,1,4,3.2889458074210416,0.7186317925789598,8,0.16
threshold_42,threshold,1,2,4,3.2977760997188024,0.7098015002811974,8,0.16
threshold_42,threshold,1,3,4,3.3250824247349318,0.6824951752650682,7,0.14
threshold_42,threshold,1,4,4,3.3180082796313384,0.6895693203686623,6,0.12000000000000001
threshold_42,threshold,1,5,4,3.279304641625082,0.7282729583749179,7,0.14
threshold_42,threshold,1,6,4,3.3113639715423906,0.6962136284576098,7,0.14
threshold_42,threshold,1,7,4,3.3019605258927425,0.7056170741072583,6,0.12000000000000001
threshold_42,threshold,1,8,4,3.291973605733692,0.7156039942663094,8,0.16
threshold_42,threshold,1,9,4,3.3018951634691702,0.7056824365308293,4,0.08
threshold_42,threshold,1,0,5,3.3021025203860797,0.7054750796139204,5,0.1
threshold_42,threshold,1,1,5,3.296962691202356,0.7106149087976452,9,0.18
threshold_42,threshold,1,2,5,3.3158056960166604,0.6917719039833392,6,0.12000000000000001
threshold_42,threshold,1,3,5,3.3120894720425595,0.6954881279574415,6,0.12000000000000001
threshold_42,threshold,1,4,5,3.3155270994512835,0.6920505005487165,7,0.14
threshold_42,threshold,1,5,5,3.332656402885773,0.6749211971142264,7,0.14
threshold_42,threshold,1,6,5,3.3081031013035664,0.6994744986964344,6,0.12000000000000001
threshold_42,threshold,1,7,5,3.298575965694301,0.7090016343056996,6,0.12000000000000001
threshold_42,threshold,1,8,5,3.29763391076412,0.7099436892358797,8,0.16
threshold_42,threshold,1,9,5,3.320859643559445,0.6867179564405551,5,0.1
threshold_42,threshold,1,0,6,3.3066062602101716,0.7009713397898285,5,0.1
threshold_42,threshold,1,1,6,3.2973127145186893,0.710264885481311,9,0.18
threshold_42,threshold,1,2,6,3.311728807467192,0.6958487925328066,7,0.14
threshold_42,threshold,1,3,6,3.3220167406397434,0.6855608593602576,6,0.12000000000000001
threshold_42,threshold,1,4,6,3.3245592300572793,0.6830183699427214,7,0.14
threshold_42,threshold,1,5,6,3.3042148427682703,0.7033627572317289,6,0.12000000000000001
threshold_42,threshold,1,6,6,3.326791887581747,0.6807857124182524,7,0.14
threshold_42,threshold,1,7,6,3.3255555414612092,0.6820220585387908,7,0.14
threshold_42,threshold,1,8,6,3.30172304022236,0.7058545597776406,8,0.16
threshold_42,threshold,1,9,6,3.2846241435394554,0.7229534564605444,6,0.12000000000000001
threshold_42,threshold,1,0,7,3.288245358516659,0.7193322414833411,5,0.1
threshold_42,threshold,1,1,7,3.288515552747361,0.7190620472526391,8,0.16
threshold_42,threshold,1,2,7,3.3109211510769456,0.6966564489230548,6,0.12000000000000001
threshold_42,threshold,1,3,7,3.32124543976834,0.6863321602316593,6,0.12000000000000001
threshold_42,threshold,1,4,7,3.290764359682063,0.7168132403179354,6,0.12000000000000001
threshold_42,threshold,1,5,7,3.292291132760319,0.7152864672396818,6,0.12000000000000001
threshold_42,threshold,1,6,7,3.329451727925785,0.6781258720742143,6,0.12000000000000001
threshold_42,threshold,1,7,7,3.313440542542128,0.6941370574578718,7,0.14
threshold_42,threshold,1,8,7,3.294711067312964,0.7128665326870356,8,0.16
threshold_42,threshold,1,9,7,3.3158018817915247,0.6917757182084747,6,0.12000000000000001
threshold_42,threshold,1,0,8,3.288210609821698,0.7193669901783012,6,0.12000000000000001
threshold_42,threshold,1,1,8,3.21397440494111,0.7936031950588911,9,0.18
threshold_42,threshold,1,2,8,3.2815691968564438,0.7260084031435565,8,0.16
threshold_42,threshold,1,3,8,3.3058153512313817,0.7017622487686194,7,0.14
threshold_42,threshold,1,4,8,3.287603753165447,0.7199738468345522,8,0.16
threshold_42,threshold,1,5,8,3.292369807633266,0.7152077923667349,9,0.18
threshold_42,threshold,1,6,8,3.2721694200629527,0.7354081799370487,9,0.18
threshold_42,threshold,1,7,8,3.297956369736052,0.709621230263949,8,0.16
threshold_42,threshold,1,8,8,3.2427422277255062,0.764835372274493,9,0.18
threshold_42,threshold,1,9,8,3.2967775321379964,0.7108000678620033,7,0.14
threshold_42,threshold,1,0,9,3.3555084876727044,0.6520691123272948,4,0.08
threshold_42,threshold,1,1,9,3.3346529411061527,0.6729246588938479,6,0.12000000000000001
threshold_42,threshold,1,2,9,3.3139265703877228,0.6936510296122779,6,0.12000000000000001
threshold_42,threshold,1,3,9,3.323429529040195,0.6841480709598052,5,0.1
threshold_42,threshold,1,4,9,3.27849459866933,0.7290830013306697,5,0.1
threshold_42,threshold,1,5,9,3.324177446802881,0.68340015319712,5,0.1
threshold_42,threshold,1,6,9,3.2977486135004352,0.7098289864995648,5,0.1
threshold_42,threshold,1,7,9,3.3257730330935567,0.6818045669064426,5,0.1
threshold_42,threshold,1,8,9,3.306837114101634,0.7007404858983663,7,0.14
threshold_42,threshold,1,9,9,3.3117634331702313,0.6958141668297683,3,0.06
threshold_44,threshold,1,0,0,3.30840389287866,0.6991737071213401,3,0.06
threshold_44,threshold,1,1,0,3.30543136475415,0.7021462352458505,6,0.12000000000000001
threshold_44,threshold,1,2,0,3.326844741167195,0.6807328588328062,6,0.12000000000000001
threshold_44,threshold,1,3,0,3.3047980023979737,0.7027795976020278,5,0.1
threshold_44,threshold,1,4,0,3.284658534653257,0.7229190653467437,4,0.08
threshold_44,threshold,1,5,0,3.321016465474016,0.6865611345259841,5,0.1
threshold_44,threshold,1,6,0,3.33161561738681,0.6759619826131908,5,0.1
threshold_44,threshold,1,7,0,3.31226119571491,0.6953164042850907,4,0.08
threshold_44,threshold,1,8,0,3.3129154773606864,0.6946621226393142,6,0.12000000000000001
threshold_44,threshold,1,9,0,3.349873311684934,0.6577042883150669,3,0.06
threshold_44,threshold,1,0,1,3.3078300449127553,0.6997475550872453,7,0.14
threshold_44,threshold,1,1,1,3.2202949925864917,0.78728260741351,9,0.18
threshold_44,threshold,1,2,1,3.286376529761207,0.7212010702387928,9,0.18
threshold_44,threshold,1,3,1,3.2939174693077207,0.7136601306922791,8,0.16
threshold_44,threshold,1,4,1,3.282122258921847,0.7254553410781545,8,0.16
threshold_44,threshold,1,5,1,3.2832835707224195,0.724294029277581,8,0.16
threshold_44,threshold,1,6,1,3.304471887065933,0.7031057129340671,8,0.16
threshold_44,threshold,1,7,1,3.3032845242524327,0.7042930757475676,9,0.18
threshold_44,threshold,1,8,1,3.259004808101465,0.7485727918985352,9,0.18
threshold_44,threshold,1,9,1,3.3208043364757707,0.6867732635242286,7,0.14
threshold_44,threshold,1,0,2,3.312540828513754,0.6950367714862467,6,0.12000000000000001
threshold_44,threshold,1,1,2,3.3008488404239587,0.7067287595760415,8,0.16
threshold_44,threshold,1,2,2,3.301571447962339,0.7060061520376619,8,0.16
threshold_44,threshold,1,3,2,3.309120385744285,0.6984572142557152,7,0.14
threshold_44,threshold,1,4,2,3.321726200861396,0.6858513991386032,7,0.14
threshold_44,threshold,1,5,2,3.3041820560900015,0.7033955439099975,7,0.14
threshold_44,threshold,1,6,2,3.298003691627792,0.709573908372209,6,0.12000000000000001
threshold_44,threshold,1,7,2,3.3096517339623626,0.6979258660376383,7,0.14
threshold_44,threshold,1,8,2,3.2828244843552286,0.7247531156447725,8,0.16
threshold_44,threshold,1,9,2,3.293359033743463,0.7142185662565365,5,0.1
threshold_44,threshold,1,0,3,3.307532110030932,0.7000454899690671,5,0.1
threshold_44,threshold,1,1,3,3.2843567530657323,0.7232208469342679,8,0.16
threshold_44,threshold,1,2,3,3.293069166664594,0.7145084333354059,6,0.12000000000000001
threshold_44,threshold,1,3,3,3.3043618546940388,0.7032157453059625,7,0.14
threshold_44,threshold,1,4,3,3.3328776454188893,0.6746999545811118,6,0.12000000000000001
threshold_44,threshold,1,5,3,3.328504493283369,0.6790731067166316,7,0.14
threshold_44,threshold,1,6,3,3.2897469021057466,0.717830697894255,7,0.14
threshold_44,threshold,1,7,3,3.294349892569908,0.7132277074300913,7,0.14
threshold_44,threshold,1,8,3,3.2888792316652244,0.7186983683347766,9,0.18
threshold_44,threshold,1,9,3,3.320599181381334,0.6869784186186659,5,0.1
threshold_44,threshold,1,0,4,3.312450008032089,0.6951275919679122,6,0.12000000000000001
threshold_44,threshold,1,1,4,3.282861022578033,0.7247165774219666,8,0.16
threshold_44,threshold,1,2,4,3.2987695510989936,0.7088080489010058,7,0.14
threshold_44,threshold,1,3,4,3.30217412544283,0.7054034745571682,6,0.12000000000000001
threshold_44,threshold,1,4,4,3.307975765208991,0.6996018347910089,7,0.14
threshold_44,threshold,1,5,4,3.3461972613144595,0.661380338685541,6,0.12000000000000001
threshold_44,threshold,1,6,4,3.309433247196965,0.698144352803036,7,0.14
threshold_44,threshold,1,7,4,3.2937190211461966,0.7138585788538037,7,0.14
threshold_44,threshold,1,8,4,3.3103249294915322,0.6972526705084685,9,0.18
threshold_44,threshold,1,9,4,3.3197785372882085,0.6877990627117917,4,0.08
threshold_44,threshold,1,0,5,3.2870470560399156,0.720530543960084,5,0.1
threshold_44,threshold,1,1,5,3.272297387996632,0.7352802120033677,9,0.18
threshold_44,threshold,1,2,5,3.3031578340544745,0.7044197659455249,7,0.14
threshold_44,threshold,1,3,5,3.335606514336408,0.6719710856635923,7,0.14
threshold_44,threshold,1,4,5,3.325587140790372,0.6819904592096273,7,0.14
threshold_44,threshold,1,5,5,3.312333685436612,0.6952439145633875,7,0.14
threshold_44,threshold,1,6,5,3.2917480478417764,0.7158295521582241,6,0.12000000000000001
threshold_44,threshold,1,7,5,3.324109855811719,0.6834677441882825,6,0.12000000000000001
threshold_44,threshold,1,8,5,3.2858565201389243,0.721721079861076,9,0.18
threshold_44,threshold,1,9,5,3.3209867143201195,0.6865908856798785,5,0.1
threshold_44,threshold,1,0,6,3.282491407733845,0.7250861922661548,5,0.1
threshold_44,threshold,1,1,6,3.279608848699047,0.7279687513009541,9,0.18
threshold_44,threshold,1,2,6,3.2994603940362506,0.7081172059637498,7,0.14
threshold_44,threshold,1,3,6,3.303164006755385,0.7044135932446153,6,0.12000000000000001
threshold_44,threshold,1,4,6,3.322446465847509,0.6851311341524909,7,0.14
threshold_44,threshold,1,5,6,3.306749181382342,0.7008284186176565,8,0.16
threshold_44,threshold,1,6,6,3.3071981840177673,0.7003794159822347,7,0.14
threshold_44,threshold,1,7,6,3.2859405430700246,0.7216370569299743,6,0.12000000000000001
threshold_44,threshold,1,8,6,3.274807294308031,0.7327703056919698,9,0.18
threshold_44,threshold,1,9,6,3.3373043435370073,0.6702732564629917,5,0.1
threshold_44,threshold,1,0,7,3.2925579285507713,0.7150196714492282,5,0.1
threshold_44,threshold,1,1,7,3.306309257990419,0.7012683420095814,9,0.18
threshold_44,threshold,1,2,7,3.2872541559995434,0.7203234440004581,7,0.14
threshold_44,threshold,1,3,7,3.315891702020237,0.691685897979763,7,0.14
threshold_44,threshold,1,4,7,3.2966906032157755,0.7108869967842238,7,0.14
threshold_44,threshold,1,5,7,3.2996349836534433,0.7079426163465561,8,0.16
threshold_44,threshold,1,6,7,3.304295722352166,0.7032818776478353,8,0.16
threshold_44,threshold,1,7,7,3.28849864086581,0.7190789591341907,6,0.12000000000000001
threshold_44,threshold,1,8,7,3.29752836962173,0.7100492303782713,9,0.18
threshold_44,threshold,1,9,7,3.33680654621987,0.6707710537801284,5,0.1
threshold_44,threshold,1,0,8,3.3230393037436476,0.6845382962563543,7,0.14
threshold_44,threshold,1,1,8,3.2242069847594816,0.7833706152405195,10,0.19999999999999998
threshold_44,threshold,1,2,8,3.3071555442335,0.7004220557665007,8,0.16
threshold_44,threshold,1,3,8,3.2888828513458312,0.7186947486541666,9,0.18
threshold_44,threshold,1,4,8,3.283618457953511,0.7239591420464889,8,0.16
threshold_44,threshold,1,5,8,3.3091606162088625,0.6984169837911374,9,0.18
threshold_44,threshold,1,6,8,3.2816039691634495,0.7259736308365488,8,0.16
threshold_44,threshold,1,7,8,3.272936510438839,0.7346410895611609,8,0.16
threshold_44,threshold,1,8,8,3.224386584654979,0.7831910153450218,9,0.18
threshold_44,threshold,1,9,8,3.305088610358885,0.7024889896411155,7,0.14
threshold_44,threshold,1,0,9,3.27300281683324,0.73457478316676,3,0.06
threshold_44,threshold,1,1,9,3.29099532986277,0.7165822701372305,7,0.14
threshold_44,threshold,1,2,9,3.3066459708337583,0.700931629166242,5,0.1
threshold_44,threshold,1,3,9,3.2980618311910934,0.7095157688089069,6,0.12000000000000001
threshold_44,threshold,1,4,9,3.294636433231561,0.7129411667684384,5,0.1
threshold_44,threshold,1,5,9,3.339702540095661,0.6678750599043396,5,0.1
threshold_44,threshold,1,6,9,3.3311222069215445,0.6764553930784564,5,0.1
threshold_44,threshold,1,7,9,3.279467213026826,0.7281103869731743,5,0.1
threshold_44,threshold,1,8,9,3.298413358881386,0.7091642411186136,6,0.12000000000000001
threshold_44,threshold,1,9,9,3.298137063362418,0.7094405366375821,3,0.06
threshold_43,threshold,1,0,0,3.3431353349637187,0.6644422650362811,4,0.08
threshold_43,threshold,1,1,0,3.3053533192220703,0.7022242807779303,7,0.14
threshold_43,threshold,1,2,0,3.3256333335577057,0.6819442664422962,5,0.1
threshold_43,threshold,1,3,0,3.334134666013852,0.6734429339861486,5,0.1
threshold_43,threshold,1,4,0,3.315523647073423,0.6920539529265765,6,0.12000000000000001
threshold_43,threshold,1,5,0,3.2972222365350627,0.7103553634649391,6,0.12000000000000001
threshold_43,threshold,1,6,0,3.306049630612408,0.7015279693875925,5,0.1
threshold_43,threshold,1,7,0,3.320892783453532,0.6866848165464677,6,0.12000000000000001
threshold_43,threshold,1,8,0,3.314440369330169,0.6931372306698315,8,0.16
threshold_43,threshold,1,9,0,3.289750893492985,0.7178267065070161,3,0.06
threshold_43,threshold,1,0,1,3.314284786819829,0.6932928131801706,7,0.14
threshold_43,threshold,1,1,1,3.2194261867555065,0.7881514132444929,10,0.19999999999999998
threshold_43,threshold,1,2,1,3.2916313435027678,0.7159462564972341,8,0.16
threshold_43,threshold,1,3,1,3.3043280925184995,0.7032495074815011,8,0.16
threshold_43,threshold,1,4,1,3.2772275508062005,0.7303500491938009,8,0.16
threshold_43,threshold,1,5,1,3.2879042221632533,0.7196733778367461,9,0.18
threshold_43,threshold,1,6,1,3.297905658942608,0.7096719410573933,9,0.18
threshold_43,threshold,1,7,1,3.2791330931345954,0.7284445068654047,8,0.16
threshold_43,threshold,1,8,1,3.230288234100119,0.7772893658998807,10,0.19999999999999998
threshold_43,threshold,1,9,1,3.2805967947587718,0.7269808052412279,7,0.14
threshold_43,threshold,1,0,2,3.2912536439332514,0.7163239560667495,5,0.1
threshold_43,threshold,1,1,2,3.2889076354555264,0.7186699645444741,9,0.18
threshold_43,threshold,1,2,2,3.309284476967926,0.6982931230320738,7,0.14
threshold_43,threshold,1,3,2,3.3039782768828134,0.703599323117187,7,0.14
threshold_43,threshold,1,4,2,3.299540366055883,0.7080372339441193,7,0.14
threshold_43,threshold,1,5,2,3.317013934025589,0.690563665974411,6,0.12000000000000001
threshold_43,threshold,1,6,2,3.3181872425233143,0.6893903574766869,7,0.14
threshold_43,threshold,1,7,2,3.3014906088434253,0.7060869911565747,8,0.16
threshold_43,threshold,1,8,2,3.275523671023969,0.7320539289760304,9,0.18
threshold_43,threshold,1,9,2,3.295539593069289,0.7120380069307113,5,0.1
threshold_43,threshold,1,0,3,3.300759804983562,0.7068177950164385,6,0.12000000000000001
threshold_43,threshold,1,1,3,3.2707374368800357,0.7368401631199637,9,0.18
threshold_43,threshold,1,2,3,3.3089279110346475,0.6986496889653531,8,0.16
threshold_43,threshold,1,3,3,3.294863848072307,0.7127137519276934,7,0.14
threshold_43,threshold,1,4,3,3.3076020360886407,0.6999755639113604,7,0.14
threshold_43,threshold,1,5,3,3.324954099748932,0.6826235002510681,7,0.14
threshold_43,threshold,1,6,3,3.303297174380902,0.7042804256190981,7,0.14
threshold_43,threshold,1,7,3,3.3139315626422947,0.6936460373577051,8,0.16
threshold_43,threshold,1,8,3,3.306742867020237,0.7008347329797642,9,0.18
threshold_43,threshold,1,9,3,3.305167932479285,0.7024096675207143,5,0.1
threshold_43,threshold,1,0,4,3.2962585143998475,0.7113190856001514,4,0.08
threshold_43,threshold,1,1,4,3.2946185621647817,0.7129590378352181,9,0.18
threshold_43,threshold,1,2,4,3.300919948753706,0.7066576512462923,8,0.16
threshold_43,threshold,1,3,4,3.291852575441709,0.7157250245582907,8,0.16
threshold_43,threshold,1,4,4,3.309593213627526,0.6979843863724744,8,0.16
threshold_43,threshold,1,5,4,3.296854887814429,0.7107227121855713,7,0.14
threshold_43,threshold,1,6,4,3.3093190357651303,0.6982585642348689,7,0.14
threshold_43,threshold,1,7,4,3.3122815372779453,0.6952960627220555,7,0.14
threshold_43,threshold,1,8,4,3.266218980107557,0.7413586198924442,9,0.18
threshold_43,threshold,1,9,4,3.3152086675864756,0.6923689324135233,5,0.1
threshold_43,threshold,1,0,5,3.311184648613679,0.6963929513863215,5,0.1
threshold_43,threshold,1,1,5,3.2839364995128535,0.7236411004871459,8,0.16
threshold_43,threshold,1,2,5,3.2885598039543154,0.719017796045685,8,0.16
threshold_43,threshold,1,3,5,3.305056311241899,0.7025212887580993,7,0.14
threshold_43,threshold,1,4,5,3.317412475888706,0.6901651241112943,7,0.14
threshold_43,threshold,1,5,5,3.324532726532611,0.6830448734673896,6,0.12000000000000001
threshold_43,threshold,1,6,5,3.3042852882919185,0.7032923117080822,6,0.12000000000000001
threshold_43,threshold,1,7,5,3.2938371295261777,0.7137404704738224,7,0.14
threshold_43,threshold,1,8,5,3.279121738190327,0.7284558618096725,8,0.16
threshold_43,threshold,1,9,5,3.2952625341752912,0.7123150658247103,6,0.12000000000000001
threshold_43,threshold,1,0,6,3.3296968653533487,0.6778807346466514,5,0.1
threshold_43,threshold,1,1,6,3.2947939970464337,0.7127836029535654,8,0.16
threshold_43,threshold,1,2,6,3.3266602264999574,0.6809173735000437,7,0.14
threshold_43,threshold,1,3,6,3.2962818660814857,0.7112957339185144,7,0.14
threshold_43,threshold,1,4,6,3.2971099358576987,0.7104676641423021,7,0.14
threshold_43,threshold,1,5,6,3.2930637370941076,0.7145138629058918,7,0.14
threshold_43,threshold,1,6,6,3.308242496526734,0.699335103473267,8,0.16
threshold_43,threshold,1,7,6,3.2950972778211276,0.7124803221788727,7,0.14
threshold_43,threshold,1,8,6,3.298189568499332,0.7093880315006669,7,0.14
threshold_43,threshold,1,9,6,3.2979352509191315,0.7096423490808685,6,0.12000000000000001
threshold_43,threshold,1,0,7,3.3195071663366043,0.6880704336633957,4,0.08
threshold_43,threshold,1,1,7,3.306259669935274,0.7013179300647261,9,0.18
threshold_43,threshold,1,2,7,3.2962376943531257,0.7113399056468737,7,0.14
threshold_43,threshold,1,3,7,3.330210277860561,0.6773673221394387,7,0.14
threshold_43,threshold,1,4,7,3.2978762449764067,0.7097013550235952,8,0.16
threshold_43,threshold,1,5,7,3.3035859401987513,0.7039916598012489,7,0.14
threshold_43,threshold,1,6,7,3.3098811951377294,0.6976964048622715,8,0.16
threshold_43,threshold,1,7,7,3.2920339246756534,0.7155436753243472,6,0.12000000000000001
threshold_43,threshold,1,8,7,3.275392978546152,0.7321846214538487,8,0.16
threshold_43,threshold,1,9,7,3.301878898283247,0.705698701716753,5,0.1
threshold_43,threshold,1,0,8,3.322064474114523,0.6855131258854767,7,0.14
threshold_43,threshold,1,1,8,3.2331290689144017,0.7744485310855997,9,0.18
threshold_43,threshold,1,2,8,3.269655025849783,0.7379225741502176,9,0.18
threshold_43,threshold,1,3,8,3.276553368636562,0.7310242313634393,8,0.16
threshold_43,threshold,1,4,8,3.2871884833085505,0.7203891166914501,8,0.16
threshold_43,threshold,1,5,8,3.295854834356835,0.7117227656431662,8,0.16
threshold_43,threshold,1,6,8,3.274181890081778,0.7333957099182224,9,0.18
threshold_43,threshold,1,7,8,3.2663006501109613,0.74127694988904,9,0.18
threshold_43,threshold,1,8,8,3.2119964956030733,0.7955811043969274,9,0.18
threshold_43,threshold,1,9,8,3.2859102293368925,0.7216673706631076,7,0.14
threshold_43,threshold,1,0,9,3.3203883901309683,0.6871892098690299,4,0.08
threshold_43,threshold,1,1,9,3.2965043355742827,0.7110732644257174,8,0.16
threshold_43,threshold,1,2,9,3.320930966673693,0.6866466333263074,6,0.12000000000000001
threshold_43,threshold,1,3,9,3.3021046020683276,0.7054729979316728,5,0.1
threshold_43,threshold,1,4,9,3.31815587491474,0.6894217250852596,5,0.1
threshold_43,threshold,1,5,9,3.300993819647729,0.7065837803522713,6,0.12000000000000001
threshold_43,threshold,1,6,9,3.325131785810269,0.6824458141897308,5,0.1
threshold_43,threshold,1,7,9,3.281490253219013,0.726087346780986,6,0.12000000000000001
threshold_43,threshold,1,8,9,3.3008662505708957,0.7067113494291032,8,0.16
threshold_43,threshold,1,9,9,3.306249321184233,0.7013282788157672,3,0.06
threshold_42,threshold,2,0,0,3.3110087819256484,0.696568818074351,4,0.14
threshold_42,threshold,2,1,0,3.26599826216634,0.7415793378336596,8,0.3
threshold_42,threshold,2,2,0,3.2721627762219616,0.7354148237780374,7,0.23999999999999996
threshold_42,threshold,2,3,0,3.2709913928791003,0.7365862071209,7,0.25999999999999995
threshold_42,threshold,2,4,0,3.2785429837235296,0.7290346162764705,7,0.23999999999999996
threshold_42,threshold,2,5,0,3.2770939379964537,0.7304836620035461,6,0.21999999999999997
threshold_42,threshold,2,6,0,3.2674974577729463,0.7400801422270531,6,0.21999999999999997
threshold_42,threshold,2,7,0,3.309265826544522,0.6983117734554776,6,0.21999999999999997
threshold_42,threshold,2,8,0,3.2623039515415577,0.7452736484584426,8,0.27999999999999997
threshold_42,threshold,2,9,0,3.291127340476433,0.7164502595235672,4,0.16
threshold_42,threshold,2,0,1,3.2737181010099863,0.7338594989900126,8,0.32
threshold_42,threshold,2,1,1,3.062880500699144,0.9446970993008578,10,0.4000000000000001
threshold_42,threshold,2,2,1,3.200816432805729,0.8067611671942708,10,0.38000000000000006
threshold_42,threshold,2,3,1,3.2038733601223406,0.8037042398776588,9,0.34
threshold_42,threshold,2,4,1,3.1979203131313505,0.8096572868686494,9,0.34
threshold_42,threshold,2,5,1,3.211545073183966,0.7960325268160346,10,0.36000000000000004
threshold_42,threshold,2,6,1,3.195148111097173,0.8124294889028264,9,0.34
threshold_42,threshold,2,7,1,3.1593342872166947,0.848243312783306,10,0.36000000000000004
threshold_42,threshold,2,8,1,3.0906544295624747,0.9169231704375257,9,0.38000000000000006
threshold_42,threshold,2,9,1,3.2538458556026204,0.7537317443973796,8,0.3
threshold_42,threshold,2,0,2,3.292244667069445,0.7153329329305559,6,0.21999999999999997
threshold_42,threshold,2,1,2,3.21176428592865,0.7958133140713514,9,0.34
threshold_42,threshold,2,2,2,3.2736570309739528,0.7339205690260481,8,0.27999999999999997
threshold_42,threshold,2,3,2,3.2572475441933055,0.7503300558066947,8,0.32
threshold_42,threshold,2,4,2,3.2692852539566815,0.7382923460433183,8,0.3
threshold_42,threshold,2,5,2,3.274386422000769,0.733191177999233,8,0.27999999999999997
threshold_42,threshold,2,6,2,3.25919218937453,0.7483854106254699,9,0.32
threshold_42,threshold,2,7,2,3.256784589923126,0.7507930100768725,9,0.32
threshold_42,threshold,2,8,2,3.1726887022547685,0.8348888977452318,9,0.36000000000000004
threshold_42,threshold,2,9,2,3.299653345389332,0.7079242546106675,6,0.19999999999999998
threshold_42,threshold,2,0,3,3.2953766509322424,0.7122009490677587,7,0.23999999999999996
threshold_42,threshold,2,1,3,3.1632669381091465,0.844310661890853,10,0.38000000000000006
threshold_42,threshold,2,2,3,3.2570138605333323,0.7505637394666677,8,0.3
threshold_42,threshold,2,3,3,3.2686841802922078,0.7388934197077918,7,0.25999999999999995
threshold_42,threshold,2,4,3,3.2620127946939568,0.7455648053060433,9,0.32
threshold_42,threshold,2,5,3,3.2496102078671076,0.7579673921328923,8,0.3
threshold_42,threshold,2,6,3,3.274659685659182,0.7329179143408174,8,0.3
threshold_42,threshold,2,7,3,3.2584539856807955,0.7491236143192046,8,0.3
threshold_42,threshold,2,8,3,3.2019768563924464,0.8056007436075525,9,0.36000000000000004
threshold_42,threshold,2,9,3,3.2937421444258845,0.7138354555741148,6,0.21999999999999997
threshold_42,threshold,2,0,4,3.2768704319787334,0.730707168021266,7,0.23999999999999996
threshold_42,threshold,2,1,4,3.199115304818335,0.8084622951816641,9,0.34
threshold_42,threshold,2,2,4,3.2677633609408776,0.7398142390591224,7,0.3
threshold_42,threshold,2,3,4,3.2580990223819373,0.749478577618063,8,0.3
threshold_42,threshold,2,4,4,3.2761887601250717,0.7313888398749301,8,0.27999999999999997
threshold_42,threshold,2,5,4,3.2686862123749947,0.7388913876250046,8,0.3
threshold_42,threshold,2,6,4,3.250532067871564,0.7570455321284366,8,0.3
threshold_42,threshold,2,7,4,3.2739308352201704,0.7336467647798299,8,0.27999999999999997
threshold_42,threshold,2,8,4,3.243429151398708,0.7641484486012936,9,0.34
threshold_42,threshold,2,9,4,3.292503733548346,0.7150738664516539,6,0.19999999999999998
threshold_42,threshold,2,0,5,3.3026595936124146,0.7049180063875855,7,0.23999999999999996
threshold_42,threshold,2,1,5,3.1609057289091496,0.8466718710908507,9,0.36000000000000004
threshold_42,threshold,2,2,5,3.2722027414244885,0.7353748585755117,8,0.27999999999999997
threshold_42,threshold,2,3,5,3.260380475849075,0.7471971241509257,8,0.27999999999999997
threshold_42,threshold,2,4,5,3.275558801909844,0.7320187980901562,7,0.27999999999999997
threshold_42,threshold,2,5,5,3.266643891298759,0.7409337087012419,8,0.3
threshold_42,threshold,2,6,5,3.2497928965503458,0.757784703449654,8,0.27999999999999997
threshold_42,threshold,2,7,5,3.2610323412589257,0.7465452587410747,8,0.27999999999999997
threshold_42,threshold,2,8,5,3.191825120431848,0.8157524795681511,9,0.34
threshold_42,threshold,2,9,5,3.290332307729379,0.7172452922706216,6,0.21999999999999997
threshold_42,threshold,2,0,6,3.289126111867122,0.7184514881328774,6,0.21999999999999997
threshold_42,threshold,2,1,6,3.201337924637688,0.8062396753623129,10,0.38000000000000006
threshold_42,threshold,2,2,6,3.2521353279805743,0.7554422720194256,9,0.32
threshold_42,threshold,2,3,6,3.2861877677153375,0.7213898322846625,8,0.27999999999999997
threshold_42,threshold,2,4,6,3.275268174861267,0.7323094251387327,8,0.3
threshold_42,threshold,2,5,6,3.2805876610372815,0.7269899389627189,9,0.3
threshold_42,threshold,2,6,6,3.260102915715334,0.7474746842846655,8,0.3
threshold_42,threshold,2,7,6,3.242902885703273,0.7646747142967283,9,0.32
threshold_42,threshold,2,8,6,3.2022750696212787,0.8053025303787211,9,0.34
threshold_42,threshold,2,9,6,3.306362287115572,0.7012153128844287,6,0.23999999999999996
threshold_42,threshold,2,0,7,3.3070570638979464,0.7005205361020539,7,0.23999999999999996
threshold_42,threshold,2,1,7,3.1840082490981265,0.8235693509018739,10,0.36000000000000004
threshold_42,threshold,2,2,7,3.2617945055563804,0.7457830944436205,8,0.27999999999999997
threshold_42,threshold,2,3,7,3.2645041864448268,0.7430734135551742,8,0.27999999999999997
threshold_42,threshold,2,4,7,3.257547376065052,0.750030223934947,8,0.27999999999999997
threshold_42,threshold,2,5,7,3.24932387721901,0.7582537227809897,9,0.3
threshold_42,threshold,2,6,7,3.2483448875223275,0.7592327124776732,9,0.3
threshold_42,threshold,2,7,7,3.252696153187549,0.7548814468124512,9,0.32
threshold_42,threshold,2,8,7,3.2172074938477637,0.7903701061522358,9,0.34
threshold_42,threshold,2,9,7,3.2763391033767717,0.7312384966232282,6,0.23999999999999996
threshold_42,threshold,2,0,8,3.261979584127592,0.7455980158724063,8,0.27999999999999997
threshold_42,threshold,2,1,8,3.1229142030347226,0.8846633969652778,10,0.38000000000000006
threshold_42,threshold,2,2,8,3.210148868206305,0.7974287317936951,9,0.34
threshold_42,threshold,2,3,8,3.231019426806842,0.7765581731931576,9,0.32
threshold_42,threshold,2,4,8,3.199983629656195,0.8075939703438065,9,0.34
threshold_42,threshold,2,5,8,3.182888488767798,0.824689111232203,10,0.38000000000000006
threshold_42,threshold,2,6,8,3.1948168866551705,0.8127607133448297,10,0.38000000000000006
threshold_42,threshold,2,7,8,3.149770297631134,0.8578073023688662,10,0.36000000000000004
threshold_42,threshold,2,8,8,3.1159758655395273,0.8916017344604733,10,0.38000000000000006
threshold_42,threshold,2,9,8,3.2524260423385094,0.7551515576614903,8,0.3
threshold_42,threshold,2,0,9,3.3276645376223737,0.6799130623776256,4,0.16
threshold_42,threshold,2,1,9,3.294295183432162,0.7132824165678393,8,0.27999999999999997
threshold_42,threshold,2,2,9,3.276654280465024,0.7309233195349769,6,0.23999999999999996
threshold_42,threshold,2,3,9,3.2938859673607794,0.7136916326392209,6,0.21999999999999997
threshold_42,threshold,2,4,9,3.2972549793450234,0.7103226206549778,6,0.21999999999999997
threshold_42,threshold,2,5,9,3.2935276693457447,0.7140499306542553,7,0.23999999999999996
threshold_42,threshold,2,6,9,3.2712247656629247,0.736352834337076,6,0.21999999999999997
threshold_42,threshold,2,7,9,3.292109961972291,0.715467638027708,6,0.21999999999999997
threshold_42,threshold,2,8,9,3.2603837217167264,0.7471938782832738,8,0.3
threshold_42,threshold,2,9,9,3.2909698996982257,0.7166077003017736,3,0.12000000000000001
threshold_44,threshold,2,0,0,3.2778084484555206,0.7297691515444783,4,0.14
threshold_44,threshold,2,1,0,3.293042532140604,0.7145350678593968,8,0.27999999999999997
threshold_44,threshold,2,2,0,3.2600538387216216,0.7475237612783789,7,0.25999999999999995
threshold_44,threshold,2,3,0,3.260087008167698,0.7474905918323012,6,0.21999999999999997
threshold_44,threshold,2,4,0,3.3012381857506927,0.7063394142493071,7,0.21999999999999997
threshold_44,threshold,2,5,0,3.2872946428311143,0.7202829571688844,6,0.21999999999999997
threshold_44,threshold,2,6,0,3.2987456266303794,0.7088319733696209,6,0.21999999999999997
threshold_44,threshold,2,7,0,3.2876041079171827,0.7199734920828178,6,0.19999999999999998
threshold_44,threshold,2,8,0,3.248053401742903,0.7595241982570992,8,0.27999999999999997
threshold_44,threshold,2,9,0,3.3046508674941273,0.7029267325058731,4,0.14
threshold_44,threshold,2,0,1,3.2675886173934487,0.7399889826065517,7,0.27999999999999997
threshold_44,threshold,2,1,1,3.1041710823691635,0.9034065176308365,10,0.38000000000000006
threshold_44,threshold,2,2,1,3.1851742824910043,0.8224033175089962,9,0.36000000000000004
threshold_44,threshold,2,3,1,3.1764285538939028,0.8311490461060987,9,0.34
threshold_44,threshold,2,4,1,3.2007899495118104,0.8067876504881902,9,0.34
threshold_44,threshold,2,5,1,3.182922543397629,0.8246550566023718,10,0.36000000000000004
threshold_44,threshold,2,6,1,3.1880670979648515,0.8195105020351491,10,0.36000000000000004
threshold_44,threshold,2,7,1,3.20127879263351,0.8062988073664903,9,0.36000000000000004
threshold_44,threshold,2,8,1,3.109526142177245,0.8980514578227553,10,0.38000000000000006
threshold_44,threshold,2,9,1,3.2558610509499166,0.751716549050085,8,0.3
threshold_44,threshold,2,0,2,3.297356360788169,0.7102212392118307,7,0.25999999999999995
threshold_44,threshold,2,1,2,3.2270001712310745,0.7805774287689247,9,0.34
threshold_44,threshold,2,2,2,3.240644525593855,0.7669330744061448,9,0.34
threshold_44,threshold,2,3,2,3.258891245894521,0.7486863541054796,8,0.3
threshold_44,threshold,2,4,2,3.2477275279901963,0.7598500720098023,7,0.27999999999999997
threshold_44,threshold,2,5,2,3.24869871122599,0.7588788887740097,8,0.3
threshold_44,threshold,2,6,2,3.2545939848398273,0.7529836151601731,9,0.3
threshold_44,threshold,2,7,2,3.233982664960282,0.7735949350397193,9,0.32
threshold_44,threshold,2,8,2,3.170190916981415,0.8373866830185855,10,0.36000000000000004
threshold_44,threshold,2,9,2,3.2893063973859755,0.7182712026140253,7,0.23999999999999996
threshold_44,threshold,2,0,3,3.2818347236226324,0.7257428763773682,6,0.21999999999999997
threshold_44,threshold,2,1,3,3.206662906509379,0.8009146934906225,9,0.34
threshold_44,threshold,2,2,3,3.259924089083833,0.747653510916168,8,0.27999999999999997
threshold_44,threshold,2,3,3,3.236801959826608,0.7707756401733914,8,0.3
threshold_44,threshold,2,4,3,3.27144297975887,0.7361346202411282,8,0.27999999999999997
threshold_44,threshold,2,5,3,3.2822977377751035,0.7252798622248957,8,0.3
threshold_44,threshold,2,6,3,3.2654415840381144,0.7421360159618875,8,0.3
threshold_44,threshold,2,7,3,3.234829344598196,0.7727482554018035,9,0.32
threshold_44,threshold,2,8,3,3.221659260176123,0.7859183398238777,9,0.36000000000000004
threshold_44,threshold,2,9,3,3.2629608161670514,0.7446167838329495,7,0.23999999999999996
threshold_44,threshold,2,0,4,3.2673338714707003,0.7402437285293003,7,0.25999999999999995
threshold_44,threshold,2,1,4,3.2056611611916783,0.8019164388083215,9,0.34
threshold_44,threshold,2,2,4,3.2417642047617057,0.7658133952382948,8,0.3
threshold_44,threshold,2,3,4,3.259710922330676,0.7478666776693246,7,0.25999999999999995
threshold_44,threshold,2,4,4,3.270444822310169,0.7371327776898318,8,0.3
threshold_44,threshold,2,5,4,3.2804763417787486,0.7271012582212535,8,0.27999999999999997
threshold_44,threshold,2,6,4,3.266907501831708,0.7406700981682913,8,0.3
threshold_44,threshold,2,7,4,3.2634350289512195,0.7441425710487799,9,0.32
threshold_44,threshold,2,8,4,3.2123525819226018,0.7952250180773983,10,0.38000000000000006
threshold_44,threshold,2,9,4,3.2938259884468297,0.7137516115531715,6,0.19999999999999998
threshold_44,threshold,2,0,5,3.3031204036043333,0.7044571963956664,7,0.23999999999999996
threshold_44,threshold,2,1,5,3.173035154165967,0.8345424458340328,10,0.38000000000000006
threshold_44,threshold,2,2,5,3.25317083661298,0.7544067633870201,8,0.3
threshold_44,threshold,2,3,5,3.2499379535195363,0.7576396464804652,8,0.3
threshold_44,threshold,2,4,5,3.249783245669316,0.7577943543306848,8,0.3
threshold_44,threshold,2,5,5,3.27805165999225,0.7295259400077493,8,0.3
threshold_44,threshold,2,6,5,3.2606798697017174,0.7468977302982823,8,0.27999999999999997
threshold_44,threshold,2,7,5,3.263616754840938,0.7439608451590626,7,0.25999999999999995
threshold_44,threshold,2,8,5,3.1756319776710984,0.8319456223289013,9,0.36000000000000004
threshold_44,threshold,2,9,5,3.2760666990119343,0.7315109009880658,6,0.21999999999999997
threshold_44,threshold,2,0,6,3.304430627123735,0.7031469728762657,7,0.23999999999999996
threshold_44,threshold,2,1,6,3.176101147691598,0.8314764523084016,9,0.36000000000000004
threshold_44,threshold,2,2,6,3.2568483903587966,0.7507292096412043,7,0.27999999999999997
threshold_44,threshold,2,3,6,3.2588372893714777,0.7487403106285231,8,0.27999999999999997
threshold_44,threshold,2,4,6,3.2633231880908102,0.7442544119091892,8,0.3
threshold_44,threshold,2,5,6,3.2831662065049874,0.7244113934950118,8,0.32
threshold_44,threshold,2,6,6,3.2999688884433143,0.7076087115566864,8,0.3
threshold_44,threshold,2,7,6,3.2445194559931427,0.7630581440068578,9,0.3
threshold_44,threshold,2,8,6,3.1962804937749656,0.8112971062250356,10,0.38000000000000006
threshold_44,threshold,2,9,6,3.3096388161321277,0.6979387838678709,6,0.21999999999999997
threshold_44,threshold,2,0,7,3.269483330131344,0.7380942698686569,5,0.19999999999999998
threshold_44,threshold,2,1,7,3.1614750387405866,0.8461025612594141,10,0.38000000000000006
threshold_44,threshold,2,2,7,3.247791653071893,0.7597859469281062,8,0.3
threshold_44,threshold,2,3,7,3.2713197884740697,0.73625781152593,8,0.3
threshold_44,threshold,2,4,7,3.2440651543195433,0.7635124456804553,8,0.3
threshold_44,threshold,2,5,7,3.256316808701805,0.7512607912981952,8,0.32
threshold_44,threshold,2,6,7,3.255281256393366,0.7522963436066346,9,0.34
threshold_44,threshold,2,7,7,3.2409412163010956,0.7666363836989054,8,0.27999999999999997
threshold_44,threshold,2,8,7,3.200290825597717,0.8072867744022821,10,0.38000000000000006
threshold_44,threshold,2,9,7,3.279970053504364,0.7276075464956355,6,0.21999999999999997
threshold_44,threshold,2,0,8,3.277801349686967,0.7297762503130327,8,0.3
threshold_44,threshold,2,1,8,3.1238518882800763,0.8837257117199232,10,0.4000000000000001
threshold_44,threshold,2,2,8,3.227318223064504,0.7802593769354955,9,0.34
threshold_44,threshold,2,3,8,3.1835612522137207,0.8240163477862785,10,0.38000000000000006
threshold_44,threshold,2,4,8,3.214770571251151,0.7928070287488497,9,0.34
threshold_44,threshold,2,5,8,3.2176824330217255,0.7898951669782736,9,0.36000000000000004
threshold_44,threshold,2,6,8,3.206858593122768,0.8007190068772319,10,0.36000000000000004
threshold_44,threshold,2,7,8,3.2175475362270016,0.7900300637729989,9,0.34
threshold_44,threshold,2,8,8,3.094298580645479,0.9132790193545205,10,0.38000000000000006
threshold_44,threshold,2,9,8,3.224570911194515,0.7830066888054859,8,0.3
threshold_44,threshold,2,0,9,3.351327230821651,0.6562503691783497,4,0.14
threshold_44,threshold,2,1,9,3.282866108325896,0.7247114916741048,7,0.27999999999999997
threshold_44,threshold,2,2,9,3.3062164255597835,0.7013611744402172,5,0.19999999999999998
threshold_44,threshold,2,3,9,3.283971881248419,0.723605718751581,7,0.25999999999999995
threshold_44,threshold,2,4,9,3.2869354685428194,0.7206421314571806,6,0.21999999999999997
threshold_44,threshold,2,5,9,3.280606132361918,0.7269714676380822,6,0.21999999999999997
threshold_44,threshold,2,6,9,3.2755644698352886,0.7320131301647118,5,0.19999999999999998
threshold_44,threshold,2,7,9,3.2808450329430516,0.7267325670569474,6,0.21999999999999997
threshold_44,threshold,2,8,9,3.25085022285588,0.7567273771441199,8,0.27999999999999997
threshold_44,threshold,2,9,9,3.3079888299634512,0.6995887700365485,4,0.14
threshold_43,threshold,2,0,0,3.2986524659385625,0.7089251340614375,5,0.18
threshold_43,threshold,2,1,0,3.274410008737643,0.733167591262357,8,0.3
threshold_43,threshold,2,2,0,3.2920606807366,0.7155169192634003,6,0.21999999999999997
threshold_43,threshold,2,3,0,3.3056751874074344,0.7019024125925656,6,0.21999999999999997
threshold_43,threshold,2,4,0,3.289132382968879,0.718445217031121,6,0.23999999999999996
threshold_43,threshold,2,5,0,3.2678993868890602,0.7396782131109406,7,0.25999999999999995
threshold_43,threshold,2,6,0,3.268985164096971,0.7385924359030281,6,0.21999999999999997
threshold_43,threshold,2,7,0,3.285950407238132,0.7216271927618686,6,0.23999999999999996
threshold_43,threshold,2,8,0,3.245746089487419,0.7618315105125801,8,0.32
threshold_43,threshold,2,9,0,3.338988179612226,0.6685894203877732,3,0.12000000000000001
threshold_43,threshold,2,0,1,3.2614596080324914,0.7461179919675084,8,0.3
threshold_43,threshold,2,1,1,3.1119260525351793,0.895651547464821,10,0.4000000000000001
threshold_43,threshold,2,2,1,3.1894251348417457,0.8181524651582536,9,0.34
threshold_43,threshold,2,3,1,3.206975916259886,0.8006016837401145,9,0.34
threshold_43,threshold,2,4,1,3.182907855707248,0.8246697442927529,10,0.36000000000000004
threshold_43,threshold,2,5,1,3.192351651035555,0.815225948964446,10,0.38000000000000006
threshold_43,threshold,2,6,1,3.193538726269575,0.8140388737304263,9,0.36000000000000004
threshold_43,threshold,2,7,1,3.1932041162379448,0.8143734837620571,9,0.34
threshold_43,threshold,2,8,1,3.0995288343172294,0.9080487656827712,10,0.4000000000000001
threshold_43,threshold,2,9,1,3.252661487672964,0.7549161123270363,7,0.27999999999999997
threshold_43,threshold,2,0,2,3.2862608568297014,0.7213167431702984,6,0.21999999999999997
threshold_43,threshold,2,1,2,3.2313614510044766,0.7762161489955238,9,0.36000000000000004
threshold_43,threshold,2,2,2,3.2576855259607687,0.7498920740392311,7,0.27999999999999997
threshold_43,threshold,2,3,2,3.2451998033700398,0.7623777966299601,7,0.27999999999999997
threshold_43,threshold,2,4,2,3.249880645541543,0.757696954458458,8,0.3
threshold_43,threshold,2,5,2,3.2675200952463435,0.7400575047536563,8,0.27999999999999997
threshold_43,threshold,2,6,2,3.2526787253068163,0.7548988746931834,9,0.32
threshold_43,threshold,2,7,2,3.248426748089949,0.7591508519100508,9,0.34
threshold_43,threshold,2,8,2,3.18296862444868,0.8246089755513205,9,0.36000000000000004
threshold_43,threshold,2,9,2,3.269365917439675,0.7382116825603241,7,0.23999999999999996
threshold_43,threshold,2,0,3,3.287506491843442,0.7200711081565588,6,0.23999999999999996
threshold_43,threshold,2,1,3,3.2124310099350333,0.7951465900649664,10,0.38000000000000006
threshold_43,threshold,2,2,3,3.24750693011639,0.7600706698836094,9,0.34
threshold_43,threshold,2,3,3,3.277569612564329,0.7300079874356703,8,0.3
threshold_43,threshold,2,4,3,3.2933200733013464,0.714257526698655,8,0.3
threshold_43,threshold,2,5,3,3.2850986030111056,0.7224789969888946,8,0.3
threshold_43,threshold,2,6,3,3.2692535708659443,0.7383240291340567,8,0.3
threshold_43,threshold,2,7,3,3.264375315010409,0.7432022849895925,8,0.32
threshold_43,threshold,2,8,3,3.2163061776790283,0.7912714223209725,9,0.36000000000000004
threshold_43,threshold,2,9,3,3.287990941950155,0.7195866580498458,5,0.19999999999999998
threshold_43,threshold,2,0,4,3.3105082932535153,0.6970693067464848,6,0.19999999999999998
threshold_43,threshold,2,1,4,3.195926853753621,0.8116507462463796,9,0.36000000000000004
threshold_43,threshold,2,2,4,3.2384958993664483,0.7690817006335516,9,0.34
threshold_43,threshold,2,3,4,3.28213273823996,0.7254448617600413,8,0.32
threshold_43,threshold,2,4,4,3.255924954851318,0.7516526451486837,8,0.32
threshold_43,threshold,2,5,4,3.292744364315764,0.7148332356842367,8,0.3
threshold_43,threshold,2,6,4,3.2719360902395285,0.7356415097604722,8,0.3
threshold_43,threshold,2,7,4,3.2806843714017853,0.7268932285982156,8,0.3
threshold_43,threshold,2,8,4,3.2057491260554105,0.8018284739445902,10,0.38000000000000006
threshold_43,threshold,2,9,4,3.2878648607162586,0.7197127392837389,7,0.23999999999999996
threshold_43,threshold,2,0,5,3.295219972238633,0.7123576277613677,6,0.21999999999999997
threshold_43,threshold,2,1,5,3.2064819234317343,0.8010956765682639,10,0.36000000000000004
threshold_43,threshold,2,2,5,3.2290494290212117,0.7785281709787892,8,0.32
threshold_43,threshold,2,3,5,3.2872480166146,0.7203295833854003,8,0.3
threshold_43,threshold,2,4,5,3.2663648462993953,0.7412127537006045,8,0.3
threshold_43,threshold,2,5,5,3.2662246363444276,0.7413529636555712,8,0.27999999999999997
threshold_43,threshold,2,6,5,3.2890602472740564,0.7185173527259444,7,0.25999999999999995
threshold_43,threshold,2,7,5,3.26642512761593,0.7411524723840693,8,0.3
threshold_43,threshold,2,8,5,3.2028357615105763,0.804741838489424,9,0.34
threshold_43,threshold,2,9,5,3.29305858497575,0.7145190150242499,6,0.23999999999999996
threshold_43,threshold,2,0,6,3.2795994743790424,0.7279781256209575,6,0.21999999999999997
threshold_43,threshold,2,1,6,3.194934276283368,0.8126433237166313,10,0.36000000000000004
threshold_43,threshold,2,2,6,3.255536564425599,0.7520410355744029,9,0.32
threshold_43,threshold,2,3,6,3.28645828687166,0.7211193131283403,8,0.3
threshold_43,threshold,2,4,6,3.2809005077825124,0.7266770922174878,8,0.3
threshold_43,threshold,2,5,6,3.2650383017189513,0.7425392982810491,8,0.3
threshold_43,threshold,2,6,6,3.2658443565957187,0.7417332434042823,8,0.32
threshold_43,threshold,2,7,6,3.229097467252204,0.778480132747796,8,0.3
threshold_43,threshold,2,8,6,3.2083374094499493,0.7992401905500509,9,0.32
threshold_43,threshold,2,9,6,3.3061559731076096,0.7014216268923907,6,0.23999999999999996
threshold_43,threshold,2,0,7,3.301824529136148,0.7057530708638525,6,0.19999999999999998
threshold_43,threshold,2,1,7,3.2101190150415584,0.7974585849584412,9,0.36000000000000004
threshold_43,threshold,2,2,7,3.2447475650184407,0.7628300349815591,9,0.32
threshold_43,threshold,2,3,7,3.2538229019619416,0.7537546980380587,9,0.32
threshold_43,threshold,2,4,7,3.243517930357776,0.7640596696422239,9,0.34
threshold_43,threshold,2,5,7,3.2841796091340427,0.7233979908659576,7,0.27999999999999997
threshold_43,threshold,2,6,7,3.246440838082475,0.7611367619175263,8,0.32
threshold_43,threshold,2,7,7,3.2832155005445345,0.7243620994554648,9,0.3
threshold_43,threshold,2,8,7,3.188053476549833,0.8195241234501669,10,0.36000000000000004
threshold_43,threshold,2,9,7,3.281996993319481,0.7255806066805185,6,0.21999999999999997
threshold_43,threshold,2,0,8,3.288635800260206,0.7189417997397939,8,0.3
threshold_43,threshold,2,1,8,3.112085382857649,0.8954922171423509,10,0.38000000000000006
threshold_43,threshold,2,2,8,3.188688078314133,0.8188895216858681,10,0.38000000000000006
threshold_43,threshold,2,3,8,3.184124265564228,0.8234533344357721,9,0.34
threshold_43,threshold,2,4,8,3.221049228142981,0.7865283718570197,9,0.34
threshold_43,threshold,2,5,8,3.221959616495655,0.785617983504346,9,0.34
threshold_43,threshold,2,6,8,3.209142867978104,0.7984347320218952,9,0.36000000000000004
threshold_43,threshold,2,7,8,3.213979461155324,0.7935981388446761,9,0.36000000000000004
threshold_43,threshold,2,8,8,3.1267183400023026,0.880859259997698,10,0.38000000000000006
threshold_43,threshold,2,9,8,3.250684610463782,0.7568929895362184,9,0.32
threshold_43,threshold,2,0,9,3.2752076285041385,0.7323699714958624,3,0.14
threshold_43,threshold,2,1,9,3.24894114104312,0.7586364589568813,8,0.32
threshold_43,threshold,2,2,9,3.2558470722026835,0.7517305277973161,6,0.23999999999999996
threshold_43,threshold,2,3,9,3.2832080205052234,0.724369579494776,6,0.21999999999999997
threshold_43,threshold,2,4,9,3.2733923969268917,0.7341852030731082,5,0.19999999999999998
threshold_43,threshold,2,5,9,3.2788229976044376,0.7287546023955634,7,0.25999999999999995
threshold_43,threshold,2,6,9,3.303491288814923,0.7040863111850769,6,0.21999999999999997
threshold_43,threshold,2,7,9,3.286931018855633,0.7206465811443671,6,0.23999999999999996
threshold_43,threshold,2,8,9,3.2698635805171206,0.7377140194828802,8,0.32
threshold_43,threshold,2,9,9,3.286923321928794,0.7206542780712062,4,0.14
threshold_42,threshold,3,0,0,3.290863742370498,0.7167138576295027,5,0.23999999999999996
threshold_42,threshold,3,1,0,3.1542602963887734,0.8533173036112277,9,0.48000000000000015
threshold_42,threshold,3,2,0,3.2357514501560605,0.7718261498439403,8,0.4000000000000001
threshold_42,threshold,3,3,0,3.219850736799474,0.7877268632005259,8,0.4200000000000001
threshold_42,threshold,3,4,0,3.221464226586121,0.7861133734138787,8,0.4000000000000001
threshold_42,threshold,3,5,0,3.236014586109421,0.7715630138905799,7,0.36000000000000004
threshold_42,threshold,3,6,0,3.233012443610956,0.7745651563890442,8,0.38000000000000006
threshold_42,threshold,3,7,0,3.2079192228874223,0.7996583771125778,9,0.4000000000000001
threshold_42,threshold,3,8,0,3.1462969628269675,0.8612806371730339,9,0.46000000000000013
threshold_42,threshold,3,9,0,3.2820076211939364,0.7255699788060649,5,0.25999999999999995
threshold_42,threshold,3,0,1,3.1198500147331734,0.8877275852668265,9,0.5000000000000001
threshold_42,threshold,3,1,1,2.844575228009784,1.1630023719902165,10,0.6000000000000002
threshold_42,threshold,3,2,1,2.984907393760993,1.0226702062390078,9,0.5600000000000002
threshold_42,threshold,3,3,1,2.977520804191576,1.0300567958084232,10,0.5400000000000001
threshold_42,threshold,3,4,1,2.987316161516712,1.0202614384832882,10,0.5400000000000001
threshold_42,threshold,3,5,1,2.9840909024621136,1.023486697537886,10,0.5600000000000002
threshold_42,threshold,3,6,1,3.008409657612812,0.9991679423871869,10,0.5400000000000001
threshold_42,threshold,3,7,1,2.964660542419083,1.0429170575809166,10,0.5600000000000002
threshold_42,threshold,3,8,1,2.8946622819098566,1.112915318090143,10,0.5800000000000002
threshold_42,threshold,3,9,1,3.1527488071051106,0.8548287928948902,9,0.48000000000000015
threshold_42,threshold,3,0,2,3.252539284419732,0.7550383155802668,9,0.4000000000000001
threshold_42,threshold,3,1,2,3.028643231788182,0.9789343682118191,10,0.5400000000000001
threshold_42,threshold,3,2,2,3.0812667930092608,0.9263108069907391,9,0.46000000000000013
threshold_42,threshold,3,3,2,3.110027147924122,0.8975504520758781,9,0.5000000000000001
threshold_42,threshold,3,4,2,3.1037439537096687,0.9038336462903321,10,0.5000000000000001
threshold_42,threshold,3,5,2,3.1392856565518685,0.8682919434481312,9,0.46000000000000013
threshold_42,threshold,3,6,2,3.089239142180523,0.9183384578194774,9,0.5000000000000001
threshold_42,threshold,3,7,2,3.1165468297433865,0.8910307702566133,9,0.5000000000000001
threshold_42,threshold,3,8,2,3.0107190920399725,0.9968585079600285,10,0.5600000000000002
threshold_42,threshold,3,9,2,3.279433086586926,0.728144513413075,7,0.34
threshold_42,threshold,3,0,3,3.247710701488584,0.7598668985114143,7,0.38000000000000006
threshold_42,threshold,3,1,3,2.9878824325284157,1.0196951674715862,10,0.5800000000000002
threshold_42,threshold,3,2,3,3.1136242136800925,0.8939533863199092,9,0.48000000000000015
threshold_42,threshold,3,3,3,3.145084123048191,0.8624934769518093,9,0.4400000000000001
threshold_42,threshold,3,4,3,3.151442736402826,0.8561348635971744,9,0.5000000000000001
threshold_42,threshold,3,5,3,3.1566705901283503,0.8509070098716491,9,0.48000000000000015
threshold_42,threshold,3,6,3,3.1699732641760368,0.8376043358239634,8,0.46000000000000013
threshold_42,threshold,3,7,3,3.1388311610390414,0.8687464389609585,9,0.48000000000000015
threshold_42,threshold,3,8,3,3.0170574566205026,0.990520143379496,9,0.5400000000000001
threshold_42,threshold,3,9,3,3.2463046192388276,0.7612729807611733,7,0.36000000000000004
threshold_42,threshold,3,0,4,3.2739072269721907,0.7336703730278089,8,0.4000000000000001
threshold_42,threshold,3,1,4,2.980295114671388,1.0272824853286115,10,0.5400000000000001
threshold_42,threshold,3,2,4,3.0969296844177636,0.910647915582237,10,0.5000000000000001
threshold_42,threshold,3,3,4,3.1618027245948213,0.845774875405179,9,0.48000000000000015
threshold_42,threshold,3,4,4,3.1614220628938585,0.8461555371061416,9,0.46000000000000013
threshold_42,threshold,3,5,4,3.1371890874694373,0.870388512530563,10,0.5000000000000001
threshold_42,threshold,3,6,4,3.1579072308849967,0.8496703691150029,9,0.48000000000000015
threshold_42,threshold,3,7,4,3.159912799910014,0.8476648000899847,9,0.46000000000000013
threshold_42,threshold,3,8,4,3.064532264020709,0.9430453359792896,10,0.5400000000000001
threshold_42,threshold,3,9,4,3.267527976113324,0.740049623886676,8,0.36000000000000004
threshold_42,threshold,3,0,5,3.248404176347357,0.7591734236526445,8,0.4000000000000001
threshold_42,threshold,3,1,5,3.0521358657742743,0.9554417342257253,10,0.5600000000000002
threshold_42,threshold,3,2,5,3.108479736726126,0.8990978632738742,9,0.46000000000000013
threshold_42,threshold,3,3,5,3.1294666516864313,0.8781109483135694,10,0.48000000000000015
threshold_42,threshold,3,4,5,3.1794632505862883,0.8281143494137119,9,0.46000000000000013
threshold_42,threshold,3,5,5,3.161938250167379,0.8456393498326221,8,0.46000000000000013
threshold_42,threshold,3,6,5,3.16952232540428,0.8380552745957205,9,0.46000000000000013
threshold_42,threshold,3,7,5,3.1717151009816065,0.8358624990183938,9,0.46000000000000013
threshold_42,threshold,3,8,5,3.0930337911344323,0.9145438088655676,10,0.5400000000000001
threshold_42,threshold,3,9,5,3.2325514193587335,0.7750261806412678,8,0.38000000000000006
threshold_42,threshold,3,0,6,3.242554824472249,0.7650227755277503,7,0.36000000000000004
threshold_42,threshold,3,1,6,3.034396010465284,0.9731815895347166,10,0.5800000000000002
threshold_42,threshold,3,2,6,3.113863730390641,0.8937138696093581,9,0.5000000000000001
threshold_42,threshold,3,3,6,3.141051663131593,0.8665259368684081,9,0.46000000000000013
threshold_42,threshold,3,4,6,3.145229237513123,0.8623483624868766,9,0.48000000000000015
threshold_42,threshold,3,5,6,3.170624229066598,0.8369533709334017,9,0.48000000000000015
threshold_42,threshold,3,6,6,3.1539751749912397,0.8536024250087612,9,0.48000000000000015
threshold_42,threshold,3,7,6,3.1259921665444486,0.8815854334555527,9,0.5000000000000001
threshold_42,threshold,3,8,6,3.0593014575442856,0.9482761424557152,9,0.5200000000000001
threshold_42,threshold,3,9,6,3.262038244234873,0.745539355765126,8,0.4000000000000001
threshold_42,threshold,3,0,7,3.2312127424481263,0.7763648575518748,8,0.4000000000000001
threshold_42,threshold,3,1,7,3.0050703531453604,1.00250724685464,10,0.5600000000000002
threshold_42,threshold,3,2,7,3.125910365491648,0.8816672345083524,9,0.46000000000000013
threshold_42,threshold,3,3,7,3.142449349238977,0.8651282507610233,9,0.46000000000000013
threshold_42,threshold,3,4,7,3.1551261375481743,0.852451462451825,9,0.46000000000000013
threshold_42,threshold,3,5,7,3.1154295598447885,0.8921480401552117,9,0.48000000000000015
threshold_42,threshold,3,6,7,3.0982932848331917,0.9092843151668085,9,0.48000000000000015
threshold_42,threshold,3,7,7,3.0608140186990718,0.9467635813009279,9,0.5000000000000001
threshold_42,threshold,3,8,7,2.9793198265587377,1.0282577734412623,9,0.5200000000000001
threshold_42,threshold,3,9,7,3.2463331446223154,0.7612444553776838,8,0.4000000000000001
threshold_42,threshold,3,0,8,3.166849899699002,0.8407277003009985,9,0.46000000000000013
threshold_42,threshold,3,1,8,2.9114197554794887,1.0961578445205111,10,0.5800000000000002
threshold_42,threshold,3,2,8,3.01795560831233,0.9896219916876685,10,0.5400000000000001
threshold_42,threshold,3,3,8,3.0311667250683367,0.9764108749316637,9,0.5000000000000001
threshold_42,threshold,3,4,8,3.0102903299503048,0.997287270049694,9,0.5200000000000001
threshold_42,threshold,3,5,8,2.9599832552864407,1.04759434471356,10,0.5800000000000002
threshold_42,threshold,3,6,8,2.9724159697142203,1.0351616302857798,10,0.5800000000000002
threshold_42,threshold,3,7,8,3.0011186926156457,1.0064589073843544,10,0.5600000000000002
threshold_42,threshold,3,8,8,2.8845073785234963,1.1230702214765045,10,0.5800000000000002
threshold_42,threshold,3,9,8,3.1385937729346067,0.8689838270653938,9,0.48000000000000015
threshold_42,threshold,3,0,9,3.269549037047178,0.7380285629528234,4,0.23999999999999996
threshold_42,threshold,3,1,9,3.176501815535765,0.8310757844642356,9,0.46000000000000013
threshold_42,threshold,3,2,9,3.2239295820941862,0.7836480179058147,8,0.4000000000000001
threshold_42,threshold,3,3,9,3.255028690792635,0.7525489092073667,8,0.38000000000000006
threshold_42,threshold,3,4,9,3.2407334701464623,0.7668441298535369,8,0.38000000000000006
threshold_42,threshold,3,5,9,3.231554243786839,0.7760233562131618,8,0.4000000000000001
threshold_42,threshold,3,6,9,3.2235701305501103,0.7840074694498891,8,0.38000000000000006
threshold_42,threshold,3,7,9,3.2311027729586916,0.7764748270413091,8,0.38000000000000006
threshold_42,threshold,3,8,9,3.1926049960366907,0.8149726039633098,8,0.46000000000000013
threshold_42,threshold,3,9,9,3.29692183108711,0.71065576891289,5,0.21999999999999997
threshold_44,threshold,3,0,0,3.2854645826127546,0.7221130173872465,4,0.21999999999999997
threshold_44,threshold,3,1,0,3.181490820848765,0.8260867791512343,9,0.46000000000000013
threshold_44,threshold,3,2,0,3.213451226488043,0.7941263735119577,9,0.4400000000000001
threshold_44,threshold,3,3,0,3.2329966014779354,0.7745809985220644,8,0.38000000000000006
threshold_44,threshold,3,4,0,3.2523438820463486,0.7552337179536508,8,0.38000000000000006
threshold_44,threshold,3,5,0,3.2320372198752785,0.7755403801247214,8,0.38000000000000006
threshold_44,threshold,3,6,0,3.243810747549779,0.7637668524502204,8,0.38000000000000006
threshold_44,threshold,3,7,0,3.252705335843925,0.7548722641560766,8,0.36000000000000004
threshold_44,threshold,3,8,0,3.1645234936704356,0.8430541063295642,9,0.46000000000000013
threshold_44,threshold,3,9,0,3.279527118816566,0.728050481183435,4,0.21999999999999997
threshold_44,threshold,3,0,1,3.2110892039058005,0.7964883960941991,9,0.46000000000000013
threshold_44,threshold,3,1,1,2.8979375653957016,1.1096400346042974,10,0.5800000000000002
threshold_44,threshold,3,2,1,2.9736919805389053,1.0338856194610957,10,0.5600000000000002
threshold_44,threshold,3,3,1,3.0465559406877496,0.9610216593122504,10,0.5400000000000001
threshold_44,threshold,3,4,1,3.0458850322390436,0.9616925677609559,10,0.5400000000000001
threshold_44,threshold,3,5,1,2.9989925774758457,1.0085850225241548,9,0.5400000000000001
threshold_44,threshold,3,6,1,3.026864355586781,0.9807132444132188,9,0.5400000000000001
threshold_44,threshold,3,7,1,2.9940648245787,1.013512775421301,10,0.5600000000000002
threshold_44,threshold,3,8,1,2.9320203654185217,1.0755572345814788,10,0.5800000000000002
threshold_44,threshold,3,9,1,3.180948892513961,0.8266287074860387,9,0.48000000000000015
threshold_44,threshold,3,0,2,3.2322471004004796,0.7753304995995193,8,0.4200000000000001
threshold_44,threshold,3,1,2,2.9872419255869787,1.020335674413022,10,0.5400000000000001
threshold_44,threshold,3,2,2,3.0763185526179346,0.931259047382066,10,0.5400000000000001
threshold_44,threshold,3,3,2,3.104033933954743,0.9035436660452569,10,0.5000000000000001
threshold_44,threshold,3,4,2,3.172828160380275,0.834749439619725,9,0.46000000000000013
threshold_44,threshold,3,5,2,3.1384942054731155,0.8690833945268845,9,0.48000000000000015
threshold_44,threshold,3,6,2,3.132423796106122,0.8751538038938784,9,0.48000000000000015
threshold_44,threshold,3,7,2,3.036966171504669,0.9706114284953303,9,0.5000000000000001
threshold_44,threshold,3,8,2,2.9873797934156663,1.020197806584332,10,0.5600000000000002
threshold_44,threshold,3,9,2,3.2380422329191214,0.7695353670808791,9,0.4200000000000001
threshold_44,threshold,3,0,3,3.241214331483775,0.7663632685162242,8,0.38000000000000006
threshold_44,threshold,3,1,3,2.9969033638051803,1.010674236194819,10,0.5400000000000001
threshold_44,threshold,3,2,3,3.117615245838052,0.8899623541619469,10,0.48000000000000015
threshold_44,threshold,3,3,3,3.1187106583231814,0.8888669416768192,9,0.48000000000000015
threshold_44,threshold,3,4,3,3.1593400573251085,0.8482375426748915,10,0.48000000000000015
threshold_44,threshold,3,5,3,3.1342373431656996,0.8733402568342998,9,0.48000000000000015
threshold_44,threshold,3,6,3,3.1780149057129514,0.8295626942870498,8,0.46000000000000013
threshold_44,threshold,3,7,3,3.0787523737608713,0.9288252262391291,10,0.5200000000000001
threshold_44,threshold,3,8,3,2.9974552636317755,1.0101223363682246,10,0.5600000000000002
threshold_44,threshold,3,9,3,3.217738314974889,0.7898392850251119,7,0.38000000000000006
threshold_44,threshold,3,0,4,3.228933670410066,0.7786439295899343,8,0.4200000000000001
threshold_44,threshold,3,1,4,2.995123374087065,1.012454225912934,10,0.5400000000000001
threshold_44,threshold,3,2,4,3.1370923516424267,0.8704852483575737,9,0.48000000000000015
threshold_44,threshold,3,3,4,3.1832161488758577,0.8243614511241418,9,0.4400000000000001
threshold_44,threshold,3,4,4,3.1776127214623835,0.8299648785376164,9,0.48000000000000015
threshold_44,threshold,3,5,4,3.1789254307963177,0.8286521692036815,9,0.46000000000000013
threshold_44,threshold,3,6,4,3.17131029215308,0.8362673078469198,9,0.48000000000000015
threshold_44,threshold,3,7,4,3.1115377657745906,0.8960398342254097,10,0.5200000000000001
threshold_44,threshold,3,8,4,2.978164787565067,1.029412812434934,10,0.5800000000000002
threshold_44,threshold,3,9,4,3.2638481838632742,0.7437294161367265,7,0.34
threshold_44,threshold,3,0,5,3.233726859186237,0.7738507408137626,8,0.4000000000000001
threshold_44,threshold,3,1,5,3.003407232703251,1.004170367296749,10,0.5800000000000002
threshold_44,threshold,3,2,5,3.144092954579868,0.8634846454201319,8,0.46000000000000013
threshold_44,threshold,3,3,5,3.176939155378501,0.8306384446214987,9,0.48000000000000015
threshold_44,threshold,3,4,5,3.1695891637294813,0.83798843627052,9,0.48000000000000015
threshold_44,threshold,3,5,5,3.193567603453071,0.8140099965469284,9,0.48000000000000015
threshold_44,threshold,3,6,5,3.155516904899092,0.8520606951009082,9,0.46000000000000013
threshold_44,threshold,3,7,5,3.153538700859048,0.8540388991409528,9,0.4400000000000001
threshold_44,threshold,3,8,5,3.020059731909358,0.987517868090643,10,0.5600000000000002
threshold_44,threshold,3,9,5,3.2397950886961016,0.7677825113038993,8,0.38000000000000006
threshold_44,threshold,3,0,6,3.2293327865974857,0.778244813402513,8,0.4000000000000001
threshold_44,threshold,3,1,6,3.035166175686226,0.9724114243137741,9,0.5400000000000001
threshold_44,threshold,3,2,6,3.185973426570119,0.8216041734298811,9,0.46000000000000013
threshold_44,threshold,3,3,6,3.16146081665804,0.8461167833419598,9,0.46000000000000013
threshold_44,threshold,3,4,6,3.165298322711582,0.8422792772884207,9,0.48000000000000015
threshold_44,threshold,3,5,6,3.138769497618469,0.8688081023815319,9,0.5000000000000001
threshold_44,threshold,3,6,6,3.1356294332060894,0.8719481667939107,9,0.48000000000000015
threshold_44,threshold,3,7,6,3.122297671564613,0.8852799284353872,9,0.48000000000000015
threshold_44,threshold,3,8,6,3.031976675248635,0.9756009247513646,9,0.5600000000000002
threshold_44,threshold,3,9,6,3.244163875171778,0.7634137248282218,8,0.38000000000000006
threshold_44,threshold,3,0,7,3.253016914181668,0.7545606858183319,7,0.34
threshold_44,threshold,3,1,7,2.989295906447191,1.0182816935528083,10,0.5800000000000002
threshold_44,threshold,3,2,7,3.130344514726047,0.877233085273952,9,0.48000000000000015
threshold_44,threshold,3,3,7,3.121613179044603,0.8859644209553976,9,0.48000000000000015
threshold_44,threshold,3,4,7,3.1275612646918103,0.8800163353081907,10,0.5000000000000001
threshold_44,threshold,3,5,7,3.1081256234504857,0.8994519765495149,9,0.5000000000000001
threshold_44,threshold,3,6,7,3.067948124793176,0.939629475206824,10,0.5400000000000001
threshold_44,threshold,3,7,7,3.0938868495218195,0.9136907504781815,9,0.46000000000000013
threshold_44,threshold,3,8,7,2.9747598130649657,1.0328177869350337,10,0.5800000000000002
threshold_44,threshold,3,9,7,3.2236114230053796,0.7839661769946207,8,0.38000000000000006
threshold_44,threshold,3,0,8,3.1518424717047386,0.8557351282952621,9,0.48000000000000015
threshold_44,threshold,3,1,8,2.853640089784883,1.1539375102151168,10,0.6000000000000002
threshold_44,threshold,3,2,8,2.9755292538626907,1.0320483461373102,10,0.5400000000000001
threshold_44,threshold,3,3,8,2.940361974433813,1.0672156255661878,10,0.5800000000000002
threshold_44,threshold,3,4,8,3.0453721452660654,0.9622054547339347,10,0.5400000000000001
threshold_44,threshold,3,5,8,3.0507366652563674,0.9568409347436315,10,0.5600000000000002
threshold_44,threshold,3,6,8,2.9917702806882818,1.0158073193117192,10,0.5600000000000002
threshold_44,threshold,3,7,8,3.052483451717624,0.9550941482823756,9,0.5200000000000001
threshold_44,threshold,3,8,8,2.8776786123597726,1.129898987640228,10,0.5800000000000002
threshold_44,threshold,3,9,8,3.1405761377718107,0.8670014622281894,9,0.48000000000000015
threshold_44,threshold,3,0,9,3.3005086160893597,0.7070689839106415,5,0.23999999999999996
threshold_44,threshold,3,1,9,3.1666148925283326,0.840962707471668,9,0.46000000000000013
threshold_44,threshold,3,2,9,3.2290806905382428,0.7784969094617573,8,0.36000000000000004
threshold_44,threshold,3,3,9,3.2423452019332144,0.7652323980667854,8,0.4200000000000001
threshold_44,threshold,3,4,9,3.2408126295107067,0.7667649704892946,7,0.36000000000000004
threshold_44,threshold,3,5,9,3.268689577650361,0.7388880223496388,7,0.36000000000000004
threshold_44,threshold,3,6,9,3.251436466890866,0.756141133109134,7,0.34
threshold_44,threshold,3,7,9,3.288020168788086,0.7195574312119136,7,0.36000000000000004
threshold_44,threshold,3,8,9,3.158861861405076,0.8487157385949228,9,0.46000000000000013
threshold_44,threshold,3,9,9,3.2551380323992065,0.7524395676007951,3,0.19999999999999998
threshold_43,threshold,3,0,0,3.302149721655469,0.7054278783445317,4,0.25999999999999995
threshold_43,threshold,3,1,0,3.1800316513204017,0.8275459486796001,9,0.48000000000000015
threshold_43,threshold,3,2,0,3.240736988623216,0.766840611376784,7,0.36000000000000004
threshold_43,threshold,3,3,0,3.2419843451201205,0.7655932548798801,8,0.38000000000000006
threshold_43,threshold,3,4,0,3.2422747262999105,0.7653028737000908,8,0.4000000000000001
threshold_43,threshold,3,5,0,3.2586599533713176,0.7489176466286824,7,0.4000000000000001
threshold_43,threshold,3,6,0,3.2449078800779576,0.7626697199220418,8,0.38000000000000006
threshold_43,threshold,3,7,0,3.2432190894294624,0.7643585105705377,8,0.4000000000000001
threshold_43,threshold,3,8,0,3.1878397372031917,0.8197378627968082,9,0.5000000000000001
threshold_43,threshold,3,9,0,3.255038342087573,0.752539257912428,3,0.18
threshold_43,threshold,3,0,1,3.179947321487243,0.827630278512758,9,0.48000000000000015
threshold_43,threshold,3,1,1,2.8500244407091317,1.1575531592908692,10,0.6000000000000002
threshold_43,threshold,3,2,1,2.9864363814067882,1.0211412185932118,10,0.5400000000000001
threshold_43,threshold,3,3,1,3.036698057356705,0.970879542643294,10,0.5400000000000001
threshold_43,threshold,3,4,1,3.0284634012371545,0.9791141987628454,10,0.5600000000000002
threshold_43,threshold,3,5,1,3.058042285866948,0.9495353141330526,9,0.5600000000000002
threshold_43,threshold,3,6,1,3.067598558189186,0.9399790418108149,10,0.5600000000000002
threshold_43,threshold,3,7,1,3.0255735534353936,0.9820040465646068,10,0.5400000000000001
threshold_43,threshold,3,8,1,2.8850171848095365,1.1225604151904631,10,0.6000000000000002
threshold_43,threshold,3,9,1,3.2062261277406483,0.8013514722593521,9,0.46000000000000013
threshold_43,threshold,3,0,2,3.2312409771308452,0.7763366228691558,9,0.4000000000000001
threshold_43,threshold,3,1,2,2.934504636583737,1.073072963416263,10,0.5600000000000002
threshold_43,threshold,3,2,2,3.0813618594018237,0.9262157405981768,10,0.48000000000000015
threshold_43,threshold,3,3,2,3.1332179152850648,0.8743596847149351,9,0.46000000000000013
threshold_43,threshold,3,4,2,3.108710151704289,0.8988674482957127,9,0.48000000000000015
threshold_43,threshold,3,5,2,3.1370849027431236,0.8704926972568745,10,0.48000000000000015
threshold_43,threshold,3,6,2,3.132399828019418,0.8751777719805819,10,0.5200000000000001
threshold_43,threshold,3,7,2,3.0933011337625054,0.9142764662374954,10,0.5400000000000001
threshold_43,threshold,3,8,2,2.975448771107993,1.0321288288920076,10,0.5600000000000002
threshold_43,threshold,3,9,2,3.2284007063598112,0.7791768936401897,8,0.4000000000000001
threshold_43,threshold,3,0,3,3.224301645294985,0.7832759547050147,8,0.4000000000000001
threshold_43,threshold,3,1,3,2.9726136567828565,1.0349639432171447,10,0.5800000000000002
threshold_43,threshold,3,2,3,3.0605390466313067,0.9470385533686946,9,0.5200000000000001
threshold_43,threshold,3,3,3,3.139612340365323,0.8679652596346772,9,0.48000000000000015
threshold_43,threshold,3,4,3,3.1527587204780363,0.8548188795219634,9,0.48000000000000015
threshold_43,threshold,3,5,3,3.1218905955624012,0.8856870044375984,10,0.5000000000000001
threshold_43,threshold,3,6,3,3.131562475760467,0.8760151242395322,9,0.48000000000000015
threshold_43,threshold,3,7,3,3.1154186514674125,0.8921589485325869,9,0.5000000000000001
threshold_43,threshold,3,8,3,2.9618361319140734,1.045741468085927,9,0.5400000000000001
threshold_43,threshold,3,9,3,3.2296797351043898,0.7778978648956111,7,0.34
threshold_43,threshold,3,0,4,3.245800452944029,0.7617771470559714,8,0.36000000000000004
threshold_43,threshold,3,1,4,3.017871795990467,0.9897058040095341,10,0.5600000000000002
threshold_43,threshold,3,2,4,3.0522921769683604,0.95528542303164,10,0.5400000000000001
threshold_43,threshold,3,3,4,3.141942773326277,0.8656348266737247,9,0.5000000000000001
threshold_43,threshold,3,4,4,3.115250718020395,0.892326881979606,10,0.5200000000000001
threshold_43,threshold,3,5,4,3.1477162222713666,0.8598613777286326,9,0.48000000000000015
threshold_43,threshold,3,6,4,3.1589060641936335,0.8486715358063665,9,0.48000000000000015
threshold_43,threshold,3,7,4,3.1380269339535483,0.8695506660464511,9,0.48000000000000015
threshold_43,threshold,3,8,4,3.016565698353221,0.9910119016467779,10,0.5800000000000002
threshold_43,threshold,3,9,4,3.2258209719677042,0.7817566280322966,9,0.4200000000000001
threshold_43,threshold,3,0,5,3.251629002954684,0.7559485970453166,8,0.38000000000000006
threshold_43,threshold,3,1,5,2.984354685351718,1.0232229146482816,10,0.5600000000000002
threshold_43,threshold,3,2,5,3.0968284926452228,0.9107491073547784,9,0.5000000000000001
threshold_43,threshold,3,3,5,3.1208853463924084,0.8866922536075917,9,0.48000000000000015
threshold_43,threshold,3,4,5,3.119986794766872,0.8875908052331275,10,0.5000000000000001
threshold_43,threshold,3,5,5,3.2027589612335268,0.8048186387664743,8,0.4400000000000001
threshold_43,threshold,3,6,5,3.199257791214576,0.8083198087854243,9,0.4400000000000001
threshold_43,threshold,3,7,5,3.1211706960266468,0.8864069039733545,9,0.48000000000000015
threshold_43,threshold,3,8,5,3.066213960590177,0.9413636394098239,10,0.5400000000000001
threshold_43,threshold,3,9,5,3.2388675338386577,0.7687100661613421,8,0.4000000000000001
threshold_43,threshold,3,0,6,3.255936759679798,0.7516408403202037,8,0.38000000000000006
threshold_43,threshold,3,1,6,2.9747470988392246,1.0328305011607768,10,0.5600000000000002
threshold_43,threshold,3,2,6,3.1179681710337137,0.8896094289662857,9,0.5000000000000001
threshold_43,threshold,3,3,6,3.1578136815098583,0.8497639184901423,9,0.48000000000000015
threshold_43,threshold,3,4,6,3.187011748532557,0.8205658514674429,9,0.48000000000000015
threshold_43,threshold,3,5,6,3.1919331365389083,0.8156444634610932,9,0.48000000000000015
threshold_43,threshold,3,6,6,3.1682197697323558,0.8393578302676437,9,0.5000000000000001
threshold_43,threshold,3,7,6,3.1509162655368246,0.8566613344631763,9,0.48000000000000015
threshold_43,threshold,3,8,6,3.0372830979890213,0.9702945020109794,10,0.5200000000000001
threshold_43,threshold,3,9,6,3.247808500608349,0.7597690993916513,8,0.4000000000000001
threshold_43,threshold,3,0,7,3.247142493552222,0.7604351064477771,8,0.36000000000000004
threshold_43,threshold,3,1,7,2.9800592533777013,1.027518346622299,9,0.5400000000000001
threshold_43,threshold,3,2,7,3.1336119462512713,0.8739656537487294,10,0.5200000000000001
threshold_43,threshold,3,3,7,3.149984447025129,0.8575931529748709,9,0.5000000000000001
threshold_43,threshold,3,4,7,3.1113858243246244,0.8961917756753749,9,0.5200000000000001
threshold_43,threshold,3,5,7,3.1610728063973457,0.8465047936026552,9,0.46000000000000013
threshold_43,threshold,3,6,7,3.10219389485292,0.9053837051470816,10,0.5200000000000001
threshold_43,threshold,3,7,7,3.0832984846245655,0.9242791153754337,9,0.48000000000000015
threshold_43,threshold,3,8,7,3.0171306829087428,0.9904469170912589,10,0.5600000000000002
threshold_43,threshold,3,9,7,3.2486024772823896,0.7589751227176124,8,0.38000000000000006
threshold_43,threshold,3,0,8,3.1968209778018912,0.8107566221981086,9,0.48000000000000015
threshold_43,threshold,3,1,8,2.895010221494183,1.1125673785058166,10,0.5800000000000002
threshold_43,threshold,3,2,8,2.9700721529145726,1.0375054470854284,10,0.5800000000000002
threshold_43,threshold,3,3,8,3.064701913243308,0.9428756867566912,9,0.5200000000000001
threshold_43,threshold,3,4,8,3.011577360237103,0.9960002397628972,10,0.5400000000000001
threshold_43,threshold,3,5,8,3.033125604168061,0.9744519958319389,10,0.5400000000000001
threshold_43,threshold,3,6,8,3.0171423855436412,0.990435214456358,10,0.5600000000000002
threshold_43,threshold,3,7,8,2.9915220673746985,1.0160555326253018,9,0.5400000000000001
threshold_43,threshold,3,8,8,2.909559441095741,1.0980181589042606,10,0.5800000000000002
threshold_43,threshold,3,9,8,3.1529627501646433,0.8546148498353563,9,0.5000000000000001
threshold_43,threshold,3,0,9,3.313497573660456,0.6940800263395431,6,0.25999999999999995
threshold_43,threshold,3,1,9,3.165743838510203,0.8418337614897969,9,0.5000000000000001
threshold_43,threshold,3,2,9,3.253020039023888,0.7545575609761135,8,0.4000000000000001
threshold_43,threshold,3,3,9,3.2414659933787213,0.7661116066212784,8,0.38000000000000006
threshold_43,threshold,3,4,9,3.2263048213640637,0.7812727786359365,8,0.36000000000000004
threshold_43,threshold,3,5,9,3.233252535013117,0.7743250649868832,9,0.4400000000000001
threshold_43,threshold,3,6,9,3.2449011682990765,0.7626764317009246,8,0.38000000000000006
threshold_43,threshold,3,7,9,3.230143889627312,0.7774337103726885,7,0.38000000000000006
threshold_43,threshold,3,8,9,3.1395974872520798,0.8679801127479192,9,0.5000000000000001
threshold_43,threshold,3,9,9,3.301390043080338,0.7061875569196611,4,0.21999999999999997
